codigo_empresa;tipo_colaborador;cadastro_colaborador;data_alteracao;categoria_colaborador
8;1;19;01/07/1950;722
2;1;27;01/06/2001;722
2;1;35;01/06/2001;722
2;1;43;01/06/2001;722
8;1;78;15/04/1966;722
8;1;141;01/11/1967;101
8;1;2968;04/12/1974;101
8;1;6947;20/01/1976;722
8;1;6970;06/01/1976;101
8;1;8150;04/03/1976;722
8;1;14290;01/06/1977;101
8;1;19940;06/03/1978;101
8;1;21563;22/05/1978;101
8;1;21831;19/06/1978;101
8;1;22501;07/08/1978;101
8;1;24554;03/10/1978;101
8;1;24775;01/08/1950;722
8;1;33588;18/12/1979;101
8;1;36200;16/02/1980;101
8;1;44105;18/11/1980;101
8;1;48127;16/07/1981;101
8;1;53970;18/01/1982;101
8;1;57240;03/04/1982;101
8;1;57941;18/05/1982;101
8;1;58416;04/06/1982;101
8;1;59323;13/07/1982;101
8;1;59986;05/08/1982;101
8;1;60160;02/08/1982;101
8;1;61905;01/11/1982;101
8;1;62227;16/11/1982;101
8;1;65950;24/03/1983;101
8;1;67563;14/06/1983;101
276;1;67563;14/06/1983;101
8;1;69965;05/08/1983;101
8;1;70734;17/09/1983;101
8;1;71617;01/10/1983;101
8;1;71749;14/10/1983;101
8;1;71838;10/10/1983;101
8;1;77630;26/12/1983;101
8;1;79952;01/03/1984;101
8;1;80000;05/01/1999;101
8;1;80001;13/01/1999;101
8;1;80002;11/01/1999;101
8;1;80003;21/10/1998;101
8;1;80004;01/10/1998;101
8;1;80005;13/10/1998;101
8;1;80006;21/10/1998;101
8;1;80007;21/10/1998;101
8;1;80008;02/10/1998;101
8;1;80009;02/10/1998;101
8;1;80010;23/10/1998;101
8;1;80011;01/10/1998;101
8;1;80012;01/03/1984;101
8;1;80013;02/10/1998;101
8;1;80014;15/10/1998;101
8;1;80015;10/11/1998;101
8;1;80016;19/10/1998;101
8;1;80017;20/10/1998;101
8;1;80018;02/01/1999;101
8;1;80019;23/10/2000;101
8;1;80020;03/11/1998;101
8;1;80021;05/11/1998;101
8;1;80022;12/12/1998;101
4;1;80023;13/11/1998;101
8;1;80024;03/11/1998;101
8;1;80025;15/10/1998;101
8;1;80026;23/11/1998;101
8;1;80027;02/12/1998;101
8;1;80028;06/11/1998;101
8;1;80029;16/11/1998;101
8;1;80030;21/12/1998;101
8;1;80031;24/11/1998;101
8;1;80032;16/11/1998;101
8;1;80033;04/12/1998;101
8;1;80034;01/12/1998;101
8;1;80035;05/11/1998;101
8;1;80036;23/12/1998;101
8;1;80037;05/11/1998;101
8;1;80038;06/11/1998;101
8;1;80039;14/10/1998;101
8;1;80040;01/12/1998;101
8;1;80041;02/12/1998;101
8;1;80042;01/12/1998;101
8;1;80043;18/11/1998;101
8;1;80044;18/11/1998;101
8;1;80045;01/12/1998;101
8;1;80046;03/11/1998;101
8;1;80047;16/11/1998;101
8;1;80048;03/11/1998;101
8;1;80049;20/11/1998;101
8;1;80050;16/11/1998;101
8;1;80051;16/11/1998;101
8;1;80052;07/11/1998;101
8;1;80053;16/10/1998;101
8;1;80054;16/10/1998;101
8;1;80055;08/10/1998;101
8;1;80056;03/10/1998;101
8;1;80057;05/10/1998;101
8;1;80058;01/12/1998;101
8;1;80059;19/01/1999;101
8;1;80060;17/12/1998;101
8;1;80061;16/11/1998;101
8;1;80062;16/01/1999;101
8;1;80063;16/01/1999;101
8;1;80064;20/01/1999;101
8;1;80065;19/01/1999;101
8;1;80066;08/02/1999;101
8;1;80067;01/02/1999;101
8;1;80068;04/02/1999;101
8;1;80069;10/02/1999;101
8;1;80070;18/02/1999;101
4;1;80071;17/03/1999;101
8;1;80072;22/03/1999;101
8;1;80073;02/10/1998;101
8;1;80074;05/04/1999;101
8;1;80075;05/04/1999;101
8;1;80076;12/04/1999;101
8;1;80077;01/04/1999;101
8;1;80078;12/04/1999;101
8;1;80079;22/04/1999;101
8;1;80080;12/04/1999;101
8;1;80082;03/05/1999;101
8;1;80084;10/05/1999;101
8;1;80085;10/05/1999;101
8;1;80087;27/05/1999;101
8;1;80088;25/05/1999;101
8;1;80090;02/06/1999;101
8;1;80091;06/07/1999;101
8;1;80092;11/06/1999;101
8;1;80093;07/06/1999;101
8;1;80094;15/06/1999;101
8;1;80095;15/06/1999;101
8;1;80096;20/07/1999;101
4;1;80097;02/08/1999;101
4;1;80098;02/08/1999;101
8;1;80099;02/08/1999;101
8;1;80100;13/07/1999;101
8;1;80101;09/07/1999;101
8;1;80102;16/11/1999;101
8;1;80103;08/11/1999;101
8;1;80104;25/11/1999;101
8;1;80105;22/11/1999;101
8;1;80106;01/11/1999;101
8;1;80107;15/12/1999;101
8;1;80108;17/12/1999;101
8;1;80109;15/12/1999;101
8;1;80110;22/12/1999;101
8;1;80111;10/01/2000;101
8;1;80112;03/12/1999;101
8;1;80113;07/12/1999;101
8;1;80114;16/02/2000;101
8;1;80115;07/02/2000;101
8;1;80116;09/03/2000;101
8;1;80117;01/06/2000;101
8;1;80118;02/10/2000;101
8;1;80120;01/11/2000;101
8;1;80121;07/11/2000;101
8;1;80122;07/11/2000;101
8;1;80123;07/11/2000;101
8;1;80124;13/11/2000;101
8;1;80125;24/11/2000;101
8;1;80126;04/12/2000;101
8;1;80127;20/12/2000;101
8;1;80128;05/02/2001;101
8;1;80129;09/03/2001;101
8;1;80130;01/04/2001;101
8;1;80131;18/05/2001;101
8;1;80132;02/08/2001;101
8;1;80133;06/08/2001;101
8;1;80134;01/09/2001;101
8;1;80135;01/11/2001;101
8;1;80136;16/11/2001;101
8;1;80137;27/11/2001;101
8;1;80138;27/11/2001;101
8;1;80139;24/11/2001;101
8;1;80140;24/11/2001;101
4;1;80141;20/11/2001;101
8;1;80142;28/11/2001;101
8;1;80143;28/11/2001;101
8;1;80144;28/11/2001;101
8;1;80145;28/11/2001;101
8;1;80146;28/11/2001;101
8;1;80147;27/11/2001;101
8;1;80148;27/11/2001;101
8;1;80149;27/11/2001;101
8;1;80150;27/11/2001;101
8;1;80151;27/11/2001;101
8;1;80152;27/11/2001;101
8;1;80153;27/11/2001;101
8;1;80154;10/12/2001;101
8;1;80155;18/12/2001;101
8;1;80156;01/12/2001;101
8;1;80157;02/01/2002;101
8;1;80158;10/01/2002;101
8;1;80159;21/01/2002;101
8;1;80160;03/12/2001;101
8;1;80161;11/01/2002;101
8;1;80162;20/03/2002;101
8;1;80163;20/03/2002;101
8;1;80164;05/04/2002;101
8;1;80165;03/04/2002;101
8;1;80166;03/04/2002;101
8;1;80167;04/04/2002;101
8;1;80176;04/04/2002;101
8;1;80177;18/04/2002;101
8;1;80178;02/05/2002;101
8;1;80179;02/05/2002;101
8;1;80180;02/05/2002;101
8;1;80181;02/05/2002;101
8;1;80182;10/05/2002;101
8;1;80183;10/05/2002;101
8;1;80184;07/05/2002;101
8;1;80185;09/05/2002;101
8;1;80187;15/05/2002;101
8;1;80189;20/05/2002;101
8;1;80190;20/05/2002;101
8;1;80191;01/06/2002;101
8;1;80192;01/06/2002;101
8;1;80193;04/06/2002;101
8;1;80194;01/06/2002;101
8;1;80195;12/06/2002;101
8;1;80196;12/06/2002;101
8;1;80197;19/06/2002;101
8;1;80198;20/06/2002;101
8;1;80199;19/06/2002;101
8;1;80200;08/07/2002;101
8;1;80201;15/07/2002;101
8;1;80202;10/07/2002;101
8;1;80203;20/08/2002;101
8;1;80204;09/08/2002;101
8;1;80205;12/08/2002;101
8;1;80206;13/08/2002;101
8;1;80207;20/08/2002;101
8;1;80208;03/09/2002;101
8;1;80209;02/09/2002;101
8;1;80210;02/09/2002;101
8;1;80211;16/09/2002;101
8;1;80212;04/10/2002;101
8;1;80213;11/10/2002;101
8;1;80214;11/10/2002;101
8;1;80215;11/10/2002;101
8;1;80216;11/10/2002;101
8;1;80217;16/10/2002;101
8;1;80218;01/11/2002;101
8;1;80219;01/11/2002;101
8;1;80220;01/11/2002;101
8;1;80221;20/11/2002;101
8;1;80222;02/12/2002;101
8;1;80223;02/12/2002;101
8;1;80224;02/12/2002;101
8;1;80225;09/12/2002;101
8;1;80226;11/12/2002;101
8;1;80227;13/12/2002;101
8;1;80228;13/12/2002;101
8;1;80229;21/01/2003;101
8;1;80230;03/02/2003;101
8;1;80232;18/02/2003;101
8;1;80233;20/02/2003;101
8;1;80234;01/03/2003;101
8;1;80235;17/03/2003;101
8;1;80236;04/04/2003;101
8;1;80237;07/04/2003;101
8;1;80238;08/04/2003;101
8;1;80239;19/05/2003;101
8;1;80240;09/06/2003;101
8;1;80241;17/06/2003;101
8;1;80242;16/06/2003;101
8;1;80243;14/07/2003;101
8;1;80244;01/08/2003;101
8;1;80245;01/08/2003;101
8;1;80247;05/08/2003;101
8;1;80249;06/08/2003;101
8;1;80250;14/08/2003;101
8;1;80251;25/08/2003;101
8;1;80252;01/09/2003;101
8;1;80253;01/09/2003;101
8;1;80254;01/09/2003;101
8;1;80255;01/09/2003;101
8;1;80256;08/09/2003;101
8;1;80257;15/09/2003;101
8;1;80258;01/10/2003;101
8;1;80259;01/10/2003;101
8;1;80260;07/10/2003;101
8;1;80261;21/10/2003;101
8;1;80262;21/10/2003;101
8;1;80263;01/11/2003;101
8;1;80264;01/11/2003;101
8;1;80265;10/11/2003;101
8;1;80266;01/11/2003;101
8;1;80268;17/11/2003;101
8;1;80269;18/11/2003;101
8;1;80270;01/12/2003;101
8;1;80271;10/12/2003;101
8;1;80272;09/12/2003;101
8;1;80273;09/12/2003;101
8;1;80274;01/12/2003;101
8;1;80275;01/12/2003;101
8;1;80276;09/12/2003;101
8;1;80277;01/12/2003;101
8;1;80278;01/12/2003;101
8;1;80279;10/12/2003;101
8;1;80280;02/01/2004;101
8;1;80281;02/02/2004;101
8;1;80282;19/02/2004;101
8;1;80283;03/03/2004;101
8;1;80284;08/03/2004;101
8;1;80285;10/03/2004;101
8;1;80286;17/03/2004;101
8;1;80287;22/03/2004;101
8;1;80288;01/04/2004;101
8;1;80289;05/04/2004;101
8;1;80290;03/05/2004;101
8;1;80291;03/05/2004;101
8;1;80292;17/05/2004;101
8;1;80293;17/05/2004;101
8;1;80294;01/06/2004;101
8;1;80295;08/06/2004;101
8;1;80296;18/08/2004;101
8;1;80297;23/08/2004;101
8;1;80298;01/09/2004;101
8;1;80299;15/09/2004;101
8;1;80300;21/09/2004;101
8;1;80301;22/09/2004;101
8;1;80302;01/10/2004;101
8;1;80303;01/10/2004;101
8;1;80304;06/10/2004;101
8;1;80305;13/10/2004;101
8;1;80306;20/10/2004;101
8;1;80307;01/11/2004;101
8;1;80308;01/11/2004;101
8;1;80309;01/12/2004;101
8;1;80310;01/11/2004;101
8;1;80311;01/11/2004;101
8;1;80312;03/11/2004;101
8;1;80313;03/11/2004;101
8;1;80314;08/11/2004;101
8;1;80315;17/11/2004;101
8;1;80316;18/11/2004;101
8;1;80317;22/11/2004;101
8;1;80318;01/12/2004;101
8;1;80319;01/12/2004;101
8;1;80320;01/12/2004;101
8;1;80321;11/02/2003;101
8;1;80322;10/12/2004;101
8;1;80323;10/12/2004;101
8;1;80324;10/12/2004;101
8;1;80325;10/12/2004;101
8;1;80326;10/12/2004;101
8;1;80327;10/12/2004;101
8;1;80328;10/12/2004;101
8;1;80329;01/12/2004;101
8;1;80330;01/12/2004;101
8;1;80331;01/12/2004;101
8;1;80332;01/12/2004;101
8;1;80333;01/12/2004;101
8;1;80334;01/12/2004;101
8;1;80335;01/12/2004;101
8;1;80336;02/12/2004;101
8;1;80337;02/12/2004;101
8;1;80338;03/12/2004;101
8;1;80339;01/12/2004;101
8;1;80340;01/12/2004;101
8;1;80341;01/12/2004;101
8;1;80342;16/12/2004;101
8;1;80343;10/01/2005;101
8;1;80348;10/10/2005;101
276;1;80352;16/12/2004;101
8;1;80353;17/01/2005;101
8;1;80354;11/02/2005;101
8;1;80355;01/03/2005;101
8;1;80356;07/03/2005;101
4;1;80357;16/03/2005;101
4;1;80358;16/03/2005;101
8;1;80359;08/03/2005;101
8;1;80360;23/03/2005;101
8;1;80361;21/03/2005;101
8;1;80362;07/04/2005;101
8;1;80363;01/04/2005;101
8;1;80364;01/04/2005;101
8;1;80365;01/04/2005;101
8;1;80366;05/04/2005;101
8;1;80367;16/05/2005;101
8;1;80368;01/06/2005;101
8;1;80369;06/06/2005;101
8;1;80370;14/06/2005;101
8;1;80371;08/06/2005;101
8;1;80372;03/11/1998;101
8;1;80373;08/03/1999;101
8;1;80374;11/07/2005;101
8;1;80375;18/07/2005;101
8;1;80376;01/08/2005;101
8;1;80377;05/08/2005;101
8;1;80378;05/09/2005;101
8;1;80379;05/09/2005;101
8;1;80380;19/09/2005;101
8;1;80381;05/10/2005;101
8;1;80382;01/10/2005;101
8;1;80383;05/10/2005;101
8;1;80385;01/12/2005;101
8;1;80386;05/12/2005;101
8;1;80387;04/01/2006;101
8;1;80388;11/01/2006;101
4;1;80389;08/02/2006;101
8;1;80390;01/02/2006;101
8;1;80391;15/02/2006;101
8;1;80392;13/02/2006;101
8;1;80393;06/03/2006;101
8;1;80394;16/03/2006;101
8;1;80395;07/03/2006;101
8;1;80396;02/05/2006;101
8;1;80397;19/06/2006;101
8;1;80398;14/07/2006;101
8;1;80399;03/08/2006;101
8;1;80400;01/09/2006;101
8;1;80401;05/12/2006;101
8;1;80402;12/12/2006;101
8;1;80403;08/01/2007;101
8;1;80900;05/04/1984;101
8;1;81329;01/04/1984;722
8;1;81876;23/05/1984;101
8;1;83071;23/07/1984;101
8;1;84069;05/06/1984;101
8;1;85171;05/09/1984;101
8;1;85383;18/09/1984;101
8;1;86941;17/10/1984;101
8;1;87564;09/10/1984;101
8;1;88773;12/11/1984;101
8;1;92207;02/01/1985;101
8;1;93645;25/02/1985;101
8;1;93921;01/03/1985;101
8;1;95401;02/04/1985;101
8;1;97896;04/06/1985;101
6;1;100000;18/05/1989;722
6;1;100013;01/12/1998;101
6;1;100022;18/05/1989;722
8;1;100871;01/08/1985;101
8;1;102521;05/09/1985;101
8;1;105724;04/11/1985;101
8;1;106712;01/11/1985;101
8;1;107255;04/11/1985;101
8;1;107573;04/11/1985;101
8;1;109266;02/12/1985;101
8;1;109576;02/12/1985;101
8;1;110604;03/05/1982;101
8;1;112194;03/02/1986;101
8;1;112577;04/02/1986;101
8;1;113239;18/02/1986;101
8;1;113778;05/03/1986;101
8;1;113964;01/03/1986;101
8;1;115274;05/05/1986;101
8;1;115703;15/05/1986;101
8;1;116017;22/05/1986;101
8;1;116131;19/05/1986;101
276;1;116131;19/05/1986;101
8;1;116165;19/05/1986;101
8;1;116203;19/05/1986;101
8;1;116360;27/05/1986;101
8;1;118206;10/07/1986;101
8;1;118699;08/07/1986;101
8;1;119636;12/08/1986;101
8;1;119784;13/08/1986;101
8;1;120219;22/08/1986;101
8;1;120367;07/08/1986;101
8;1;120766;04/09/1986;101
8;1;121355;01/09/1986;101
8;1;121827;22/09/1986;101
8;1;123978;24/10/1986;101
8;1;124982;04/11/1986;101
8;1;125024;05/11/1986;101
8;1;125504;03/11/1986;101
8;1;126969;03/11/1986;101
8;1;128112;13/11/1986;101
8;1;128228;12/11/1986;101
8;1;131555;09/12/1986;101
8;1;132331;09/12/1986;101
8;1;132420;15/12/1986;101
8;1;133388;16/01/1987;101
8;1;134783;15/04/1987;101
8;1;135062;01/12/1986;101
8;1;135186;16/12/1986;101
8;1;137031;08/06/1987;101
8;1;137987;09/06/1977;101
8;1;138011;16/09/1976;101
8;1;138550;23/11/1979;101
8;1;138631;22/07/1987;101
8;1;139106;17/08/1987;101
4;1;139106;17/08/1987;101
8;1;139424;18/08/1987;101
8;1;139653;01/09/1987;101
8;1;140066;01/09/1987;101
8;1;140473;03/09/1987;101
8;1;140490;11/09/1987;101
8;1;140571;01/07/1966;101
8;1;140678;02/06/1977;101
8;1;140686;21/12/1976;101
8;1;140759;04/12/1981;101
8;1;140775;20/03/1978;101
8;1;140848;16/11/1985;101
8;1;140945;05/11/1987;101
8;1;142018;23/11/1987;101
8;1;142166;01/10/1987;101
8;1;142689;21/07/1981;101
8;1;144916;01/12/1987;101
4;1;145459;10/11/1981;101
8;1;145459;10/11/1981;101
8;1;145513;01/08/1979;101
8;1;146609;19/05/1980;101
8;1;146617;15/12/1977;101
8;1;147915;24/09/1987;101
8;1;147940;28/09/1987;101
8;1;149021;23/11/1987;101
8;1;149063;18/11/1987;101
8;1;149128;05/11/1980;101
8;1;149144;12/05/1975;101
8;1;149179;07/10/1987;101
8;1;149489;01/10/1987;101
8;1;150304;03/11/1987;101
8;1;151874;09/02/1988;101
8;1;152323;24/02/1988;101
8;1;152633;02/03/1988;101
8;1;152790;08/06/1976;101
8;1;153168;14/03/1988;101
8;1;153443;16/03/1988;101
8;1;153940;21/03/1988;101
8;1;154148;24/03/1988;101
8;1;154237;02/04/1988;101
8;1;154491;04/04/1988;101
8;1;154555;12/04/1988;101
8;1;154938;04/04/1988;101
8;1;155039;19/04/1988;101
8;1;155161;05/04/1988;101
8;1;155314;02/09/1982;101
8;1;155632;19/12/1978;101
8;1;156230;07/12/1981;101
8;1;156370;16/05/1988;101
8;1;156515;16/05/1988;101
8;1;156876;02/04/1979;101
8;1;156914;23/05/1988;101
8;1;157040;01/06/1988;101
8;1;157228;14/06/1988;101
8;1;157392;13/06/1988;101
8;1;157538;27/06/1988;101
8;1;157554;01/07/1988;101
8;1;157741;29/06/1983;101
8;1;157759;11/04/1983;101
8;1;157783;01/07/1988;101
8;1;158453;20/09/1982;101
8;1;158615;22/08/1988;101
8;1;158747;15/08/1988;101
8;1;158836;22/08/1988;101
8;1;159239;01/09/1988;101
8;1;159727;09/11/1981;101
8;1;159816;07/10/1988;101
8;1;160521;17/11/1988;101
8;1;160750;14/11/1988;101
8;1;160784;14/11/1988;101
8;1;160989;01/09/1982;101
8;1;161004;09/07/1984;101
8;1;161144;01/11/1988;101
8;1;161489;21/11/1988;101
8;1;161641;26/11/1988;101
8;1;165140;01/12/1988;101
8;1;165174;07/12/1988;101
8;1;166863;01/01/1989;101
8;1;166898;02/01/1989;101
8;1;167142;20/01/1989;101
8;1;167355;01/02/1989;101
8;1;167908;22/02/1989;101
8;1;168262;02/03/1989;101
8;1;168297;06/03/1989;101
8;1;168301;06/03/1989;101
8;1;168459;09/03/1989;101
8;1;168602;01/03/1989;101
8;1;168769;01/03/1989;101
8;1;168815;01/03/1989;101
8;1;169293;20/03/1989;101
8;1;169391;20/03/1989;101
8;1;169749;20/03/1989;101
8;1;170208;01/04/1989;101
8;1;170739;03/04/1989;101
8;1;170992;01/04/1989;101
8;1;171115;01/11/1985;101
8;1;171255;10/04/1989;101
8;1;171565;24/04/1989;101
8;1;172057;02/05/1989;101
8;1;172260;01/05/1989;101
8;1;172502;02/05/1989;101
8;1;172685;02/05/1989;101
8;1;173011;02/05/1989;101
8;1;173070;15/05/1989;101
8;1;173363;05/05/1989;101
8;1;173410;09/05/1989;101
8;1;173720;18/05/1989;101
8;1;173789;15/05/1989;101
8;1;173819;26/05/1989;101
8;1;173843;01/05/1989;101
8;1;173967;05/05/1989;101
8;1;173983;22/05/1989;101
8;1;174173;01/06/1989;101
8;1;174289;01/05/1989;101
8;1;174327;01/06/1989;101
8;1;174335;01/07/1989;101
8;1;174467;01/06/1989;101
8;1;175170;16/06/1989;101
8;1;175307;05/06/1989;101
8;1;175366;16/06/1989;101
8;1;175498;08/06/1989;101
8;1;175706;01/06/1989;101
8;1;175803;20/06/1989;101
8;1;175901;14/06/1989;101
8;1;175935;15/06/1989;101
8;1;176061;19/11/1987;101
8;1;176125;01/07/1989;101
8;1;176192;05/07/1989;101
8;1;176290;16/07/1989;101
8;1;176427;04/07/1989;101
8;1;176699;12/02/1986;101
8;1;176737;11/07/1989;101
8;1;176796;09/10/1981;101
8;1;176842;03/04/1987;101
8;1;177202;13/07/1989;101
8;1;177229;02/07/1989;101
8;1;177407;20/07/1989;101
8;1;177636;01/08/1989;101
8;1;177806;01/08/1989;101
8;1;177903;01/08/1989;101
8;1;177997;01/08/1989;101
8;1;178454;01/08/1989;101
8;1;178497;04/08/1989;101
8;1;178594;01/09/1989;101
8;1;178713;01/08/1989;101
8;1;178853;01/08/1989;101
8;1;178900;10/08/1989;101
8;1;178951;02/08/1989;101
8;1;179370;01/08/1989;101
8;1;179477;22/08/1989;101
8;1;179728;23/03/1984;101
8;1;179957;01/09/1989;101
8;1;180106;01/09/1989;101
8;1;180157;01/09/1989;101
8;1;180360;01/09/1989;101
8;1;180424;11/09/1989;101
8;1;180564;04/09/1989;101
8;1;180777;01/09/1989;101
8;1;181129;01/04/1979;101
8;1;181242;18/09/1989;101
8;1;181650;20/09/1989;101
8;1;181731;01/10/1989;101
8;1;182061;01/10/1989;101
8;1;182214;01/09/1983;101
8;1;182222;09/05/1984;101
8;1;182401;05/10/1989;101
8;1;182630;02/10/1989;101
8;1;182974;19/10/1989;101
8;1;183059;20/10/1989;101
8;1;183768;07/03/1983;101
8;1;184292;20/11/1989;101
8;1;184331;20/02/1979;101
8;1;184501;07/11/1989;101
8;1;184535;01/11/1989;101
8;1;184608;01/12/1989;101
8;1;187682;01/12/1989;101
8;1;188166;11/08/1986;101
8;1;189545;01/12/1989;101
8;1;189600;18/12/1989;101
8;1;189715;16/12/1989;101
8;1;189944;02/01/1990;101
8;1;190047;16/04/1986;101
8;1;190250;02/01/1990;101
8;1;190942;25/01/1985;101
8;1;191124;05/03/1990;101
8;1;191540;07/03/1990;101
8;1;191736;06/03/1990;101
8;1;191949;16/01/1990;101
8;1;192015;01/10/1984;101
8;1;192139;01/02/1990;101
8;1;192767;01/04/1990;101
8;1;193003;01/02/1990;101
8;1;193208;01/02/1990;101
8;1;193224;11/04/1990;101
8;1;193267;06/02/1990;101
8;1;193534;08/02/1990;101
8;1;193895;13/02/1990;101
8;1;194433;01/05/1990;101
8;1;194697;14/02/1990;101
8;1;194719;13/03/1990;101
8;1;194727;13/03/1990;101
8;1;194948;14/02/1990;101
8;1;195022;15/02/1990;101
8;1;195103;16/02/1990;101
8;1;195243;08/03/1990;101
8;1;195413;19/03/1990;101
8;1;195855;05/03/1990;101
8;1;195944;14/03/1990;101
8;1;196258;07/04/1983;101
8;1;196410;02/05/1990;101
8;1;196533;10/05/1990;101
8;1;196738;02/05/1990;101
8;1;196746;11/05/1990;101
8;1;196797;03/05/1990;101
8;1;196878;14/05/1990;101
8;1;197254;11/05/1990;101
8;1;197386;01/06/1990;101
8;1;197505;03/06/1985;101
8;1;197670;01/06/1990;101
8;1;197866;01/06/1990;101
8;1;198153;08/06/1990;101
8;1;198455;21/11/1985;101
8;1;198510;02/07/1990;101
8;1;198714;13/06/1990;101
8;1;198749;11/06/1990;101
8;1;199125;01/08/1990;101
8;1;199133;07/01/1980;101
8;1;199320;01/08/1990;101
8;1;199575;01/08/1990;101
8;1;199664;01/08/1990;101
8;1;199672;01/08/1990;101
8;1;199770;02/08/1990;101
8;1;199851;01/04/1978;101
8;1;199907;01/08/1990;101
8;1;199958;24/09/1987;101
8;1;200000;18/07/1978;101
8;1;200034;11/07/1990;101
8;1;200221;02/07/1990;101
8;1;200310;12/07/1990;101
8;1;200387;19/07/1990;101
8;1;200484;03/07/1990;101
8;1;200522;21/05/1984;101
8;1;200531;07/06/1985;101
8;1;200719;13/08/1990;101
8;1;200956;01/08/1990;101
8;1;201057;01/03/1982;101
8;1;201103;19/10/1988;101
8;1;201472;01/09/1990;101
8;1;201723;01/09/1990;101
8;1;201766;14/09/1990;101
8;1;201898;03/09/1990;101
8;1;202088;15/03/1977;101
8;1;202274;10/09/1990;101
8;1;202282;17/09/1990;101
8;1;202517;01/09/1990;101
8;1;202592;03/09/1990;101
8;1;202738;24/09/1990;101
8;1;202941;01/09/1990;101
8;1;203033;21/01/1986;101
8;1;203092;01/10/1990;101
8;1;203343;01/10/1990;101
8;1;203432;12/10/1990;101
8;1;203556;01/10/1990;101
8;1;203602;04/10/1990;101
8;1;203947;15/10/1990;101
8;1;204048;10/10/1990;101
8;1;204838;22/10/1990;101
8;1;205079;09/10/1990;101
8;1;205109;15/10/1990;101
8;1;205320;20/10/1986;101
8;1;205338;24/09/1984;101
8;1;205389;17/04/1978;101
8;1;205419;18/06/1984;101
8;1;205541;17/10/1990;101
8;1;205656;23/10/1990;101
8;1;205702;17/10/1990;101
8;1;205842;05/08/1986;101
8;1;205851;28/09/1987;101
8;1;205915;18/06/1984;101
8;1;205923;02/09/1985;101
8;1;206008;15/03/1989;101
8;1;206041;19/10/1990;101
8;1;206156;20/10/1990;101
8;1;206202;01/10/1990;101
8;1;206211;16/10/1990;101
8;1;206423;01/11/1990;101
8;1;206661;05/11/1990;101
8;1;206687;07/11/1990;101
8;1;206814;01/11/1990;101
8;1;207128;09/11/1990;101
8;1;207152;09/11/1990;101
8;1;207161;13/11/1990;101
8;1;207357;16/11/1990;101
8;1;207454;01/11/1990;101
8;1;207501;13/11/1990;101
8;1;207608;13/11/1990;101
8;1;207624;17/11/1990;101
8;1;207659;19/11/1990;101
8;1;207756;16/11/1990;101
8;1;207900;02/04/1979;101
8;1;207951;01/12/1980;101
8;1;207985;21/09/1987;101
8;1;208183;01/12/1990;101
8;1;208264;01/12/1990;101
8;1;208353;01/12/1990;101
8;1;209694;03/03/1986;101
8;1;209708;17/11/1987;101
8;1;210552;05/12/1990;101
8;1;212466;01/12/1990;101
8;1;212474;01/12/1990;101
8;1;212768;18/12/1990;101
8;1;212831;01/12/1990;101
8;1;212954;01/12/1990;101
8;1;212989;01/12/1990;101
8;1;212997;01/12/1990;101
8;1;213110;01/01/1991;101
8;1;213187;01/01/1991;101
8;1;213608;11/03/1982;101
8;1;213641;01/08/1985;101
8;1;213659;16/12/1983;101
8;1;213705;05/12/1985;101
8;1;214019;24/01/1991;101
8;1;214167;09/04/1985;101
8;1;214337;01/02/1991;101
8;1;214591;01/03/1991;101
8;1;214604;11/03/1991;101
8;1;214752;06/03/1991;101
8;1;214892;03/04/1989;101
8;1;214949;01/03/1991;101
8;1;214973;06/03/1991;101
8;1;214990;04/12/1978;101
8;1;215261;01/04/1987;101
8;1;215279;01/04/1991;101
8;1;215368;17/03/1989;101
8;1;215457;01/04/1991;101
8;1;215503;10/11/1977;101
8;1;215520;16/06/1986;101
8;1;215589;01/03/1991;101
8;1;215601;16/04/1984;101
8;1;215627;04/03/1991;101
8;1;215759;01/04/1991;101
8;1;215775;04/04/1991;101
8;1;215848;01/04/1991;101
8;1;216101;15/04/1991;101
8;1;216160;10/04/1991;101
8;1;216259;15/04/1991;101
8;1;216364;15/04/1991;101
8;1;216411;11/04/1991;101
8;1;216569;02/04/1991;101
8;1;216739;01/04/1991;101
8;1;216836;01/05/1991;101
8;1;216992;01/05/1991;101
8;1;217018;06/01/1985;101
8;1;217077;10/05/1991;101
8;1;217085;01/05/1991;101
8;1;217450;25/09/1978;101
8;1;217557;07/05/1991;101
8;1;217638;02/05/1991;101
8;1;217671;03/05/1991;101
8;1;217794;01/05/1991;101
8;1;217816;08/05/1986;101
8;1;217824;06/05/1991;101
8;1;217841;16/05/1991;101
8;1;218154;21/05/1991;101
8;1;218189;01/06/1991;101
8;1;218201;01/05/1991;722
8;1;218219;01/06/1991;101
8;1;218375;04/06/1991;101
8;1;218413;03/06/1991;101
8;1;218677;03/06/1991;101
8;1;218758;03/06/1991;101
8;1;218774;03/06/1991;101
8;1;218791;03/06/1991;101
8;1;218839;01/06/1991;101
8;1;218880;01/06/1991;101
8;1;218936;11/06/1991;101
8;1;219134;10/06/1991;101
8;1;219207;06/06/1991;101
8;1;219240;13/06/1991;101
8;1;219380;17/06/1991;101
8;1;219487;11/06/1991;101
8;1;219509;18/06/1991;101
8;1;219606;18/06/1991;101
8;1;219762;20/06/1991;101
8;1;219878;01/09/1986;101
8;1;219886;08/03/1984;101
8;1;220094;01/07/1991;101
8;1;220108;01/07/1991;101
8;1;220141;01/07/1991;101
8;1;220167;01/07/1991;101
8;1;220248;01/07/1991;101
8;1;220264;01/07/1991;101
8;1;220272;01/07/1991;101
8;1;220302;15/09/1976;101
8;1;220329;06/07/1991;101
8;1;220426;03/07/1991;101
8;1;220434;01/07/1991;101
8;1;220647;09/07/1991;101
8;1;220663;09/07/1991;101
8;1;220787;11/07/1991;101
8;1;220809;01/07/1991;101
8;1;220949;15/07/1991;101
8;1;221066;01/07/1991;101
8;1;221139;10/07/1991;101
8;1;221333;24/04/1989;101
8;1;221368;17/07/1991;101
8;1;221414;15/07/1991;101
8;1;221422;15/07/1991;101
8;1;221457;17/07/1991;101
8;1;221473;01/07/1991;101
8;1;221601;08/07/1991;101
8;1;221627;18/07/1991;101
8;1;221678;10/07/1991;101
8;1;221759;17/07/1991;101
8;1;221813;15/07/1991;101
8;1;221872;10/04/1972;101
8;1;221881;10/07/1991;101
8;1;221953;01/08/1991;101
8;1;221970;01/08/1991;101
8;1;222178;01/08/1991;101
8;1;222216;26/08/1986;101
8;1;222313;01/04/1991;101
8;1;222356;03/08/1991;101
8;1;222364;02/08/1991;101
8;1;222402;08/07/1991;101
8;1;222411;18/06/1991;101
8;1;222691;05/08/1991;101
8;1;222739;01/08/1991;101
8;1;222984;01/09/1991;101
8;1;222992;07/08/1991;101
8;1;223000;01/08/1991;101
8;1;223077;07/12/1981;101
8;1;223174;09/09/1991;101
8;1;223328;16/08/1991;101
8;1;223361;16/09/1991;101
8;1;223450;16/09/1991;101
8;1;224014;09/08/1991;101
8;1;224031;05/09/1991;101
8;1;224073;16/09/1991;101
8;1;224171;18/09/1991;101
8;1;224197;05/08/1991;101
8;1;224278;01/10/1991;101
8;1;224286;19/08/1991;101
8;1;224332;16/09/1991;101
8;1;224413;01/09/1991;101
8;1;224448;01/10/1991;101
8;1;224545;16/08/1991;101
8;1;224758;01/09/1991;101
8;1;225088;02/09/1991;101
8;1;225151;01/10/1991;101
8;1;225185;06/11/1991;101
8;1;225223;09/06/1981;101
8;1;225291;01/12/1991;101
8;1;225304;02/12/1991;101
8;1;225321;01/10/1991;101
8;1;225380;01/12/1991;101
8;1;225428;04/10/1991;101
8;1;225517;01/11/1991;101
8;1;225576;01/12/1991;101
8;1;225762;01/12/1991;101
8;1;225771;01/10/1991;101
8;1;225908;13/11/1991;101
8;1;226068;11/11/1991;101
8;1;226173;01/12/1991;101
8;1;226262;01/11/1991;101
8;1;226530;14/11/1991;101
8;1;226572;01/11/1991;101
8;1;226602;11/11/1991;101
8;1;226670;01/11/1991;101
8;1;226840;01/11/1991;101
8;1;226882;02/12/1991;101
8;1;227145;01/12/1991;101
8;1;227218;18/11/1991;101
8;1;227234;02/12/1991;101
8;1;227242;01/12/1987;101
8;1;227447;06/12/1991;101
8;1;228052;02/05/1988;101
8;1;228079;04/05/1992;101
8;1;228168;04/05/1992;101
8;1;228249;01/05/1992;101
8;1;228257;05/05/1992;101
8;1;228273;18/05/1992;101
8;1;228303;19/12/1991;101
8;1;228362;14/05/1992;101
8;1;228371;18/05/1992;101
8;1;228427;06/05/1992;101
8;1;228567;22/11/1983;101
8;1;228648;20/02/1992;101
8;1;228656;02/12/1991;101
8;1;228788;10/02/1992;101
8;1;228851;18/03/1992;101
8;1;228885;18/05/1992;101
8;1;228940;17/03/1992;101
8;1;228982;15/05/1992;101
8;1;229032;08/04/1992;101
8;1;229105;06/03/1992;101
8;1;229130;01/04/1992;101
8;1;229199;16/03/1992;101
8;1;229237;18/05/1992;101
8;1;229288;01/03/1992;101
8;1;229555;06/04/1992;101
8;1;229563;01/05/1992;101
8;1;229661;01/05/1992;101
8;1;229709;06/01/1992;101
8;1;229890;01/03/1992;101
8;1;229971;06/01/1992;101
8;1;230006;01/04/1992;101
8;1;230090;13/04/1992;101
8;1;230103;02/05/1992;101
8;1;230146;16/12/1991;101
8;1;230260;12/03/1992;101
8;1;230278;01/04/1992;101
8;1;230383;01/06/1992;101
8;1;230545;04/05/1992;101
8;1;230626;01/04/1992;101
8;1;230651;01/06/1992;101
8;1;230707;02/04/1992;101
8;1;230723;11/05/1992;101
8;1;230782;02/04/1992;101
8;1;230839;02/12/1991;101
8;1;230979;13/04/1992;101
8;1;231002;02/06/1992;101
8;1;231053;13/04/1992;101
8;1;231088;09/11/1983;101
8;1;231134;19/03/1992;101
8;1;231177;01/06/1992;101
8;1;231215;19/03/1992;101
8;1;231410;01/04/1992;101
8;1;231576;01/04/1992;101
8;1;231631;19/05/1982;101
8;1;231771;09/04/1992;101
8;1;231878;01/06/1992;101
8;1;231924;03/02/1992;101
8;1;231975;18/12/1991;101
8;1;231983;03/01/1992;101
8;1;232033;22/04/1992;101
8;1;232122;10/04/1992;101
8;1;232131;25/05/1992;101
8;1;232157;06/12/1991;101
8;1;232386;11/07/1988;101
8;1;232416;01/06/1992;101
8;1;232475;01/04/1992;101
8;1;232530;16/03/1988;101
8;1;232548;17/07/1985;101
8;1;232556;01/04/1992;101
8;1;232581;25/05/1992;101
8;1;232611;02/01/1992;101
8;1;232670;05/05/1992;101
8;1;232718;16/11/1983;101
8;1;232742;20/04/1992;101
8;1;232793;04/06/1985;101
8;1;232840;01/06/1992;101
8;1;232874;02/01/1992;101
8;1;232904;14/02/1978;101
8;1;232963;01/04/1992;101
8;1;233005;23/11/1987;101
282;1;233005;23/11/1987;101
8;1;233013;22/05/1992;101
8;1;233030;01/07/1992;101
8;1;233081;03/04/1991;101
8;1;233111;01/07/1992;101
8;1;233145;03/08/1992;101
8;1;233196;01/06/1982;101
8;1;233277;15/06/1992;101
8;1;233340;01/09/1992;101
8;1;233358;01/09/1992;101
8;1;233366;04/06/1992;101
8;1;233480;09/07/1992;101
8;1;233498;01/08/1992;101
8;1;233528;01/09/1992;101
8;1;233650;06/07/1992;101
8;1;233706;01/09/1992;101
8;1;233749;20/07/1992;101
8;1;233935;10/08/1992;101
8;1;234087;13/07/1992;101
8;1;234117;11/08/1992;101
8;1;234184;01/07/1992;101
8;1;234354;13/07/1992;101
8;1;234435;13/07/1992;101
8;1;234443;09/07/1992;101
8;1;234516;08/06/1992;101
8;1;234524;13/07/1992;101
8;1;234532;06/07/1992;101
8;1;234559;12/08/1992;101
8;1;234630;07/07/1992;101
8;1;234702;13/07/1992;101
8;1;234737;01/08/1992;101
8;1;234788;03/06/1992;101
8;1;234877;01/07/1992;101
8;1;234974;15/07/1992;101
8;1;235032;01/06/1992;101
8;1;235075;17/08/1992;101
8;1;235113;10/09/1992;101
8;1;235130;15/06/1992;101
8;1;235156;10/07/1992;101
8;1;235164;20/07/1992;101
8;1;235202;10/09/1992;101
8;1;235245;10/08/1992;101
8;1;235318;01/07/1992;101
8;1;235326;03/07/1992;101
8;1;235369;15/09/1992;101
8;1;235385;17/06/1992;101
8;1;235482;01/07/1992;101
8;1;235547;01/09/1992;101
8;1;235725;15/09/1992;101
8;1;235733;01/06/1992;101
8;1;236021;10/07/1992;101
8;1;236187;04/06/1992;101
8;1;236209;15/07/1992;101
8;1;236217;10/08/1992;101
8;1;236233;01/09/1992;101
8;1;236250;15/09/1992;101
8;1;236306;10/08/1992;101
8;1;236331;15/09/1992;101
8;1;236357;22/06/1992;101
8;1;236535;24/09/1986;101
8;1;236578;10/08/1992;101
8;1;236659;10/08/1992;101
8;1;236675;15/09/1992;101
8;1;236713;15/05/1989;101
8;1;236730;14/07/1992;101
8;1;236756;10/08/1992;101
8;1;236811;02/07/1992;101
8;1;236870;15/09/1992;101
8;1;236888;17/09/1992;101
8;1;236896;05/04/1989;101
8;1;236918;20/07/1992;101
8;1;236977;01/02/1956;101
8;1;237078;08/07/1992;101
8;1;237175;01/08/1992;101
8;1;237248;06/06/1992;101
8;1;237302;01/10/1992;101
8;1;237311;01/10/1992;101
8;1;237345;03/07/1992;101
8;1;237485;14/05/1971;101
8;1;237663;16/06/1992;101
8;1;237728;01/08/1992;101
8;1;237744;21/09/1992;101
8;1;237752;01/10/1992;101
8;1;237884;03/08/1992;101
8;1;237931;01/07/1992;101
8;1;238023;01/07/1992;101
8;1;238180;18/08/1992;101
8;1;238490;15/10/1992;101
8;1;238589;15/10/1992;101
8;1;238601;15/10/1992;101
8;1;238732;15/10/1992;101
8;1;238767;15/10/1992;101
8;1;238805;03/11/1992;101
8;1;238848;01/10/1992;101
8;1;238881;03/11/1992;101
8;1;238902;03/11/1992;101
8;1;238911;03/11/1992;101
8;1;238945;20/10/1992;101
8;1;239143;03/11/1992;101
8;1;239178;03/11/1992;101
8;1;239275;01/10/1992;101
8;1;239399;15/10/1992;101
8;1;239496;03/11/1992;101
8;1;239500;03/11/1992;101
8;1;239585;03/11/1992;101
8;1;239607;03/11/1992;101
8;1;239658;03/11/1992;101
8;1;239682;16/11/1992;101
8;1;239691;03/11/1992;101
8;1;239721;03/11/1992;101
8;1;239747;03/11/1992;101
8;1;239755;03/11/1992;101
8;1;239780;16/11/1992;101
8;1;239828;03/11/1992;101
8;1;239879;16/11/1992;101
8;1;239887;16/11/1992;101
8;1;239933;03/11/1992;101
8;1;239968;17/11/1992;101
8;1;239984;16/11/1992;101
8;1;240028;17/11/1992;101
8;1;240079;16/11/1992;101
8;1;240265;16/11/1992;101
8;1;240362;19/11/1992;101
8;1;240371;19/11/1992;101
8;1;240478;16/11/1992;101
8;1;240516;16/11/1992;101
8;1;240532;16/11/1992;101
8;1;240541;16/11/1992;101
8;1;240575;03/11/1992;101
8;1;240842;01/12/1992;101
8;1;240885;01/12/1992;101
8;1;241806;01/12/1992;101
8;1;241903;01/12/1992;101
8;1;242373;01/12/1992;101
8;1;242730;01/12/1992;101
8;1;242764;01/12/1992;101
8;1;242837;01/12/1992;101
8;1;242896;01/12/1992;101
8;1;242918;01/12/1992;101
8;1;243094;01/03/1988;101
8;1;243108;02/10/1967;101
8;1;243124;02/05/1991;101
8;1;243167;01/12/1992;101
8;1;243264;15/12/1992;101
8;1;243329;03/12/1992;101
8;1;243434;01/12/1992;101
8;1;243442;08/12/1992;101
8;1;243558;15/12/1992;101
8;1;243779;15/12/1992;101
8;1;243795;15/12/1992;101
8;1;243914;16/12/1992;101
8;1;243922;16/12/1992;101
8;1;243957;21/12/1992;101
8;1;243973;04/01/1993;101
8;1;244007;15/12/1992;101
8;1;244040;22/12/1992;101
8;1;244074;04/01/1993;101
8;1;244091;04/01/1993;101
8;1;244104;01/12/1992;101
8;1;244244;06/01/1993;101
8;1;244309;06/01/1993;101
282;1;244309;06/01/1993;101
8;1;244333;11/01/1993;101
8;1;244473;11/01/1993;101
8;1;244490;01/02/1993;101
8;1;244538;15/01/1993;101
8;1;244619;25/01/1993;101
8;1;244627;25/01/1993;101
8;1;244678;25/01/1993;101
8;1;244694;19/01/1993;101
8;1;244708;15/01/1993;101
8;1;244813;01/02/1993;101
8;1;244830;01/02/1993;101
8;1;245003;15/02/1993;101
8;1;245038;01/02/1993;101
8;1;245046;01/02/1993;101
8;1;245101;01/03/1993;101
8;1;245232;15/03/1993;101
8;1;245313;15/03/1993;101
8;1;245356;15/03/1993;101
8;1;245372;16/03/1993;101
8;1;245402;15/03/1993;101
8;1;245445;15/03/1993;101
8;1;245500;01/04/1993;101
8;1;245534;10/03/1993;101
8;1;245569;22/03/1993;101
8;1;245585;01/04/1993;101
8;1;245623;01/04/1993;101
8;1;245666;01/04/1993;101
8;1;245712;01/04/1993;101
8;1;245798;01/04/1993;101
8;1;245879;01/04/1993;101
8;1;245887;01/04/1993;101
8;1;245909;01/04/1993;101
8;1;245917;01/04/1993;101
8;1;245925;15/04/1993;101
8;1;246077;02/04/1993;101
8;1;246174;16/04/1993;101
8;1;246182;19/04/1993;101
8;1;246204;03/05/1993;101
8;1;246328;03/05/1993;101
8;1;246409;03/05/1993;101
8;1;246417;03/05/1993;101
8;1;246433;22/04/1993;101
8;1;246484;03/05/1993;101
8;1;246506;17/05/1993;101
8;1;246522;19/04/1993;101
8;1;246549;15/06/1971;101
8;1;246573;17/05/1993;101
8;1;246603;01/07/1966;722
8;1;246638;03/05/1993;101
8;1;246671;12/05/1993;101
8;1;246689;17/05/1993;101
8;1;246760;15/06/1993;101
8;1;246841;15/02/1993;101
8;1;246964;15/02/1993;101
8;1;246972;15/02/1993;101
8;1;246981;15/02/1993;101
8;1;247073;15/02/1993;101
8;1;247120;15/02/1993;101
8;1;247162;15/02/1993;101
8;1;247294;15/02/1993;101
8;1;247324;15/02/1993;101
8;1;247367;18/02/1993;101
8;1;247375;15/02/1993;101
8;1;247383;24/02/1993;101
8;1;247618;01/03/1993;101
8;1;247642;03/03/1993;101
8;1;247651;15/03/1993;101
8;1;247677;15/03/1993;101
8;1;247715;15/03/1993;101
8;1;247774;17/05/1993;101
8;1;247782;03/05/1993;101
8;1;247791;01/04/1993;101
8;1;247812;17/05/1993;101
8;1;247839;17/05/1993;101
8;1;247863;17/05/1993;101
8;1;247928;17/05/1993;101
8;1;247952;14/05/1993;101
8;1;247961;14/05/1993;101
8;1;247979;17/05/1993;101
8;1;247987;17/05/1993;101
8;1;248002;17/05/1993;101
8;1;248011;17/05/1993;101
8;1;248037;17/05/1993;101
8;1;248088;17/05/1993;101
8;1;248096;17/05/1993;101
8;1;248118;10/09/1992;101
8;1;248215;03/05/1993;101
8;1;248266;14/05/1993;101
8;1;248380;26/05/1993;101
8;1;248452;01/06/1993;101
8;1;248461;01/06/1993;101
8;1;248487;01/06/1993;101
8;1;248525;01/06/1993;101
8;1;248533;01/06/1993;101
8;1;248568;01/06/1993;101
8;1;248576;01/06/1993;101
8;1;248584;01/06/1993;101
8;1;248606;01/06/1993;101
8;1;248649;01/06/1993;101
8;1;248657;01/06/1993;101
8;1;248673;01/06/1993;101
8;1;248690;01/06/1993;101
8;1;248762;01/06/1993;101
8;1;248801;01/06/1993;101
8;1;248843;01/06/1993;101
8;1;248878;01/06/1993;101
8;1;248916;15/06/1993;101
8;1;248941;15/06/1993;101
8;1;248959;15/06/1993;101
8;1;248967;16/06/1993;101
8;1;248975;15/06/1993;101
8;1;249017;15/06/1993;101
8;1;249068;15/06/1993;101
8;1;249076;15/06/1993;101
8;1;249084;15/06/1993;101
8;1;249149;15/06/1993;101
8;1;249262;01/07/1993;101
8;1;249289;01/07/1993;101
8;1;249297;01/07/1993;101
8;1;249360;01/07/1993;101
8;1;249378;01/07/1993;101
8;1;249394;01/07/1993;101
8;1;249432;01/07/1993;101
8;1;249459;01/07/1993;101
8;1;249483;01/07/1993;101
8;1;249548;01/07/1993;101
8;1;249556;01/07/1993;101
8;1;249572;01/07/1993;101
8;1;249581;01/07/1993;101
8;1;249602;01/07/1993;101
8;1;249653;01/07/1993;101
8;1;249718;01/07/1993;101
8;1;249751;15/07/1993;101
8;1;249777;01/07/1993;101
8;1;249785;15/07/1993;101
8;1;249815;05/07/1993;101
8;1;249882;15/07/1993;101
8;1;249939;15/07/1993;101
8;1;249955;15/07/1993;101
8;1;249980;15/07/1993;101
8;1;249998;15/07/1993;101
8;1;250007;15/07/1993;101
8;1;250040;15/07/1993;101
8;1;250058;16/07/1993;101
8;1;250082;15/07/1993;101
8;1;250147;02/08/1993;101
8;1;250180;02/08/1993;101
8;1;250210;16/08/1993;101
8;1;250236;02/08/1993;101
8;1;250244;02/08/1993;101
8;1;250252;09/08/1993;101
8;1;250261;04/08/1993;101
8;1;250279;01/08/1993;101
8;1;250287;01/08/1993;101
8;1;250317;01/08/1993;101
8;1;250325;01/08/1993;101
8;1;250333;01/08/1993;101
8;1;250368;16/08/1993;101
8;1;250406;16/08/1993;101
8;1;250414;16/08/1993;101
8;1;250431;16/08/1993;101
8;1;250449;16/08/1993;101
8;1;250520;16/08/1993;101
8;1;250538;09/08/1993;101
8;1;250562;16/08/1993;101
8;1;250571;16/08/1993;101
8;1;250589;16/08/1993;101
8;1;250597;01/09/1993;101
8;1;250660;01/09/1993;101
8;1;250678;15/09/1993;101
8;1;250686;15/09/1993;101
8;1;250694;01/09/1993;101
8;1;250716;01/09/1993;101
8;1;250724;01/09/1993;101
8;1;250767;01/09/1993;101
8;1;250805;01/09/1993;101
8;1;250813;01/09/1993;101
8;1;250848;01/09/1993;101
8;1;250911;16/09/1993;101
8;1;250929;16/09/1993;101
8;1;250970;15/09/1993;101
8;1;250996;15/09/1993;101
8;1;251003;16/09/1993;101
8;1;251020;15/09/1993;101
8;1;251054;15/09/1993;101
8;1;251062;08/09/1993;101
8;1;251135;01/09/1993;101
8;1;251178;15/09/1993;101
8;1;251194;08/09/1993;101
8;1;251232;13/09/1993;101
8;1;251259;13/09/1993;101
8;1;251267;16/09/1993;101
8;1;251313;04/10/1993;101
8;1;251330;04/10/1993;101
8;1;251356;04/10/1993;101
8;1;251364;04/10/1993;101
8;1;251381;04/10/1993;101
8;1;251399;04/10/1993;101
8;1;251411;04/10/1993;101
8;1;251437;04/10/1993;101
8;1;251453;04/10/1993;101
4;1;251453;04/10/1993;101
8;1;251496;04/10/1993;101
8;1;251500;04/10/1993;101
8;1;251542;04/10/1993;101
8;1;251569;15/10/1993;101
8;1;251577;04/10/1993;101
8;1;251607;18/10/1993;101
8;1;251674;18/10/1993;101
8;1;251682;18/10/1993;101
8;1;251704;18/10/1993;101
8;1;251712;18/10/1993;101
8;1;251836;18/10/1993;101
8;1;251844;18/10/1993;101
8;1;251895;23/10/1993;101
8;1;251925;14/10/1993;101
8;1;251976;23/10/1993;101
8;1;252018;21/10/1993;101
8;1;252042;03/11/1993;101
8;1;252069;03/11/1993;101
8;1;252077;03/11/1993;101
8;1;252085;03/11/1993;101
8;1;252107;03/11/1993;101
8;1;252123;03/11/1993;101
8;1;252140;03/11/1993;101
8;1;252166;03/11/1993;101
8;1;252182;03/11/1993;101
8;1;252212;03/11/1993;101
8;1;252221;08/11/1993;101
8;1;252239;08/11/1993;101
8;1;252247;03/11/1993;101
8;1;252298;03/11/1993;101
8;1;252310;16/11/1993;101
8;1;252344;04/11/1993;101
8;1;252352;04/11/1993;101
8;1;252361;04/11/1993;101
8;1;252379;05/11/1993;101
8;1;252409;10/11/1993;101
8;1;252417;16/11/1993;101
8;1;252425;16/11/1993;101
8;1;252433;16/11/1993;101
8;1;252484;16/11/1993;101
8;1;252590;16/11/1993;101
8;1;252603;16/11/1993;101
8;1;252701;01/12/1993;101
8;1;252735;01/12/1993;101
8;1;252743;01/12/1993;101
8;1;252760;01/12/1993;101
8;1;252841;01/12/1993;101
8;1;252859;01/12/1993;101
8;1;252875;01/12/1993;101
8;1;252930;01/12/1993;101
8;1;252948;01/12/1993;101
8;1;252956;01/12/1993;101
8;1;253146;02/05/1987;101
8;1;253154;20/01/1988;101
8;1;253189;01/03/1989;101
8;1;253197;10/03/1990;101
8;1;253201;24/06/1985;101
8;1;253219;06/06/1990;101
8;1;253227;01/05/1989;101
8;1;253235;07/08/1991;101
8;1;253243;15/09/1981;101
8;1;253260;01/06/1990;101
8;1;253278;04/04/1989;101
8;1;253286;04/01/1990;101
8;1;253316;03/06/1991;101
8;1;253332;01/07/1991;101
8;1;253341;11/04/1989;101
8;1;253448;01/12/1993;101
8;1;253481;09/12/1993;101
8;1;253511;01/12/1993;101
8;1;253588;01/12/1993;101
8;1;253600;01/12/1993;101
8;1;253651;13/12/1993;101
8;1;253707;01/12/1993;101
8;1;253766;16/12/1993;101
8;1;253812;16/12/1993;101
8;1;253847;21/12/1993;101
8;1;253855;15/12/1993;101
8;1;253936;03/01/1994;101
8;1;253944;03/01/1994;101
8;1;254011;03/01/1994;101
8;1;254037;17/01/1994;101
8;1;254096;17/01/1994;101
8;1;254134;15/01/1994;101
8;1;254151;17/01/1994;101
8;1;254177;11/01/1994;101
8;1;254193;04/01/1994;101
8;1;254223;13/01/1994;101
8;1;254240;17/01/1994;101
8;1;254258;17/01/1994;101
8;1;254312;17/01/1994;101
8;1;254321;12/01/1994;101
8;1;254355;03/01/1994;101
8;1;254363;18/01/1994;101
8;1;254444;03/01/1994;101
8;1;254509;25/01/1994;101
8;1;254525;01/03/1994;101
8;1;254738;01/12/1993;101
8;1;255513;01/12/1993;101
8;1;255548;01/12/1993;101
8;1;255581;01/12/1993;101
8;1;255602;01/12/1993;101
8;1;255611;01/12/1993;101
8;1;255629;01/12/1993;101
8;1;255807;01/12/1993;101
8;1;255858;01/12/1993;101
8;1;255866;01/12/1993;101
8;1;256005;01/12/1993;101
8;1;256013;01/12/1993;101
8;1;256030;01/12/1993;101
8;1;256048;01/12/1993;101
8;1;256102;01/12/1993;101
8;1;256137;01/12/1993;101
8;1;256188;01/12/1993;101
8;1;256218;01/12/1993;101
8;1;256269;01/12/1993;101
8;1;256285;01/12/1993;101
8;1;256412;01/12/1993;101
8;1;256579;01/12/1993;101
8;1;256650;02/12/1993;101
8;1;256668;15/12/1993;101
8;1;256731;01/02/1994;101
8;1;256749;01/02/1994;101
8;1;256757;01/02/1994;101
8;1;256765;01/02/1994;101
8;1;256773;01/02/1994;101
8;1;256790;01/02/1994;101
8;1;256854;01/02/1994;101
8;1;256871;01/02/1994;101
8;1;256897;10/02/1994;101
8;1;256901;10/02/1994;101
8;1;256919;10/02/1994;101
8;1;256927;09/02/1994;101
8;1;256935;18/02/1994;101
8;1;256943;16/02/1994;101
8;1;256986;16/02/1994;101
8;1;256994;01/02/1994;101
8;1;257010;07/02/1994;101
8;1;257028;07/02/1994;101
8;1;257036;23/02/1994;101
8;1;257044;23/02/1994;101
8;1;257087;14/02/1994;101
8;1;257095;16/02/1994;101
8;1;257117;16/02/1994;101
8;1;257125;16/02/1994;101
8;1;257133;16/02/1994;101
8;1;257184;01/03/1994;101
8;1;257192;01/03/1994;101
8;1;257257;01/03/1994;101
8;1;257265;07/03/1994;101
8;1;257273;01/03/1994;101
8;1;257303;04/03/1994;101
8;1;257320;01/03/1994;101
8;1;257338;01/03/1994;101
8;1;257346;01/03/1994;101
8;1;257354;01/03/1994;101
8;1;257362;01/03/1994;101
8;1;257397;21/03/1994;101
8;1;257401;21/03/1994;101
8;1;257435;21/03/1994;101
8;1;257443;21/03/1994;101
8;1;257486;15/03/1994;101
8;1;257494;18/04/1994;101
8;1;257508;05/04/1994;101
8;1;257516;01/04/1994;101
8;1;257524;04/04/1994;101
8;1;257532;04/04/1994;101
8;1;257541;18/04/1994;101
8;1;257559;04/04/1994;101
8;1;257567;01/04/1994;101
8;1;257613;04/04/1994;101
8;1;257630;17/03/1994;101
8;1;257648;04/04/1994;101
8;1;257656;04/04/1994;101
8;1;257672;15/04/1994;101
8;1;257699;02/04/1994;101
8;1;257729;08/03/1994;101
8;1;257737;21/03/1994;101
8;1;257753;10/03/1994;101
8;1;257796;01/04/1994;101
8;1;257800;16/03/1994;101
8;1;257818;15/03/1994;101
8;1;257842;15/03/1994;101
8;1;257885;14/03/1994;101
8;1;257907;01/03/1994;101
8;1;257940;01/03/1994;101
8;1;257958;21/03/1994;101
8;1;257966;21/03/1994;101
8;1;257974;01/03/1994;101
8;1;257982;07/03/1994;101
8;1;258008;01/03/1994;101
8;1;258016;01/03/1994;101
8;1;258024;01/03/1994;101
8;1;258032;16/03/1994;101
8;1;258041;15/03/1994;101
8;1;258067;01/03/1994;101
8;1;258075;10/03/1994;101
8;1;258105;01/03/1994;101
8;1;258113;01/03/1994;101
8;1;258130;01/03/1994;101
8;1;258148;03/03/1994;101
8;1;258156;16/03/1994;101
8;1;258164;10/03/1994;101
8;1;258172;10/03/1994;101
8;1;258181;01/03/1994;101
8;1;258199;16/03/1994;101
8;1;258211;01/03/1994;101
8;1;258229;02/03/1994;101
8;1;258237;16/03/1994;101
8;1;258245;01/03/1994;101
8;1;258253;01/03/1994;101
8;1;258270;01/03/1994;101
8;1;258288;01/03/1994;101
8;1;258326;01/10/1987;101
8;1;258334;26/10/1992;101
8;1;258342;02/08/1978;101
8;1;258351;01/12/1988;101
8;1;258369;04/06/1991;101
8;1;258393;05/03/1990;101
8;1;258407;12/07/1989;101
8;1;258415;22/02/1990;101
8;1;258512;11/04/1994;101
8;1;258539;11/04/1994;101
8;1;258555;01/04/1994;101
8;1;258563;15/04/1994;101
8;1;258580;05/04/1994;101
8;1;258598;11/04/1994;101
8;1;258636;18/04/1994;101
8;1;258644;04/04/1994;101
8;1;258717;18/04/1994;101
8;1;258725;15/04/1994;101
8;1;258733;14/04/1994;101
8;1;258750;18/04/1994;101
8;1;258776;18/04/1994;101
8;1;258784;18/04/1994;101
8;1;258792;20/04/1994;101
8;1;258814;11/04/1994;101
8;1;258831;19/04/1994;101
8;1;258873;22/04/1994;101
8;1;258890;25/04/1994;101
8;1;258903;20/04/1994;101
8;1;258920;16/04/1994;101
8;1;258938;08/04/1994;101
8;1;258954;25/04/1994;101
8;1;258971;18/04/1994;101
8;1;258989;04/05/1994;101
8;1;258997;03/05/1994;101
8;1;259004;02/05/1994;101
8;1;259055;02/05/1994;101
8;1;259063;02/05/1994;101
8;1;259080;02/05/1994;101
8;1;259128;02/05/1994;101
8;1;259144;09/05/1994;101
8;1;259161;02/05/1994;101
8;1;259195;02/05/1994;101
8;1;259209;02/05/1994;101
8;1;259225;02/05/1994;101
8;1;259233;09/05/1994;101
8;1;259268;04/05/1994;101
8;1;259276;05/05/1994;101
8;1;259292;16/05/1994;101
8;1;259306;09/05/1994;101
8;1;259314;09/05/1994;101
8;1;259349;09/05/1994;101
8;1;259365;02/05/1994;101
8;1;259373;02/05/1994;101
8;1;259403;09/05/1994;101
8;1;259438;05/05/1994;101
8;1;259454;13/05/1994;101
8;1;259471;16/05/1994;101
8;1;259489;17/05/1994;101
8;1;259497;16/05/1994;101
8;1;259501;10/05/1994;101
8;1;259527;18/05/1994;101
8;1;259535;19/05/1994;101
8;1;259543;16/05/1994;101
8;1;259560;16/05/1994;101
8;1;259578;20/05/1994;101
8;1;259586;20/05/1994;101
8;1;259594;18/05/1994;101
8;1;259608;06/05/1994;101
8;1;259624;16/05/1994;101
8;1;259632;23/05/1994;101
8;1;259641;17/05/1994;101
8;1;259659;16/05/1994;101
8;1;259667;12/05/1994;101
8;1;259705;01/06/1994;101
8;1;259713;06/06/1994;101
8;1;259730;01/06/1994;101
8;1;259748;01/06/1994;101
8;1;259756;01/06/1994;101
8;1;259772;07/06/1994;101
8;1;259781;06/06/1994;101
8;1;259799;06/06/1994;101
8;1;259829;02/06/1994;101
8;1;259837;06/06/1994;101
8;1;259845;01/06/1994;101
8;1;259853;08/06/1994;101
8;1;259888;15/06/1994;101
8;1;259900;01/06/1994;101
8;1;259918;01/06/1994;101
8;1;259934;11/06/1994;101
8;1;259942;16/06/1994;101
8;1;259977;10/06/1994;101
8;1;259985;15/06/1994;101
8;1;259993;06/06/1994;101
8;1;260029;04/06/1994;101
8;1;260037;16/06/1994;101
8;1;260045;01/06/1994;101
8;1;260053;15/06/1994;101
8;1;260070;01/06/1994;101
8;1;260088;06/06/1994;101
8;1;260096;06/06/1994;101
8;1;260118;13/06/1994;101
8;1;260134;01/06/1994;101
8;1;260151;16/06/1994;101
8;1;260177;16/06/1994;101
8;1;260185;21/06/1994;101
8;1;260207;22/06/1994;101
8;1;260223;13/06/1994;101
8;1;260240;13/06/1994;101
8;1;260258;13/06/1994;101
8;1;260266;13/06/1994;101
8;1;260274;13/06/1994;101
8;1;260282;04/06/1994;101
8;1;260304;01/07/1994;101
8;1;260312;01/07/1994;101
8;1;260321;01/07/1994;101
8;1;260347;01/07/1994;101
8;1;260355;01/07/1994;101
8;1;260380;01/07/1994;101
8;1;260428;01/07/1994;101
8;1;260461;01/07/1994;101
8;1;260495;26/07/1994;101
8;1;260533;06/07/1994;101
8;1;260606;14/07/1994;101
8;1;260614;15/07/1994;101
8;1;260622;01/07/1994;101
8;1;260649;11/07/1994;101
8;1;260665;05/07/1994;101
8;1;260673;04/07/1994;101
8;1;260703;16/07/1994;101
8;1;260738;15/07/1994;101
8;1;260754;18/07/1994;101
8;1;260762;19/07/1994;101
8;1;260797;15/07/1994;101
8;1;260819;14/07/1994;101
8;1;260827;20/07/1994;101
8;1;260835;14/07/1994;101
8;1;260878;11/07/1994;101
8;1;260894;20/07/1994;101
8;1;260908;18/07/1994;101
8;1;260932;18/07/1994;101
8;1;260967;20/07/1994;101
8;1;260975;14/07/1994;101
8;1;260983;18/07/1994;101
8;1;261033;25/07/1994;101
8;1;261050;19/07/1994;101
8;1;261092;26/07/1994;101
8;1;261106;01/08/1994;101
8;1;261114;01/08/1994;101
8;1;261131;01/08/1994;101
8;1;261149;01/08/1994;101
8;1;261157;01/08/1994;101
8;1;261165;01/08/1994;101
8;1;261173;01/08/1994;101
8;1;261190;01/08/1994;101
8;1;261203;01/08/1994;101
8;1;261238;02/08/1994;101
8;1;261246;01/08/1994;101
8;1;261254;01/08/1994;101
8;1;261271;01/08/1994;101
8;1;261297;04/08/1994;101
8;1;261301;01/08/1994;101
8;1;261327;01/08/1994;101
8;1;261335;01/08/1994;101
8;1;261360;01/08/1994;101
8;1;261386;01/08/1994;101
8;1;261394;01/08/1994;101
8;1;261416;01/08/1994;101
8;1;261432;01/08/1994;101
8;1;261441;01/08/1994;101
8;1;261459;01/08/1994;101
8;1;261483;01/08/1994;101
8;1;261505;05/08/1994;101
8;1;261513;05/08/1994;101
8;1;261530;01/08/1994;101
8;1;261548;04/08/1994;101
8;1;261556;10/08/1994;101
276;1;261564;15/08/1994;101
8;1;261564;15/08/1994;101
8;1;261572;01/08/1994;101
8;1;261581;15/08/1994;101
8;1;261599;20/08/1994;101
8;1;261602;10/08/1994;101
8;1;261611;16/08/1994;101
8;1;261629;12/08/1994;101
8;1;261645;11/08/1994;101
8;1;261653;16/08/1994;101
8;1;261670;01/08/1994;101
8;1;261688;12/08/1994;101
8;1;261696;12/08/1994;101
8;1;261726;18/08/1994;101
8;1;261734;16/08/1994;101
8;1;261742;22/08/1994;101
8;1;261751;11/08/1994;101
8;1;261769;16/08/1994;101
8;1;261777;16/08/1994;101
8;1;261793;01/08/1994;101
8;1;261807;01/08/1994;101
8;1;261815;01/08/1994;101
8;1;261823;01/08/1994;101
8;1;261866;22/08/1994;101
8;1;261891;16/08/1994;101
8;1;261912;20/08/1994;101
8;1;261939;01/09/1994;101
8;1;261998;17/08/1994;101
8;1;262030;01/09/1994;101
8;1;262048;01/09/1994;101
8;1;262056;01/09/1994;101
8;1;262064;01/09/1994;101
8;1;262072;01/09/1994;101
8;1;262099;01/09/1994;101
8;1;262111;01/09/1994;101
8;1;262145;01/09/1994;101
8;1;262153;01/09/1994;101
8;1;262170;01/09/1994;101
8;1;262188;01/09/1994;101
8;1;262200;01/09/1994;101
8;1;262218;09/09/1994;101
8;1;262234;01/09/1994;101
8;1;262269;01/09/1994;101
8;1;262277;01/09/1994;101
8;1;262285;01/09/1994;101
8;1;262293;12/09/1994;101
8;1;262307;12/09/1994;101
8;1;262323;01/09/1994;101
8;1;262340;01/09/1994;101
8;1;262358;02/09/1994;101
8;1;262366;01/09/1994;101
8;1;262382;12/09/1994;101
8;1;262412;05/09/1994;101
8;1;262421;05/09/1994;101
8;1;262439;16/09/1994;101
8;1;262447;01/09/1994;101
8;1;262455;14/09/1994;101
8;1;262463;15/09/1994;101
8;1;262480;09/09/1994;101
8;1;262510;02/09/1994;101
8;1;262528;01/09/1994;101
8;1;262536;01/09/1994;101
8;1;262544;05/09/1994;101
8;1;262561;19/09/1994;101
8;1;262579;19/09/1994;101
8;1;262587;15/09/1994;101
8;1;262595;05/09/1994;101
8;1;262617;16/09/1994;101
8;1;262625;01/09/1994;101
8;1;262650;01/09/1994;101
8;1;262668;13/09/1994;101
8;1;262676;10/09/1994;101
8;1;262692;04/10/1994;101
8;1;262706;04/10/1994;101
8;1;262714;04/10/1994;101
8;1;262722;07/10/1994;101
8;1;262749;16/09/1994;101
8;1;262773;04/10/1994;101
8;1;262803;17/10/1994;101
8;1;262820;10/10/1994;101
8;1;262838;13/09/1994;101
8;1;262846;13/09/1994;101
8;1;262854;13/09/1994;101
8;1;262862;13/09/1994;101
8;1;262871;04/10/1994;101
8;1;262889;04/10/1994;101
8;1;262897;05/10/1994;101
8;1;262901;04/10/1994;101
8;1;262919;19/09/1994;101
8;1;262927;05/09/1994;101
8;1;262960;01/10/1994;101
8;1;262978;04/10/1994;101
8;1;262994;04/10/1994;101
8;1;263028;20/09/1994;101
8;1;263036;20/09/1994;101
8;1;263079;04/10/1994;101
8;1;263087;07/10/1994;101
8;1;263109;16/09/1994;101
8;1;263117;20/09/1994;101
8;1;263133;15/10/1994;101
8;1;263150;04/10/1994;101
8;1;263168;10/10/1994;101
8;1;263184;19/09/1994;101
8;1;263192;15/09/1994;101
8;1;263206;21/09/1994;101
8;1;263222;10/10/1994;101
8;1;263231;08/10/1994;101
8;1;263249;01/10/1994;101
8;1;263265;15/09/1994;101
8;1;263273;19/09/1994;101
8;1;263320;09/10/1994;101
8;1;263338;05/10/1994;101
8;1;263346;04/10/1994;101
8;1;263371;20/09/1994;101
8;1;263397;04/10/1994;101
8;1;263419;04/10/1994;101
8;1;263427;01/12/1992;101
8;1;263435;04/11/1987;101
8;1;263443;09/05/1988;101
8;1;263478;12/03/1992;101
8;1;263494;01/06/1993;101
8;1;263516;09/03/1989;101
8;1;263532;05/05/1988;101
8;1;263567;24/03/1987;101
8;1;263648;03/08/1992;101
8;1;263664;02/08/1989;101
8;1;263672;01/12/1989;101
8;1;263681;17/11/1989;101
8;1;263699;04/10/1994;101
8;1;263729;06/10/1994;101
8;1;263737;13/10/1994;101
8;1;263753;10/10/1994;101
8;1;263770;11/10/1994;101
8;1;263796;17/10/1994;101
8;1;263818;21/10/1994;101
8;1;263826;20/10/1994;101
8;1;263877;07/10/1994;101
8;1;263885;16/10/1994;101
8;1;263915;04/10/1994;101
8;1;263923;04/10/1994;101
8;1;263958;20/10/1994;101
8;1;263966;16/10/1994;101
8;1;263974;19/10/1994;101
8;1;263982;17/10/1994;101
8;1;263991;20/10/1994;101
8;1;264008;01/11/1994;101
8;1;264016;20/10/1994;101
8;1;264024;15/10/1994;101
8;1;264032;18/10/1994;101
8;1;264041;19/10/1994;101
8;1;264067;20/10/1994;101
8;1;264075;04/10/1994;101
8;1;264105;08/08/1980;101
8;1;264113;17/10/1994;101
8;1;264148;26/10/1994;101
8;1;264156;21/10/1994;101
8;1;264164;26/10/1994;101
8;1;264172;21/10/1994;101
8;1;264199;01/11/1994;101
8;1;264202;01/11/1994;101
8;1;264211;03/11/1994;101
8;1;264237;05/10/1994;101
8;1;264245;01/11/1994;101
8;1;264270;01/11/1994;101
8;1;264288;03/11/1994;101
8;1;264296;12/11/1994;101
8;1;264300;01/11/1994;101
8;1;264326;04/11/1994;101
8;1;264334;01/11/1994;101
8;1;264342;01/11/1994;101
8;1;264369;01/11/1994;101
8;1;264377;01/11/1994;101
8;1;264385;01/11/1994;101
8;1;264393;01/11/1994;101
8;1;264458;01/11/1994;101
8;1;264466;12/11/1994;101
8;1;264482;01/11/1994;101
8;1;264491;01/11/1994;101
8;1;264504;01/11/1994;101
8;1;264512;01/11/1994;101
8;1;264539;01/11/1994;101
8;1;264563;07/11/1994;101
8;1;264580;07/11/1994;101
8;1;264610;07/11/1994;101
8;1;264636;09/11/1994;101
8;1;264644;10/11/1994;101
8;1;264652;15/11/1994;101
8;1;264661;11/11/1994;101
8;1;264679;01/11/1994;101
8;1;264695;08/11/1994;101
8;1;264709;01/11/1994;101
8;1;264717;07/11/1994;101
8;1;264725;11/11/1994;101
8;1;264733;16/11/1994;101
8;1;264750;16/11/1994;101
8;1;264784;01/11/1994;101
8;1;264806;16/11/1994;101
8;1;264814;16/11/1994;101
8;1;264822;09/11/1994;101
8;1;264831;16/11/1994;101
8;1;264857;16/11/1994;101
8;1;264873;16/11/1994;101
8;1;264890;16/11/1994;101
8;1;264903;16/11/1994;101
8;1;264920;16/11/1994;101
8;1;264938;16/11/1994;101
8;1;264946;16/11/1994;101
8;1;264954;16/11/1994;101
8;1;264971;16/11/1994;101
8;1;265012;16/11/1994;101
8;1;265021;03/11/1994;101
8;1;265039;16/11/1994;101
8;1;265055;18/11/1994;101
8;1;265063;17/11/1994;101
8;1;265110;16/11/1994;101
8;1;265152;14/11/1994;101
8;1;265179;16/11/1994;101
8;1;265187;16/11/1994;101
8;1;265195;16/11/1994;101
8;1;265225;16/11/1994;101
8;1;265233;16/11/1994;101
8;1;265250;16/11/1994;101
8;1;265276;18/11/1994;101
8;1;265306;16/11/1994;101
8;1;265446;01/11/1994;101
8;1;265497;16/11/1994;101
8;1;265501;01/12/1994;101
8;1;265519;16/11/1994;101
8;1;265527;16/11/1994;101
8;1;265543;16/11/1994;101
8;1;265560;16/11/1994;101
8;1;265578;16/11/1994;101
8;1;265586;16/11/1994;101
8;1;265594;16/11/1994;101
8;1;265608;16/11/1994;101
8;1;265616;16/11/1994;101
8;1;265624;16/11/1994;101
8;1;265632;16/11/1994;101
8;1;265659;21/11/1994;101
8;1;265675;14/11/1994;101
8;1;265683;16/11/1994;101
8;1;265713;16/11/1994;101
8;1;265730;16/11/1994;101
8;1;265748;17/11/1994;101
8;1;265756;12/11/1994;101
8;1;265764;12/11/1994;101
8;1;265772;16/11/1994;101
8;1;265829;16/11/1994;101
8;1;265837;21/11/1994;101
8;1;265845;22/11/1994;101
8;1;265853;18/11/1994;101
8;1;265888;07/11/1994;101
8;1;265900;01/12/1994;101
8;1;265934;01/12/1994;101
8;1;265969;01/12/1994;101
8;1;265977;01/12/1994;101
8;1;266094;01/12/1994;101
8;1;266116;01/12/1994;101
8;1;266159;01/12/1994;101
8;1;266167;01/12/1994;101
8;1;266175;01/12/1994;101
8;1;266213;01/12/1994;101
8;1;266281;01/12/1994;101
8;1;266311;01/12/1994;101
8;1;266345;01/12/1994;101
8;1;266396;01/12/1994;101
8;1;266418;01/12/1994;101
8;1;266442;01/12/1994;101
8;1;266523;01/12/1994;101
8;1;266582;01/12/1994;101
8;1;266591;01/12/1994;101
8;1;266639;01/12/1994;101
8;1;266647;01/12/1994;101
8;1;266698;16/11/1994;101
8;1;266710;01/12/1994;101
8;1;266787;01/12/1994;101
8;1;266795;01/12/1994;101
8;1;266809;01/12/1994;101
8;1;266876;01/12/1994;101
8;1;266884;01/12/1994;101
8;1;266922;01/12/1994;101
8;1;266949;01/12/1994;101
8;1;266957;01/12/1994;101
8;1;266965;01/12/1994;101
8;1;266973;01/12/1994;101
8;1;267015;01/12/1994;101
8;1;267074;01/12/1994;101
8;1;267155;05/12/1994;101
8;1;267180;05/12/1994;101
8;1;267309;05/12/1994;101
8;1;267317;07/12/1994;101
8;1;267325;01/12/1994;101
8;1;267333;01/12/1994;101
8;1;267350;01/12/1994;101
8;1;267392;01/12/1994;101
8;1;267406;01/12/1994;101
8;1;267414;01/12/1994;101
8;1;267422;05/12/1994;101
8;1;267431;05/12/1994;101
8;1;267449;01/12/1994;101
8;1;267457;06/12/1994;101
8;1;267465;06/12/1994;101
8;1;267490;07/12/1994;101
8;1;267503;01/12/1994;101
8;1;267538;01/12/1994;101
8;1;267554;05/12/1994;101
8;1;267562;03/12/1994;101
8;1;267571;05/12/1994;101
8;1;267589;05/12/1994;101
8;1;267597;05/12/1994;101
8;1;267601;12/12/1994;101
8;1;267619;01/12/1994;101
8;1;267627;07/12/1994;101
8;1;267635;12/12/1994;101
8;1;267643;12/12/1994;101
8;1;267660;09/12/1994;101
8;1;267694;12/12/1994;101
8;1;267708;09/12/1994;101
8;1;267716;05/12/1994;101
8;1;267759;08/12/1994;101
8;1;267767;16/12/1994;101
8;1;267783;01/12/1994;101
8;1;267805;05/12/1994;101
8;1;267813;01/12/1994;101
8;1;267830;01/12/1994;101
8;1;267848;01/12/1994;101
8;1;267856;07/12/1994;101
8;1;267864;01/12/1994;101
8;1;267872;09/12/1994;101
8;1;267881;01/12/1994;101
8;1;267902;20/12/1994;101
8;1;267911;16/12/1994;101
8;1;267929;20/12/1994;101
8;1;267937;21/12/1994;101
8;1;267945;14/12/1994;101
8;1;267953;20/12/1994;101
8;1;267970;19/12/1994;101
8;1;267988;05/12/1994;101
8;1;267996;12/12/1994;101
8;1;268003;03/01/1995;101
8;1;268020;02/01/1995;101
8;1;268038;02/01/1995;101
8;1;268046;02/01/1995;101
8;1;268054;03/01/1995;101
8;1;268062;02/01/1995;101
8;1;268089;02/01/1995;101
8;1;268097;02/01/1995;101
8;1;268101;03/01/1995;101
8;1;268119;02/01/1995;101
8;1;268127;02/01/1995;101
8;1;268135;02/01/1995;101
8;1;268143;03/01/1995;101
8;1;268160;04/01/1995;101
8;1;268178;09/01/1995;101
8;1;268186;09/01/1995;101
8;1;268194;05/01/1995;101
8;1;268208;10/01/1995;101
8;1;268216;09/01/1995;101
8;1;268224;10/01/1995;101
8;1;268232;10/01/1995;101
8;1;268241;11/01/1995;101
8;1;268259;10/01/1995;101
8;1;268267;09/01/1995;101
8;1;268275;02/01/1995;101
8;1;268283;02/01/1995;101
8;1;268305;02/01/1995;101
8;1;268313;02/01/1995;101
8;1;268330;16/01/1995;101
8;1;268348;16/01/1995;101
8;1;268356;20/01/1995;101
8;1;268364;17/01/1995;101
8;1;268372;02/01/1995;101
8;1;268381;01/02/1995;101
8;1;268399;01/02/1995;101
8;1;268402;02/01/1995;101
8;1;268411;21/01/1995;101
8;1;268429;06/01/1995;101
8;1;268437;23/01/1995;101
8;1;268445;20/01/1995;101
8;1;268453;20/01/1995;101
8;1;268470;16/01/1995;101
8;1;268488;20/01/1995;101
8;1;268496;16/01/1995;101
8;1;268500;18/01/1995;101
8;1;268518;10/01/1995;101
8;1;268526;24/01/1995;101
8;1;268542;23/01/1995;101
8;1;268551;18/01/1995;101
8;1;268569;25/01/1995;101
8;1;268577;01/02/1995;101
8;1;268585;01/02/1995;101
8;1;268593;01/02/1995;101
8;1;268607;01/02/1995;101
8;1;268615;01/02/1995;101
8;1;268623;01/02/1995;101
8;1;268640;07/02/1995;101
8;1;268666;09/02/1995;101
8;1;268674;06/02/1995;101
8;1;268682;02/01/1995;101
8;1;268691;08/09/1986;101
8;1;268704;07/02/1995;101
8;1;268712;15/02/1995;101
8;1;268721;08/02/1995;101
8;1;268739;03/02/1995;101
8;1;268747;16/02/1995;101
8;1;268755;20/02/1995;101
8;1;268763;08/02/1995;101
8;1;268780;07/02/1995;101
8;1;268798;13/02/1995;101
8;1;268810;01/02/1995;101
8;1;268828;16/02/1995;101
8;1;268836;04/02/1995;101
8;1;268844;10/02/1995;101
8;1;268852;01/02/1995;101
8;1;268861;10/02/1995;101
8;1;268879;15/02/1995;101
8;1;268887;15/02/1995;101
8;1;268895;15/02/1995;101
8;1;268909;15/02/1995;101
8;1;268917;15/02/1995;101
8;1;268925;16/02/1995;101
8;1;268933;04/02/1995;101
8;1;268950;16/02/1995;101
8;1;268968;10/02/1995;101
8;1;268976;10/02/1995;101
8;1;268992;15/02/1995;101
8;1;269000;15/02/1995;101
8;1;269018;15/02/1995;101
8;1;269026;13/02/1995;101
8;1;269034;15/02/1995;101
8;1;269042;16/02/1995;101
8;1;269051;09/02/1995;101
8;1;269069;20/02/1995;101
8;1;269077;15/02/1995;101
8;1;269085;16/02/1995;101
8;1;269093;20/02/1995;101
8;1;269107;20/02/1995;101
8;1;269115;20/02/1995;101
8;1;269123;01/02/1995;101
8;1;269140;20/02/1995;101
8;1;269158;20/02/1995;101
8;1;269166;17/02/1995;101
8;1;269174;14/02/1995;101
8;1;269182;15/02/1995;101
8;1;269191;16/02/1995;101
8;1;269204;13/02/1995;101
8;1;269212;20/02/1995;101
8;1;269221;01/02/1995;101
8;1;269239;20/02/1995;101
8;1;269255;01/03/1995;101
8;1;269263;01/03/1995;101
8;1;269280;01/03/1995;101
8;1;269298;01/03/1995;101
8;1;269310;01/03/1995;101
8;1;269328;01/03/1995;101
8;1;269336;01/03/1995;101
8;1;269344;01/03/1995;101
8;1;269352;01/03/1995;101
8;1;269361;07/03/1995;101
8;1;269379;09/03/1995;101
8;1;269387;01/03/1995;101
8;1;269395;01/03/1995;101
8;1;269409;06/03/1995;101
8;1;269417;09/03/1995;101
8;1;269425;15/03/1995;101
8;1;269433;07/03/1995;101
8;1;269450;01/03/1995;101
8;1;269468;09/03/1995;101
8;1;269476;16/03/1995;101
8;1;269484;01/03/1995;101
8;1;269492;02/03/1995;101
8;1;269506;07/03/1995;101
8;1;269514;04/03/1995;101
8;1;269522;01/03/1995;101
8;1;269531;04/03/1995;101
8;1;269549;02/03/1995;101
8;1;269557;01/03/1995;101
8;1;269565;13/03/1995;101
8;1;269573;13/03/1995;101
8;1;269590;13/03/1995;101
8;1;269603;13/03/1995;101
8;1;269620;13/03/1995;101
8;1;269638;06/03/1995;101
8;1;269646;10/03/1995;101
8;1;269654;01/03/1995;101
8;1;269662;13/03/1995;101
8;1;269671;02/03/1995;101
8;1;269689;02/03/1995;101
8;1;269697;03/03/1995;101
8;1;269701;06/03/1995;101
8;1;269719;03/03/1995;101
8;1;269727;01/03/1995;101
8;1;269735;06/03/1995;101
8;1;269743;01/03/1995;101
8;1;269760;15/03/1995;101
8;1;269778;15/03/1995;101
8;1;269786;10/03/1995;101
8;1;269794;15/03/1995;101
8;1;269808;06/03/1995;101
8;1;269816;01/03/1995;101
8;1;269824;01/03/1995;101
8;1;269832;15/03/1995;101
8;1;269841;13/03/1995;101
8;1;269859;10/03/1995;101
8;1;269867;10/03/1995;101
8;1;269875;02/03/1995;101
8;1;269883;01/03/1995;101
8;1;269905;01/03/1995;101
8;1;269913;10/03/1995;101
8;1;269930;16/03/1995;101
8;1;269948;15/03/1995;101
8;1;269956;14/03/1995;101
8;1;269964;21/03/1995;101
8;1;269972;16/03/1995;101
8;1;269981;15/03/1995;101
8;1;269999;16/03/1995;101
8;1;270008;07/03/1995;101
8;1;270016;16/03/1995;101
8;1;270024;07/03/1995;101
8;1;270032;17/03/1995;101
8;1;270041;20/03/1995;101
8;1;270059;17/03/1995;101
8;1;270067;16/03/1995;101
8;1;270075;15/03/1995;101
8;1;270083;11/03/1995;101
8;1;270113;20/03/1995;101
8;1;270130;15/03/1995;101
8;1;270148;15/03/1995;101
8;1;270156;16/03/1995;101
8;1;270164;23/03/1995;101
8;1;270172;16/03/1995;101
8;1;270181;16/03/1995;101
8;1;270199;16/03/1995;101
8;1;270202;16/03/1995;101
8;1;270211;14/03/1995;101
8;1;270229;20/03/1995;101
8;1;270237;16/03/1995;101
8;1;270245;27/03/1995;101
8;1;270253;24/03/1995;101
8;1;270270;20/03/1995;101
8;1;270288;20/03/1995;101
8;1;270296;03/04/1995;101
8;1;270300;03/04/1995;101
8;1;270318;04/04/1995;101
8;1;270326;04/04/1995;101
8;1;270334;04/04/1995;101
8;1;270342;04/04/1995;101
8;1;270351;04/04/1995;101
8;1;270369;01/04/1995;101
8;1;270377;03/04/1995;101
8;1;270385;03/04/1995;101
8;1;270393;10/04/1995;101
8;1;270407;01/04/1995;101
8;1;270415;01/04/1995;101
8;1;270423;03/04/1995;101
8;1;270440;17/04/1995;101
8;1;270458;17/04/1995;101
8;1;270466;01/04/1995;101
8;1;270474;18/04/1995;101
8;1;270482;01/04/1995;101
8;1;270491;01/04/1995;101
8;1;270504;10/04/1995;101
8;1;270512;05/04/1995;101
8;1;270521;12/04/1995;101
8;1;270539;03/04/1995;101
8;1;270547;10/04/1995;101
8;1;270555;03/04/1995;101
8;1;270563;01/04/1995;101
8;1;270580;01/04/1995;101
8;1;270598;17/04/1995;101
8;1;270610;03/04/1995;101
8;1;270628;03/04/1995;101
8;1;270636;01/04/1995;101
8;1;270652;10/04/1995;101
8;1;270661;08/04/1995;101
8;1;270679;03/04/1995;101
8;1;270687;03/04/1995;101
8;1;270695;01/04/1995;101
8;1;270709;01/04/1995;101
8;1;270717;01/04/1995;101
8;1;270725;03/04/1995;101
8;1;270733;15/04/1995;101
8;1;270750;07/04/1995;101
8;1;270768;08/04/1995;101
8;1;270776;06/04/1995;101
8;1;270784;20/04/1995;101
8;1;270792;12/04/1995;101
8;1;270806;13/04/1995;101
8;1;270814;16/04/1995;101
8;1;270822;03/04/1995;101
8;1;270831;01/04/1995;101
8;1;270849;17/04/1995;101
8;1;270857;10/04/1995;101
8;1;270865;10/04/1995;101
8;1;270873;10/04/1995;101
8;1;270890;17/04/1995;101
8;1;270903;17/04/1995;101
8;1;270920;01/04/1995;101
8;1;270946;11/04/1995;101
8;1;270954;01/04/1995;101
8;1;270962;01/04/1995;101
8;1;270971;18/04/1995;101
8;1;270989;16/04/1995;101
8;1;270997;18/04/1995;101
8;1;271004;01/04/1995;101
8;1;271012;20/04/1995;101
8;1;271021;15/04/1995;101
8;1;271039;17/04/1995;101
8;1;271047;24/04/1995;101
8;1;271055;24/04/1995;101
8;1;271063;24/04/1995;101
8;1;271080;04/04/1995;101
8;1;271098;19/04/1995;101
8;1;271110;15/04/1995;101
8;1;271128;19/04/1995;101
8;1;271136;19/04/1995;101
8;1;271144;17/04/1995;101
8;1;271152;01/04/1995;101
8;1;271161;01/05/1995;101
8;1;271179;11/04/1995;101
8;1;271195;03/04/1995;101
8;1;271209;10/04/1995;101
8;1;271217;10/04/1995;101
8;1;271225;03/04/1995;101
8;1;271233;10/04/1995;101
8;1;271250;10/04/1995;101
8;1;271268;10/04/1995;101
8;1;271276;03/04/1995;101
8;1;271284;02/05/1995;101
8;1;271292;02/05/1995;101
8;1;271306;02/05/1995;101
8;1;271314;08/05/1995;101
8;1;271322;09/05/1995;101
8;1;271331;02/05/1995;101
8;1;271349;02/05/1995;101
8;1;271357;02/05/1995;101
8;1;271365;02/05/1995;101
8;1;271373;15/05/1995;101
8;1;271390;15/05/1995;101
8;1;271403;02/05/1995;101
8;1;271420;08/05/1995;101
8;1;271438;02/05/1995;101
8;1;271446;04/05/1995;101
8;1;271454;02/05/1995;101
8;1;271462;02/05/1995;101
8;1;271471;08/05/1995;101
8;1;271489;04/05/1995;101
8;1;271497;02/05/1995;101
8;1;271501;01/05/1995;101
8;1;271519;02/05/1995;101
8;1;271527;02/05/1995;101
8;1;271535;02/05/1995;101
8;1;271543;12/05/1995;101
8;1;271560;10/05/1995;101
8;1;271578;16/05/1995;101
8;1;271586;02/05/1995;101
8;1;271594;02/05/1995;101
8;1;271608;02/05/1995;101
8;1;271616;02/05/1995;101
8;1;271624;02/05/1995;101
8;1;271632;02/05/1995;101
8;1;271641;02/05/1995;101
8;1;271659;03/05/1995;101
8;1;271667;09/05/1995;101
8;1;271675;16/05/1995;101
8;1;271683;02/05/1995;101
8;1;271705;04/05/1995;101
8;1;271713;03/05/1995;101
8;1;271730;13/05/1995;101
8;1;271748;04/05/1995;101
8;1;271756;19/05/1995;101
8;1;271764;22/05/1995;101
8;1;271772;22/05/1995;101
8;1;271781;02/05/1995;101
8;1;271799;15/05/1995;101
8;1;271802;13/05/1995;101
8;1;271811;03/05/1995;101
8;1;271829;02/05/1995;101
8;1;271845;10/05/1995;101
8;1;271853;12/05/1995;101
8;1;271870;16/05/1995;101
8;1;271888;16/05/1995;101
8;1;271900;04/05/1995;101
8;1;271918;22/05/1995;101
8;1;271926;19/05/1995;101
8;1;271934;22/05/1995;101
8;1;271942;01/06/1995;101
282;1;271951;25/05/1995;101
8;1;271951;25/05/1995;101
8;1;271969;24/05/1995;101
8;1;271977;06/06/1995;101
8;1;271985;05/06/1995;101
8;1;271993;01/06/1995;101
8;1;272001;01/06/1995;101
8;1;272019;05/06/1995;101
8;1;272027;01/06/1995;101
8;1;272035;01/06/1995;101
8;1;272043;15/06/1995;101
8;1;272060;01/06/1995;101
8;1;272078;01/06/1995;101
8;1;272086;01/06/1995;101
8;1;272094;01/06/1995;101
8;1;272108;12/06/1995;101
8;1;272116;12/06/1995;101
8;1;272124;01/06/1995;101
8;1;272132;01/06/1995;101
8;1;272141;01/06/1995;101
8;1;272159;12/06/1995;101
8;1;272167;01/06/1995;101
8;1;272175;03/06/1995;101
8;1;272183;01/06/1995;101
8;1;272205;16/06/1995;101
8;1;272213;01/06/1995;101
8;1;272230;01/06/1995;101
8;1;272248;08/06/1995;101
8;1;272256;02/06/1995;101
8;1;272264;19/06/1995;101
8;1;272272;05/06/1995;101
8;1;272281;01/06/1995;101
8;1;272299;16/06/1995;101
8;1;272302;16/06/1995;101
8;1;272311;20/06/1995;101
8;1;272329;19/06/1995;101
8;1;272337;01/06/1995;101
8;1;272345;08/06/1995;101
8;1;272353;12/06/1995;101
8;1;272370;06/06/1995;101
8;1;272388;12/06/1995;101
8;1;272396;20/06/1995;101
8;1;272400;12/06/1995;101
8;1;272418;07/06/1995;101
8;1;272426;08/06/1995;101
8;1;272434;09/06/1995;101
8;1;272442;19/06/1995;101
8;1;272451;20/06/1995;101
8;1;272469;01/06/1995;101
8;1;272477;01/06/1995;101
8;1;272485;08/06/1995;101
8;1;272493;09/06/1995;101
8;1;272507;01/06/1995;101
8;1;272515;20/06/1995;101
8;1;272523;20/06/1995;101
8;1;272540;01/06/1995;101
8;1;272558;01/06/1995;101
8;1;272566;03/07/1995;101
8;1;272574;03/07/1995;101
8;1;272582;03/07/1995;101
8;1;272591;03/07/1995;101
8;1;272604;03/07/1995;101
8;1;272612;03/07/1995;101
8;1;272639;03/07/1995;101
8;1;272647;03/07/1995;101
8;1;272655;03/07/1995;101
8;1;272663;03/07/1995;101
8;1;272680;03/07/1995;101
8;1;272698;03/07/1995;101
8;1;272710;03/07/1995;101
8;1;272728;03/07/1995;101
8;1;272736;10/07/1995;101
8;1;272744;03/07/1995;101
8;1;272752;03/07/1995;101
8;1;272761;10/07/1995;101
8;1;272779;03/07/1995;101
8;1;272787;10/07/1995;101
8;1;272795;10/07/1995;101
8;1;272809;10/07/1995;101
8;1;272817;10/07/1995;101
8;1;272825;05/07/1995;101
8;1;272833;10/07/1995;101
8;1;272850;10/07/1995;101
8;1;272868;10/07/1995;101
8;1;272876;10/07/1995;101
8;1;272884;03/07/1995;101
8;1;272892;05/07/1995;101
8;1;272906;03/07/1995;101
8;1;272914;03/07/1995;101
8;1;272922;03/07/1995;101
8;1;272931;03/07/1995;101
8;1;272949;05/07/1995;101
8;1;272957;10/07/1995;101
8;1;272965;03/07/1995;101
8;1;272973;03/07/1995;101
8;1;272990;10/07/1995;101
8;1;273015;03/07/1995;101
8;1;273023;03/07/1995;101
8;1;273040;10/07/1995;101
8;1;273058;10/07/1995;101
8;1;273066;10/07/1995;101
8;1;273074;05/07/1995;101
8;1;273082;06/07/1995;101
8;1;273091;03/07/1995;101
8;1;273104;05/07/1995;101
8;1;273112;03/07/1995;101
8;1;273121;14/07/1995;101
8;1;273139;07/07/1995;101
8;1;273147;10/07/1995;101
8;1;273155;11/07/1995;101
8;1;273163;07/07/1995;101
8;1;273180;02/05/1995;101
8;1;273198;03/07/1995;101
8;1;273210;07/07/1995;101
8;1;273228;10/07/1995;101
8;1;273236;03/07/1995;101
8;1;273244;12/07/1995;101
8;1;273252;10/07/1995;101
8;1;273261;10/07/1995;101
8;1;273279;17/07/1995;101
8;1;273287;10/07/1995;101
8;1;273295;10/07/1995;101
8;1;273309;07/07/1995;101
8;1;273317;03/07/1995;101
8;1;273325;10/07/1995;101
8;1;273350;07/07/1995;101
8;1;273368;17/07/1995;101
8;1;273376;17/07/1995;101
8;1;273384;17/07/1995;101
8;1;273392;13/07/1995;101
8;1;273406;17/07/1995;101
8;1;273414;13/07/1995;101
8;1;273422;17/07/1995;101
8;1;273431;17/07/1995;101
8;1;273449;10/07/1995;101
8;1;273457;12/07/1995;101
8;1;273473;12/07/1995;101
8;1;273503;11/07/1995;101
8;1;273520;17/07/1995;101
8;1;273538;14/07/1995;101
8;1;273546;12/07/1995;101
8;1;273554;17/07/1995;101
8;1;273571;17/07/1995;101
8;1;273589;01/08/1995;101
8;1;273597;10/07/1995;101
8;1;273601;17/07/1995;101
8;1;273619;20/07/1995;101
8;1;273627;13/07/1995;101
8;1;273635;20/07/1995;101
8;1;273643;24/07/1995;101
8;1;273660;01/08/1995;101
8;1;273678;01/08/1995;101
8;1;273694;01/08/1995;101
8;1;273708;01/07/1991;101
8;1;273716;01/10/1981;101
8;1;273724;07/07/1982;101
8;1;273732;22/09/1983;101
8;1;273741;15/02/1993;101
8;1;273759;08/06/1995;101
8;1;273767;17/07/1995;101
8;1;273775;01/08/1995;101
8;1;273783;01/08/1995;101
8;1;273805;14/08/1995;101
8;1;273813;14/08/1995;101
8;1;273830;02/08/1995;101
8;1;273848;01/08/1995;101
8;1;273856;03/08/1995;101
8;1;273864;01/08/1995;101
8;1;273872;08/08/1995;101
8;1;273881;01/08/1995;101
8;1;273899;01/08/1995;101
8;1;273902;02/08/1995;101
8;1;273911;03/08/1995;101
8;1;273929;01/08/1995;101
8;1;273937;01/08/1995;101
8;1;273945;01/08/1995;101
8;1;273953;01/08/1995;101
8;1;273970;08/08/1995;101
8;1;273988;14/08/1995;101
8;1;273996;01/08/1995;101
8;1;274003;01/08/1995;101
8;1;274020;01/08/1995;101
8;1;274038;08/08/1995;101
8;1;274046;03/08/1995;101
8;1;274054;03/08/1995;101
8;1;274062;01/08/1995;101
8;1;274071;14/08/1995;101
8;1;274089;22/08/1995;101
8;1;274097;21/08/1995;101
8;1;274101;15/08/1995;101
8;1;274119;18/08/1995;101
8;1;274127;21/08/1995;101
8;1;274135;18/08/1995;101
8;1;274143;22/08/1995;101
8;1;274160;28/08/1995;101
8;1;274178;21/08/1995;101
8;1;274186;15/08/1995;101
8;1;274194;15/08/1995;101
8;1;274208;21/08/1995;101
8;1;274216;21/08/1995;101
8;1;274224;22/08/1995;101
8;1;274232;16/08/1995;101
8;1;274241;02/08/1995;101
8;1;274259;01/08/1995;101
8;1;274267;21/08/1995;101
8;1;274275;12/08/1995;101
8;1;274283;16/08/1995;101
8;1;274305;21/08/1995;101
8;1;274313;10/08/1995;101
8;1;274330;07/08/1995;101
8;1;274348;10/08/1995;101
8;1;274356;21/08/1995;101
8;1;274364;04/08/1995;101
8;1;274372;10/08/1995;101
8;1;274381;21/08/1995;101
8;1;274399;01/08/1995;101
8;1;274402;16/08/1995;101
8;1;274411;01/08/1995;101
8;1;274429;14/08/1995;101
8;1;274437;01/08/1995;101
8;1;274445;21/08/1995;101
8;1;274453;24/08/1995;101
8;1;274470;21/08/1995;101
8;1;274488;21/08/1995;101
8;1;274496;01/09/1995;101
8;1;274500;05/09/1995;101
8;1;274518;01/09/1995;101
8;1;274526;01/09/1995;101
8;1;274534;21/08/1995;101
8;1;274542;21/08/1995;101
8;1;274551;01/09/1995;101
8;1;274569;11/09/1995;101
8;1;274577;01/09/1995;101
8;1;274585;01/09/1995;101
8;1;274593;04/09/1995;101
8;1;274607;01/09/1995;101
8;1;274615;01/09/1995;101
8;1;274623;04/09/1995;101
8;1;274640;04/09/1995;101
8;1;274658;12/09/1995;101
8;1;274666;11/09/1995;101
8;1;274674;01/09/1995;101
8;1;274682;19/09/1995;101
8;1;274691;01/09/1995;101
8;1;274704;01/09/1995;101
8;1;274712;16/09/1995;101
8;1;274721;20/09/1995;101
8;1;274739;21/09/1995;101
8;1;274747;02/10/1995;101
8;1;274755;01/09/1995;101
8;1;274763;01/09/1995;101
8;1;274780;21/09/1995;101
8;1;274798;16/09/1995;101
8;1;274810;01/09/1995;101
8;1;274828;01/09/1995;101
8;1;274836;01/09/1995;101
8;1;274844;18/09/1995;101
8;1;274852;11/09/1995;101
8;1;274861;20/09/1995;101
8;1;274879;14/09/1995;101
8;1;274887;25/09/1995;101
8;1;274895;02/10/1995;101
8;1;274909;04/10/1995;101
8;1;274917;03/10/1995;101
8;1;274925;09/10/1995;101
8;1;274933;04/10/1995;101
8;1;274950;02/10/1995;101
8;1;274968;09/10/1995;101
8;1;274976;02/10/1995;101
8;1;274984;16/10/1995;101
8;1;274992;03/10/1995;101
8;1;275000;04/10/1995;101
8;1;275018;02/10/1995;101
8;1;275026;02/10/1995;101
8;1;275034;02/10/1995;101
8;1;275042;02/10/1995;101
8;1;275051;02/10/1995;101
8;1;275069;02/10/1995;101
8;1;275077;03/10/1995;101
8;1;275085;02/10/1995;101
8;1;275093;05/10/1995;101
8;1;275107;02/10/1995;101
8;1;275115;02/10/1995;101
8;1;275123;02/10/1995;101
8;1;275140;02/10/1995;101
8;1;275158;09/10/1995;101
8;1;275166;02/10/1995;101
8;1;275174;02/10/1995;101
8;1;275182;02/10/1995;101
8;1;275191;02/10/1995;101
8;1;275204;16/10/1995;101
8;1;275212;16/10/1995;101
8;1;275221;09/10/1995;101
8;1;275239;16/10/1995;101
8;1;275247;02/10/1995;101
8;1;275255;18/10/1995;101
8;1;275263;05/10/1995;101
8;1;275280;13/10/1995;101
8;1;275298;13/10/1995;101
8;1;275310;02/10/1995;101
8;1;275328;02/10/1995;101
8;1;275336;16/10/1995;101
8;1;275344;23/10/1995;101
8;1;275352;10/10/1995;101
8;1;275361;02/10/1995;101
8;1;275379;05/10/1995;101
8;1;275387;16/10/1995;101
8;1;275395;02/10/1995;101
8;1;275409;06/10/1995;101
8;1;275417;09/10/1995;101
8;1;275425;20/10/1995;101
8;1;275433;11/10/1995;101
8;1;275450;09/10/1995;101
8;1;275468;09/10/1995;101
8;1;275476;16/10/1995;101
8;1;275484;02/10/1995;101
8;1;275492;16/10/1995;101
8;1;275506;16/10/1995;101
8;1;275514;17/10/1995;101
8;1;275522;09/10/1995;101
8;1;275531;02/10/1995;101
8;1;275549;02/10/1995;101
8;1;275557;16/10/1995;101
8;1;275565;13/10/1995;101
8;1;275573;18/10/1995;101
8;1;275590;16/10/1995;101
8;1;275603;07/10/1995;101
8;1;275620;16/10/1995;101
8;1;275638;16/10/1995;101
8;1;275646;23/10/1995;101
8;1;275654;23/10/1995;101
8;1;275662;23/10/1995;101
8;1;275671;23/10/1995;101
8;1;275689;03/10/1995;101
8;1;275697;23/10/1995;101
8;1;275701;01/11/1995;101
8;1;275719;03/11/1995;101
8;1;275727;01/11/1995;101
8;1;275735;01/11/1995;101
8;1;275743;01/11/1995;101
8;1;275760;03/11/1995;101
8;1;275778;01/11/1995;101
8;1;275786;01/11/1995;101
8;1;275794;01/11/1995;101
8;1;275808;06/11/1995;101
8;1;275816;06/11/1995;101
8;1;275824;06/11/1995;101
8;1;275832;06/11/1995;101
8;1;275841;06/11/1995;101
8;1;275859;01/11/1995;101
8;1;275867;01/11/1995;101
8;1;275875;09/11/1995;101
8;1;275883;06/11/1995;101
8;1;275905;03/11/1995;101
8;1;275913;01/11/1995;101
8;1;275930;06/11/1995;101
8;1;275956;01/11/1995;101
8;1;275964;01/11/1995;101
8;1;275972;01/11/1995;101
8;1;275981;06/11/1995;101
8;1;275999;01/11/1995;101
8;1;276014;01/11/1995;101
8;1;276022;01/11/1995;101
8;1;276031;06/11/1995;101
8;1;276049;06/11/1995;101
8;1;276057;06/11/1995;101
8;1;276065;06/11/1995;101
8;1;276073;01/11/1995;101
8;1;276090;01/11/1995;101
8;1;276103;06/11/1995;101
8;1;276120;06/11/1995;101
8;1;276138;01/11/1995;101
8;1;276146;01/11/1995;101
8;1;276154;01/11/1995;101
8;1;276162;01/11/1995;101
8;1;276171;08/11/1995;101
8;1;276189;08/11/1995;101
8;1;276197;08/11/1995;101
8;1;276201;08/11/1995;101
8;1;276227;06/11/1995;101
8;1;276260;06/11/1995;101
8;1;276278;06/11/1995;101
8;1;276286;06/11/1995;101
8;1;276294;06/11/1995;101
8;1;276308;06/11/1995;101
8;1;276316;06/11/1995;101
8;1;276324;06/11/1995;101
8;1;276332;06/11/1995;101
8;1;276341;06/11/1995;101
8;1;276359;06/11/1995;101
8;1;276367;06/11/1995;101
8;1;276375;06/11/1995;101
8;1;276383;06/11/1995;101
8;1;276405;03/11/1995;101
8;1;276413;06/11/1995;101
8;1;276430;13/11/1995;101
8;1;276448;13/11/1995;101
8;1;276456;13/11/1995;101
8;1;276464;01/11/1995;101
8;1;276472;06/11/1995;101
8;1;276481;01/11/1995;101
8;1;276499;20/11/1995;101
8;1;276502;16/11/1995;101
8;1;276511;01/11/1995;101
8;1;276529;10/11/1995;101
8;1;276537;01/11/1995;101
8;1;276545;16/11/1995;101
8;1;276553;16/11/1995;101
8;1;276570;01/11/1995;101
8;1;276588;01/11/1995;101
8;1;276596;01/11/1995;101
8;1;276600;10/11/1995;101
8;1;276618;01/11/1995;101
8;1;276626;01/11/1995;101
8;1;276634;01/11/1995;101
8;1;276642;01/12/1995;101
8;1;276651;06/11/1995;101
8;1;276669;06/11/1995;101
8;1;276677;10/11/1995;101
8;1;276685;06/11/1995;101
8;1;276693;14/11/1995;101
8;1;276707;13/11/1995;101
8;1;276715;13/11/1995;101
8;1;276723;20/11/1995;101
8;1;276740;20/11/1995;101
8;1;276758;20/11/1995;101
8;1;276766;20/11/1995;101
8;1;276774;20/11/1995;101
8;1;276782;03/11/1995;101
8;1;276791;16/11/1995;101
8;1;276804;20/11/1995;101
8;1;276812;18/11/1995;101
8;1;276821;16/11/1995;101
8;1;276839;16/11/1995;101
8;1;276847;16/11/1995;101
8;1;276855;16/11/1995;101
8;1;276863;14/11/1995;101
8;1;276880;16/11/1995;101
8;1;276898;13/11/1995;101
8;1;276910;16/11/1995;101
8;1;276928;16/11/1995;101
8;1;276936;14/11/1995;101
8;1;276944;04/12/1995;101
8;1;276952;01/11/1995;101
8;1;276961;16/11/1995;101
8;1;276979;22/11/1995;101
8;1;276987;17/11/1995;101
8;1;276995;20/11/1995;101
8;1;277002;23/11/1995;101
8;1;277045;04/12/1995;101
8;1;277053;23/11/1995;101
8;1;277070;23/11/1995;101
8;1;277088;23/11/1995;101
8;1;277096;23/11/1995;101
8;1;277100;24/11/1995;101
8;1;277118;23/11/1995;101
8;1;277126;23/11/1995;101
8;1;277134;27/11/1995;101
8;1;277142;27/11/1995;101
8;1;277151;27/11/1995;101
8;1;277169;24/11/1995;101
8;1;277177;23/11/1995;101
8;1;277185;23/11/1995;101
8;1;277193;23/11/1995;101
8;1;277207;23/11/1995;101
8;1;277215;08/11/1995;101
8;1;277223;01/12/1995;101
8;1;277240;04/12/1995;101
8;1;277258;01/12/1995;101
8;1;277266;05/12/1995;101
8;1;277274;04/12/1995;101
8;1;277282;04/12/1995;101
8;1;277291;05/12/1995;101
8;1;277304;05/12/1995;101
8;1;277312;05/12/1995;101
8;1;277321;04/12/1995;101
8;1;277339;04/12/1995;101
8;1;277347;04/12/1995;101
8;1;277355;01/12/1995;101
8;1;277363;04/12/1995;101
8;1;277380;04/12/1995;101
8;1;277398;04/12/1995;101
8;1;277410;04/12/1995;101
8;1;277428;04/12/1995;101
8;1;277436;04/12/1995;101
8;1;277444;04/12/1995;101
8;1;277452;05/12/1995;101
8;1;277461;04/12/1995;101
8;1;277479;04/12/1995;101
8;1;277487;04/12/1995;101
8;1;277495;04/12/1995;101
8;1;277509;04/12/1995;101
8;1;277517;04/12/1995;101
8;1;277525;04/12/1995;101
8;1;277533;04/12/1995;101
8;1;277550;04/12/1995;101
8;1;277568;04/12/1995;101
8;1;277576;04/12/1995;101
8;1;277584;04/12/1995;101
8;1;277592;04/12/1995;101
8;1;277606;04/12/1995;101
8;1;277614;04/12/1995;101
8;1;277622;04/12/1995;101
8;1;277631;04/12/1995;101
8;1;277649;04/12/1995;101
8;1;277657;04/12/1995;101
8;1;277665;04/12/1995;101
8;1;277673;04/12/1995;101
8;1;277690;04/12/1995;101
8;1;277703;04/12/1995;101
8;1;277720;04/12/1995;101
8;1;277738;04/12/1995;101
8;1;277746;04/12/1995;101
8;1;277754;04/12/1995;101
8;1;277762;04/12/1995;101
8;1;277771;04/12/1995;101
8;1;277789;04/12/1995;101
8;1;277797;04/12/1995;101
8;1;277801;04/12/1995;101
8;1;277819;04/12/1995;101
8;1;277827;04/12/1995;101
8;1;277835;04/12/1995;101
8;1;277843;04/12/1995;101
8;1;277860;04/12/1995;101
8;1;277878;04/12/1995;101
8;1;277886;04/12/1995;101
8;1;277894;04/12/1995;101
8;1;277908;04/12/1995;101
8;1;277916;04/12/1995;101
8;1;277924;04/12/1995;101
8;1;277932;04/12/1995;101
8;1;277941;04/12/1995;101
8;1;277959;04/12/1995;101
8;1;277967;04/12/1995;101
8;1;277975;04/12/1995;101
8;1;277983;04/12/1995;101
8;1;278009;04/12/1995;101
8;1;278017;04/12/1995;101
8;1;278025;04/12/1995;101
8;1;278033;04/12/1995;101
8;1;278050;04/12/1995;101
8;1;278068;04/12/1995;101
8;1;278076;04/12/1995;101
8;1;278084;04/12/1995;101
8;1;278092;04/12/1995;101
8;1;278106;04/12/1995;101
8;1;278114;04/12/1995;101
8;1;278122;04/12/1995;101
8;1;278131;04/12/1995;101
8;1;278149;04/12/1995;101
8;1;278157;04/12/1995;101
8;1;278165;04/12/1995;101
8;1;278173;04/12/1995;101
8;1;278190;04/12/1995;101
8;1;278203;04/12/1995;101
8;1;278220;04/12/1995;101
8;1;278238;04/12/1995;101
8;1;278246;04/12/1995;101
8;1;278254;04/12/1995;101
8;1;278262;04/12/1995;101
8;1;278271;05/12/1995;101
8;1;278289;04/12/1995;101
8;1;278297;04/12/1995;101
8;1;278301;04/12/1995;101
8;1;278319;04/12/1995;101
8;1;278327;07/12/1995;101
8;1;278335;04/12/1995;101
8;1;278360;04/12/1995;101
8;1;278378;05/12/1995;101
8;1;278386;08/12/1995;101
8;1;278394;16/12/1995;101
8;1;278408;06/12/1995;101
8;1;278416;04/12/1995;101
8;1;278424;04/12/1995;101
8;1;278432;04/12/1995;101
8;1;278441;04/12/1995;101
8;1;278459;04/12/1995;101
8;1;278467;04/12/1995;101
8;1;278475;07/12/1995;101
8;1;278483;11/12/1995;101
8;1;278505;04/12/1995;101
8;1;278513;01/12/1995;101
8;1;278530;20/12/1995;101
8;1;278548;04/12/1995;101
8;1;278556;04/12/1995;101
8;1;278564;12/12/1995;101
8;1;278572;01/12/1995;101
8;1;278581;06/12/1995;101
8;1;278599;07/12/1995;101
8;1;278602;04/12/1995;101
8;1;278611;04/12/1995;101
8;1;278629;04/12/1995;101
8;1;278637;01/12/1995;101
8;1;278645;06/12/1995;101
8;1;278653;06/12/1995;101
8;1;278670;04/12/1995;101
8;1;278688;13/12/1995;101
8;1;278696;01/11/1994;101
8;1;278718;04/12/1995;101
8;1;278726;08/12/1995;101
8;1;278734;08/12/1995;101
8;1;278742;04/12/1995;101
8;1;278751;04/12/1995;101
8;1;278769;04/12/1995;101
8;1;278777;04/12/1995;101
8;1;278785;07/12/1995;101
8;1;278793;07/12/1995;101
8;1;278807;04/12/1995;101
8;1;278815;04/12/1995;101
8;1;278823;04/12/1995;101
8;1;278840;07/12/1995;101
8;1;278858;04/12/1995;101
8;1;278866;04/12/1995;101
8;1;278874;18/12/1995;101
8;1;278882;04/12/1995;101
8;1;278891;04/12/1995;101
8;1;278904;04/12/1995;101
8;1;278912;04/12/1995;101
8;1;278921;04/12/1995;101
8;1;278939;04/12/1995;101
8;1;278947;04/12/1995;101
8;1;278955;04/12/1995;101
8;1;278963;04/12/1995;101
8;1;278980;04/12/1995;101
8;1;278998;04/12/1995;101
8;1;279005;04/12/1995;101
8;1;279013;04/12/1995;101
8;1;279030;04/12/1995;101
8;1;279048;04/12/1995;101
8;1;279056;04/12/1995;101
8;1;279064;04/12/1995;101
8;1;279072;04/12/1995;101
8;1;279081;15/12/1995;101
8;1;279099;15/12/1995;101
8;1;279102;02/01/1996;101
8;1;279111;04/12/1995;101
8;1;279129;01/12/1995;101
8;1;279145;04/12/1995;101
8;1;279153;04/12/1995;101
8;1;279170;04/12/1995;101
8;1;279188;04/12/1995;101
8;1;279196;18/12/1995;101
8;1;279200;06/12/1995;101
8;1;279218;04/12/1995;101
8;1;279226;18/12/1995;101
8;1;279234;04/12/1995;101
8;1;279242;11/12/1995;101
8;1;279251;11/12/1995;101
8;1;279269;20/12/1995;101
8;1;279277;18/12/1995;101
8;1;279285;18/12/1995;101
8;1;279293;18/12/1995;101
8;1;279307;18/12/1995;101
8;1;279315;18/12/1995;101
8;1;279323;18/12/1995;101
8;1;279340;18/12/1995;101
8;1;279358;18/12/1995;101
8;1;279366;18/12/1995;101
8;1;279374;18/12/1995;101
8;1;279382;18/12/1995;101
8;1;279391;18/12/1995;101
8;1;279404;02/01/1996;101
8;1;279412;04/12/1995;101
8;1;279421;14/12/1995;101
8;1;279439;04/12/1995;101
8;1;279447;01/12/1995;101
8;1;279455;05/12/1995;101
8;1;279463;15/12/1995;101
8;1;279480;18/12/1995;101
8;1;279498;04/12/1995;101
8;1;279510;20/12/1995;101
8;1;279528;19/12/1995;101
8;1;279536;18/12/1995;101
8;1;279544;18/12/1995;101
8;1;279552;18/12/1995;101
8;1;279561;18/12/1995;101
8;1;279579;18/12/1995;101
8;1;279587;18/12/1995;101
8;1;279595;18/12/1995;101
8;1;279609;18/12/1995;101
8;1;279617;18/12/1995;101
8;1;279625;18/12/1995;101
8;1;279633;18/12/1995;101
8;1;279650;18/12/1995;101
8;1;279668;18/12/1995;101
8;1;279676;18/12/1995;101
8;1;279684;18/12/1995;101
8;1;279692;18/12/1995;101
8;1;279706;18/12/1995;101
8;1;279714;04/12/1995;101
8;1;279722;11/12/1995;101
8;1;279731;18/12/1995;101
8;1;279749;12/12/1995;101
8;1;279757;06/12/1995;101
8;1;279765;18/12/1995;101
8;1;279773;04/12/1995;101
8;1;279790;07/12/1995;101
8;1;279803;04/12/1995;101
8;1;279820;08/12/1995;101
8;1;279838;04/12/1995;101
8;1;279846;18/12/1995;101
8;1;279854;18/12/1995;101
8;1;279862;20/12/1995;101
8;1;279871;18/12/1995;101
8;1;279889;20/12/1995;101
8;1;279897;20/12/1995;101
8;1;279901;16/12/1995;101
8;1;279919;01/12/1995;101
8;1;279927;18/12/1995;101
8;1;279935;05/12/1995;101
8;1;279943;05/12/1995;101
8;1;279960;04/12/1995;101
8;1;279978;15/12/1995;101
8;1;279986;11/12/1995;101
8;1;279994;05/12/1995;101
8;1;280003;01/12/1995;101
8;1;280020;03/01/1996;101
8;1;280038;02/01/1996;101
8;1;280046;02/01/1996;101
8;1;280054;12/01/1996;101
8;1;280062;15/01/1996;101
8;1;280071;02/01/1996;101
8;1;280089;02/01/1996;101
8;1;280097;02/01/1996;101
8;1;280101;15/01/1996;101
8;1;280119;02/01/1996;101
8;1;280127;08/01/1996;101
8;1;280135;15/01/1996;101
8;1;280143;02/01/1996;101
8;1;280160;02/01/1996;101
8;1;280178;02/01/1996;101
8;1;280186;02/01/1996;101
8;1;280194;03/01/1996;101
8;1;280208;02/01/1996;101
8;1;280216;02/01/1996;101
8;1;280224;02/01/1996;101
8;1;280232;02/01/1996;101
8;1;280241;15/01/1996;101
8;1;280259;02/01/1996;101
8;1;280267;02/01/1996;101
8;1;280275;22/01/1996;101
8;1;280283;02/01/1996;101
8;1;280305;02/01/1996;101
8;1;280313;10/01/1996;101
8;1;280330;02/01/1996;101
8;1;280348;02/01/1996;101
8;1;280356;03/01/1996;101
8;1;280364;22/01/1996;101
8;1;280372;15/01/1996;101
8;1;280381;15/01/1996;101
8;1;280399;10/01/1996;101
8;1;280402;02/01/1996;101
8;1;280411;15/01/1996;101
8;1;280429;02/01/1996;101
8;1;280437;08/01/1996;101
8;1;280445;02/01/1996;101
8;1;280453;15/01/1996;101
8;1;280470;15/01/1996;101
8;1;280488;15/01/1996;101
8;1;280496;10/01/1996;101
8;1;280500;08/01/1996;101
8;1;280518;09/01/1996;101
8;1;280526;10/01/1996;101
8;1;280534;13/01/1996;101
8;1;280542;13/01/1996;101
8;1;280551;13/01/1996;101
8;1;280569;15/01/1996;101
8;1;280577;05/01/1996;101
8;1;280585;16/01/1996;101
8;1;280593;15/01/1996;101
8;1;280607;15/01/1996;101
8;1;280615;12/01/1996;101
8;1;280623;02/01/1996;101
8;1;280640;02/01/1996;101
8;1;280658;02/01/1996;101
8;1;280666;02/01/1996;101
8;1;280674;20/01/1996;101
8;1;280682;08/01/1996;101
8;1;280691;02/01/1996;101
8;1;280704;02/01/1996;101
8;1;280712;15/01/1996;101
8;1;280721;15/01/1996;101
8;1;280739;15/01/1996;101
8;1;280747;02/01/1996;101
8;1;280755;18/01/1996;101
8;1;280763;15/01/1996;101
8;1;280780;13/01/1996;101
8;1;280798;15/01/1996;101
8;1;280810;15/01/1996;101
8;1;280828;15/01/1996;101
8;1;280836;15/01/1996;101
8;1;280844;15/01/1996;101
8;1;280852;15/01/1996;101
8;1;280861;08/01/1996;101
8;1;280879;08/01/1996;101
8;1;280887;02/01/1996;101
8;1;280895;15/01/1996;101
8;1;280909;15/01/1996;101
8;1;280917;15/01/1996;101
8;1;280925;15/01/1996;101
8;1;280933;02/01/1996;101
8;1;280950;02/01/1996;101
8;1;280968;16/01/1996;101
8;1;280976;10/01/1996;101
8;1;280984;22/01/1996;101
8;1;280992;15/01/1996;101
8;1;281000;20/01/1996;101
8;1;281018;16/01/1996;101
8;1;281026;15/01/1996;101
8;1;281034;20/01/1996;101
8;1;281042;02/01/1996;101
8;1;281051;15/01/1996;101
8;1;281069;15/01/1996;101
8;1;281077;02/01/1996;101
8;1;281085;16/01/1996;101
8;1;281093;15/01/1996;101
8;1;281107;17/01/1996;101
8;1;281115;02/01/1996;101
8;1;281123;11/01/1996;101
8;1;281140;26/01/1996;101
8;1;281158;15/01/1996;101
8;1;281166;12/01/1996;101
8;1;281174;13/01/1996;101
8;1;281182;19/01/1996;101
8;1;281191;18/01/1996;101
8;1;281204;19/01/1996;101
8;1;281212;19/01/1996;101
8;1;281221;02/01/1996;101
8;1;281239;13/01/1996;101
8;1;281247;12/02/1996;101
8;1;281255;01/02/1996;101
8;1;281263;01/02/1996;101
8;1;281280;01/02/1996;101
8;1;281298;01/02/1996;101
8;1;281310;01/02/1996;101
8;1;281328;01/02/1996;101
8;1;281336;01/02/1996;101
8;1;281344;01/02/1996;101
8;1;281352;01/02/1996;101
8;1;281361;01/02/1996;101
8;1;281379;15/02/1996;101
8;1;281387;12/02/1996;101
8;1;281395;12/02/1996;101
8;1;281409;01/02/1996;101
8;1;281417;02/02/1996;101
8;1;281425;15/02/1996;101
8;1;281433;09/02/1996;101
8;1;281450;09/02/1996;101
8;1;281468;09/02/1996;101
8;1;281476;09/02/1996;101
8;1;281484;09/02/1996;101
8;1;281492;09/02/1996;101
8;1;281506;09/02/1996;101
8;1;281514;09/02/1996;101
8;1;281522;09/02/1996;101
8;1;281531;09/02/1996;101
8;1;281549;05/02/1996;101
8;1;281557;15/02/1996;101
8;1;281565;05/02/1996;101
8;1;281573;12/02/1996;101
8;1;281590;01/02/1996;101
8;1;281603;01/02/1996;101
8;1;281620;01/02/1996;101
8;1;281638;01/02/1996;101
8;1;281646;02/02/1996;101
8;1;281654;01/02/1996;101
8;1;281662;05/02/1996;101
8;1;281671;01/02/1996;101
8;1;281689;09/02/1996;101
8;1;281697;12/02/1996;101
8;1;281701;01/02/1996;101
8;1;281719;01/02/1996;101
8;1;281727;01/02/1996;101
8;1;281735;01/02/1996;101
8;1;281743;01/02/1996;101
8;1;281760;01/02/1996;101
8;1;281778;01/02/1996;101
8;1;281786;12/02/1996;101
8;1;281794;12/02/1996;101
8;1;281808;12/02/1996;101
8;1;281816;12/02/1996;101
8;1;281824;12/02/1996;101
8;1;281832;12/02/1996;101
8;1;281841;12/02/1996;101
8;1;281859;12/02/1996;101
8;1;281867;15/02/1996;101
8;1;281875;15/02/1996;101
8;1;281883;01/02/1996;101
8;1;281905;01/02/1996;101
8;1;281913;01/02/1996;101
8;1;281930;01/02/1996;101
8;1;281948;01/02/1996;101
8;1;281956;01/02/1996;101
8;1;281964;01/02/1996;101
8;1;281972;01/02/1996;101
8;1;281981;12/02/1996;101
8;1;281999;12/02/1996;101
8;1;282006;12/02/1996;101
8;1;282014;12/02/1996;101
8;1;282031;01/02/1996;101
8;1;282049;12/02/1996;101
8;1;282057;12/02/1996;101
8;1;282065;12/02/1996;101
8;1;282073;15/02/1996;101
8;1;282090;01/02/1996;101
8;1;282103;01/02/1996;101
8;1;282120;01/02/1996;101
8;1;282138;15/02/1996;101
8;1;282146;15/02/1996;101
8;1;282154;01/02/1996;101
8;1;282162;01/02/1996;101
8;1;282171;13/02/1996;101
8;1;282189;14/02/1996;101
8;1;282197;12/02/1996;101
8;1;282201;16/02/1996;101
8;1;282219;12/02/1996;101
8;1;282227;09/02/1996;101
8;1;282235;12/02/1996;101
8;1;282243;12/02/1996;101
8;1;282260;15/02/1996;101
8;1;282278;06/02/1996;101
8;1;282286;05/02/1996;101
8;1;282294;05/02/1996;101
8;1;282308;13/02/1996;101
8;1;282316;08/02/1996;101
8;1;282324;08/02/1996;101
8;1;282332;01/02/1996;101
8;1;282341;01/02/1996;101
8;1;282359;01/02/1996;101
8;1;282367;01/02/1996;101
8;1;282375;01/02/1996;101
8;1;282383;01/02/1996;101
8;1;282405;01/03/1996;101
8;1;282413;01/02/1996;101
8;1;282430;01/03/1996;101
8;1;282448;04/03/1996;101
8;1;282456;06/03/1996;101
8;1;282464;07/03/1996;101
8;1;282472;11/03/1996;101
8;1;282481;01/03/1996;101
8;1;282499;01/03/1996;101
8;1;282502;16/02/1996;101
8;1;282511;01/03/1996;101
8;1;282529;01/03/1996;101
8;1;282537;01/03/1996;101
8;1;282545;04/03/1996;101
8;1;282553;07/03/1996;101
8;1;282570;05/03/1996;101
8;1;282588;05/03/1996;101
8;1;282596;01/03/1996;101
8;1;282600;05/03/1996;101
8;1;282618;08/03/1996;101
8;1;282626;01/03/1996;101
8;1;282634;04/03/1996;101
8;1;282642;01/03/1996;101
8;1;282651;01/03/1996;101
8;1;282669;01/03/1996;101
8;1;282677;01/03/1996;101
8;1;282685;01/03/1996;101
8;1;282693;01/03/1996;101
8;1;282707;01/03/1996;101
8;1;282715;01/03/1996;101
8;1;282723;01/03/1996;101
8;1;282740;01/03/1996;101
8;1;282758;01/03/1996;101
8;1;282766;01/03/1996;101
8;1;282774;04/03/1996;101
8;1;282782;01/03/1996;101
8;1;282791;01/03/1996;101
8;1;282804;05/03/1996;101
8;1;282812;12/03/1996;101
8;1;282821;14/03/1996;101
8;1;282839;15/03/1996;101
8;1;282847;18/03/1996;101
8;1;282855;16/03/1996;101
8;1;282863;08/03/1996;101
8;1;282880;11/03/1996;101
8;1;282898;20/03/1996;101
8;1;282910;11/03/1996;101
8;1;282928;11/03/1996;101
8;1;282936;08/03/1996;101
8;1;282944;09/03/1996;101
8;1;282952;01/03/1996;101
8;1;282961;08/03/1996;101
8;1;282979;11/03/1996;101
8;1;282987;15/03/1996;101
8;1;282995;07/03/1996;101
8;1;283002;04/03/1996;101
8;1;283011;15/03/1996;101
8;1;283029;11/03/1996;101
8;1;283037;11/03/1996;101
8;1;283045;11/03/1996;101
8;1;283053;11/03/1996;101
8;1;283070;11/03/1996;101
8;1;283088;11/03/1996;101
8;1;283096;11/03/1996;101
8;1;283100;05/03/1996;101
8;1;283118;11/03/1996;101
8;1;283126;04/03/1996;101
8;1;283134;01/03/1996;101
8;1;283142;02/03/1996;101
8;1;283151;01/03/1996;101
8;1;283169;11/03/1996;101
8;1;283177;11/03/1996;101
8;1;283185;11/03/1996;101
8;1;283193;07/03/1996;101
8;1;283207;20/03/1996;101
8;1;283215;11/03/1996;101
8;1;283223;05/03/1996;101
8;1;283240;14/03/1996;101
8;1;283258;01/03/1996;101
8;1;283266;18/03/1996;101
8;1;283274;09/03/1996;101
8;1;283282;01/03/1996;101
8;1;283291;04/03/1996;101
8;1;283304;01/03/1996;101
8;1;283312;15/03/1996;101
8;1;283321;01/03/1996;101
8;1;283339;14/03/1996;101
8;1;283347;19/03/1996;101
8;1;283355;22/03/1996;101
8;1;283363;15/03/1996;101
8;1;283380;01/03/1996;101
8;1;283398;01/04/1996;101
8;1;283410;01/04/1996;101
8;1;283428;01/04/1996;101
8;1;283436;01/04/1996;101
8;1;283444;08/04/1996;101
8;1;283461;01/04/1996;101
8;1;283479;01/04/1996;101
8;1;283487;01/04/1996;101
8;1;283495;01/04/1996;101
8;1;283509;01/04/1996;101
8;1;283517;16/04/1996;101
8;1;283525;01/04/1996;101
8;1;283533;01/04/1996;101
8;1;283550;01/04/1996;101
8;1;283568;01/04/1996;101
8;1;283576;01/04/1996;101
8;1;283584;01/04/1996;101
8;1;283592;02/04/1996;101
8;1;283606;01/04/1996;101
8;1;283614;01/04/1996;101
8;1;283622;01/04/1996;101
8;1;283631;01/04/1996;101
8;1;283649;01/04/1996;101
8;1;283657;01/04/1996;101
8;1;283665;01/04/1996;101
8;1;283673;01/04/1996;101
8;1;283690;15/09/1992;101
8;1;283703;10/07/1995;101
8;1;283720;01/04/1989;101
8;1;283738;16/08/1993;101
8;1;283746;01/03/1993;101
8;1;283754;15/04/1996;101
8;1;283762;01/04/1996;101
8;1;283771;08/04/1996;101
8;1;283789;15/04/1996;101
8;1;283797;15/04/1996;101
8;1;283801;12/04/1996;101
8;1;283819;10/04/1996;101
8;1;283827;15/04/1996;101
8;1;283835;16/04/1996;101
8;1;283843;12/04/1996;101
8;1;283860;16/04/1996;101
8;1;283878;08/04/1996;101
8;1;283886;16/04/1996;101
8;1;283894;15/04/1996;101
8;1;283908;01/04/1996;101
8;1;283916;16/04/1996;101
8;1;283924;08/04/1996;101
8;1;283932;12/04/1996;101
8;1;283941;16/04/1996;101
8;1;283959;01/04/1996;101
8;1;283967;16/04/1996;101
8;1;283975;11/04/1996;101
8;1;283983;12/04/1996;101
8;1;284009;11/04/1996;101
8;1;284017;15/04/1996;101
8;1;284025;08/04/1996;101
8;1;284033;08/04/1996;101
8;1;284050;01/04/1996;101
8;1;284068;15/04/1996;101
8;1;284076;16/04/1996;101
8;1;284084;08/04/1996;101
8;1;284092;08/04/1996;101
8;1;284106;08/04/1996;101
8;1;284114;01/04/1996;101
8;1;284122;01/04/1996;101
8;1;284131;01/04/1996;101
8;1;284149;04/04/1996;101
8;1;284157;10/04/1996;101
8;1;284165;03/04/1996;101
8;1;284173;16/04/1996;101
8;1;284190;01/04/1996;101
8;1;284203;02/05/1996;101
8;1;284220;18/04/1996;101
8;1;284238;01/04/1996;101
8;1;284246;01/04/1996;101
8;1;284254;08/04/1996;101
8;1;284262;08/04/1996;101
8;1;284271;10/04/1996;101
8;1;284289;12/04/1996;101
8;1;284297;01/04/1996;101
8;1;284301;10/04/1996;101
8;1;284319;02/04/1996;101
8;1;284327;08/04/1996;101
8;1;284335;15/04/1996;101
8;1;284343;17/04/1996;101
8;1;284360;22/04/1996;101
8;1;284378;10/04/1996;101
8;1;284386;15/04/1996;101
8;1;284394;10/04/1996;101
8;1;284408;12/04/1996;101
8;1;284416;01/04/1996;101
8;1;284424;01/04/1996;101
8;1;284432;01/04/1996;101
8;1;284441;10/04/1996;101
8;1;284459;16/04/1996;101
8;1;284467;22/04/1996;101
8;1;284475;22/04/1996;101
8;1;284483;22/04/1996;101
8;1;284505;20/04/1996;101
8;1;284513;22/04/1996;101
8;1;284530;19/04/1996;101
8;1;284548;23/04/1996;101
8;1;284556;26/04/1996;101
8;1;284564;17/04/1996;101
8;1;284572;17/04/1996;101
8;1;284581;17/04/1996;101
8;1;284599;26/04/1996;101
8;1;284602;17/04/1996;101
8;1;284611;15/04/1996;101
8;1;284629;18/04/1996;101
8;1;284637;06/05/1996;101
8;1;284645;02/05/1996;101
8;1;284653;02/05/1996;101
8;1;284670;02/05/1996;101
8;1;284688;02/05/1996;101
8;1;284696;06/05/1996;101
8;1;284700;02/05/1996;101
8;1;284718;06/05/1996;101
8;1;284726;07/05/1996;101
8;1;284734;02/05/1996;101
8;1;284742;06/05/1996;101
8;1;284751;06/05/1996;101
8;1;284769;13/05/1996;101
8;1;284777;02/05/1996;101
8;1;284785;06/05/1996;101
8;1;284793;06/05/1996;101
8;1;284807;06/05/1996;101
8;1;284815;02/05/1996;101
8;1;284823;02/05/1996;101
8;1;284840;02/05/1996;101
8;1;284858;07/05/1996;101
8;1;284866;20/05/1996;101
8;1;284874;09/05/1996;101
8;1;284882;02/05/1996;101
8;1;284891;02/05/1996;101
8;1;284904;10/05/1996;101
8;1;284912;06/05/1996;101
8;1;284921;13/05/1996;101
8;1;284939;15/05/1996;101
8;1;284947;09/05/1996;101
8;1;284955;15/05/1996;101
8;1;284963;10/05/1996;101
8;1;284980;07/05/1996;101
8;1;284998;08/05/1996;101
8;1;285005;09/05/1996;101
8;1;285013;15/05/1996;101
8;1;285030;09/05/1996;101
8;1;285048;07/05/1996;101
8;1;285056;10/05/1996;101
8;1;285064;10/05/1996;101
8;1;285072;11/05/1996;101
8;1;285081;10/05/1996;101
8;1;285099;09/05/1996;101
8;1;285102;10/05/1996;101
8;1;285111;06/05/1996;101
8;1;285129;07/05/1996;101
8;1;285137;14/05/1996;101
8;1;285145;17/05/1996;101
8;1;285153;14/05/1996;101
8;1;285170;16/05/1996;101
8;1;285188;13/05/1996;101
8;1;285196;08/05/1996;101
8;1;285200;20/05/1996;101
8;1;285218;09/05/1996;101
8;1;285226;13/05/1996;101
8;1;285234;20/05/1996;101
8;1;285242;20/05/1996;101
8;1;285251;17/05/1996;101
8;1;285269;16/05/1996;101
8;1;285277;06/05/1996;101
8;1;285285;02/05/1996;101
8;1;285293;22/05/1996;101
8;1;285307;07/05/1996;101
8;1;285315;07/05/1996;101
8;1;285323;20/05/1996;101
8;1;285340;02/05/1996;101
8;1;285358;02/05/1996;101
8;1;285366;21/05/1996;101
8;1;285374;20/05/1996;101
8;1;285382;02/05/1996;101
8;1;285391;20/05/1996;101
8;1;285404;17/05/1996;101
8;1;285412;22/05/1996;101
8;1;285421;20/05/1996;101
8;1;285439;14/05/1996;101
8;1;285447;03/06/1996;101
8;1;285455;03/06/1996;101
8;1;285463;14/05/1996;101
8;1;285480;03/06/1996;101
8;1;285498;03/06/1996;101
8;1;285510;01/06/1996;101
8;1;285528;03/06/1996;101
8;1;285536;03/06/1996;101
8;1;285544;03/06/1996;101
8;1;285552;04/06/1996;101
8;1;285561;03/06/1996;101
8;1;285579;01/06/1996;101
8;1;285587;03/06/1996;101
8;1;285595;03/06/1996;101
8;1;285609;03/06/1996;101
8;1;285617;03/06/1996;101
8;1;285625;03/06/1996;101
8;1;285633;03/06/1996;101
8;1;285650;04/06/1996;101
8;1;285668;03/06/1996;101
8;1;285676;03/06/1996;101
8;1;285684;08/06/1996;101
8;1;285692;08/06/1996;101
8;1;285706;10/06/1996;101
8;1;285714;10/06/1996;101
8;1;285722;12/06/1996;101
8;1;285731;11/06/1996;101
8;1;285749;11/06/1996;101
8;1;285757;11/06/1996;101
8;1;285765;07/06/1996;101
8;1;285773;03/06/1996;101
8;1;285790;17/06/1996;101
8;1;285803;20/06/1996;101
8;1;285820;14/06/1996;101
8;1;285838;17/06/1996;101
8;1;285846;18/06/1996;101
8;1;285854;14/06/1996;101
8;1;285862;01/06/1996;101
8;1;285871;17/06/1996;101
8;1;285889;17/06/1996;101
8;1;285897;17/06/1996;101
8;1;285901;20/06/1996;101
8;1;285919;04/06/1996;101
8;1;285927;20/06/1996;101
8;1;285935;17/06/1996;101
8;1;285943;17/06/1996;101
8;1;285960;09/06/1996;101
8;1;285978;10/06/1996;101
8;1;285986;01/07/1996;101
8;1;285994;07/06/1996;101
8;1;286010;20/06/1996;101
8;1;286028;01/07/1996;101
8;1;286036;01/07/1996;101
8;1;286044;24/06/1996;101
8;1;286052;01/07/1996;101
8;1;286061;24/06/1996;101
8;1;286079;24/06/1996;101
8;1;286087;17/06/1996;101
8;1;286095;10/06/1996;101
8;1;286109;01/07/1996;101
8;1;286117;01/07/1996;101
8;1;286125;01/07/1996;101
8;1;286133;01/07/1996;101
8;1;286150;04/07/1996;101
8;1;286168;01/07/1996;101
8;1;286176;01/07/1996;101
8;1;286184;09/07/1996;101
8;1;286192;01/07/1996;101
8;1;286206;04/07/1996;101
8;1;286214;04/07/1996;101
8;1;286222;01/07/1996;101
8;1;286231;01/07/1996;101
8;1;286249;16/07/1996;101
8;1;286257;02/07/1996;101
8;1;286265;01/07/1996;101
8;1;286273;03/07/1996;101
8;1;286290;10/07/1996;101
8;1;286303;08/07/1996;101
8;1;286320;12/07/1996;101
8;1;286338;12/07/1996;101
8;1;286346;20/07/1996;101
8;1;286362;08/07/1996;101
8;1;286371;12/07/1996;101
8;1;286389;09/07/1996;101
8;1;286397;16/07/1996;101
8;1;286401;09/07/1996;101
8;1;286419;01/07/1996;101
8;1;286427;16/07/1996;101
8;1;286435;01/07/1996;101
8;1;286443;17/07/1996;101
8;1;286460;16/07/1996;101
8;1;286478;11/07/1996;101
8;1;286486;11/07/1996;101
8;1;286494;17/07/1996;101
8;1;286508;01/07/1996;101
8;1;286516;15/07/1996;101
8;1;286524;08/07/1996;101
8;1;286532;01/07/1996;101
8;1;286541;11/07/1996;101
8;1;286559;01/07/1996;101
8;1;286567;08/07/1996;101
8;1;286575;06/07/1996;101
8;1;286583;10/07/1996;101
8;1;286605;01/07/1996;101
8;1;286613;01/07/1996;101
8;1;286648;10/07/1996;101
8;1;286656;16/07/1996;101
8;1;286664;15/07/1996;101
8;1;286672;12/07/1996;101
8;1;286681;06/07/1996;101
8;1;286699;12/07/1996;101
8;1;286702;11/07/1996;101
8;1;286711;15/07/1996;101
8;1;286729;01/07/1996;101
8;1;286737;13/07/1996;101
8;1;286745;22/07/1996;101
8;1;286753;22/07/1996;101
8;1;286770;10/07/1996;101
8;1;286788;22/07/1996;101
8;1;286796;16/07/1996;101
8;1;286800;12/07/1996;101
8;1;286818;20/07/1996;101
8;1;286826;20/07/1996;101
8;1;286842;17/07/1996;101
8;1;286851;19/07/1996;101
8;1;286869;18/07/1996;101
8;1;286877;11/07/1996;101
8;1;286885;03/07/1996;101
8;1;286893;19/07/1996;101
8;1;286907;16/07/1996;101
8;1;286915;01/07/1996;101
8;1;286923;05/08/1996;101
8;1;286940;01/07/1996;101
8;1;286958;01/08/1996;101
8;1;286966;01/08/1996;101
8;1;286974;01/08/1996;101
8;1;286982;01/08/1996;101
8;1;286991;01/08/1996;101
8;1;287008;01/08/1996;101
8;1;287016;01/08/1996;101
8;1;287024;01/08/1996;101
8;1;287032;01/08/1996;101
8;1;287041;01/08/1996;101
8;1;287059;01/08/1996;101
8;1;287067;05/08/1996;101
8;1;287075;02/08/1996;101
8;1;287083;01/08/1996;101
8;1;287105;01/08/1996;101
8;1;287113;01/08/1996;101
8;1;287130;01/08/1996;101
8;1;287148;05/08/1996;101
8;1;287156;05/08/1996;101
8;1;287164;01/08/1996;101
8;1;287172;15/08/1996;101
8;1;287181;05/08/1996;101
8;1;287199;05/08/1996;103
8;1;287202;05/08/1996;103
8;1;287211;05/08/1996;103
8;1;287229;05/08/1996;103
8;1;287237;05/08/1996;103
8;1;287245;01/08/1996;101
8;1;287253;01/08/1996;101
8;1;287270;01/08/1996;101
8;1;287288;01/08/1996;101
8;1;287296;01/08/1996;101
8;1;287300;01/08/1996;101
8;1;287318;05/08/1996;101
8;1;287326;10/08/1996;101
8;1;287334;07/08/1996;101
8;1;287342;07/08/1996;101
276;1;287351;05/08/1996;101
8;1;287351;05/08/1996;101
8;1;287369;05/08/1996;101
8;1;287377;06/08/1996;101
8;1;287385;07/08/1996;101
8;1;287393;16/08/1996;101
8;1;287407;12/08/1996;101
8;1;287415;15/08/1996;101
8;1;287423;12/08/1996;101
8;1;287440;09/08/1996;101
8;1;287451;09/08/1996;101
8;1;287466;01/08/1996;101
8;1;287474;19/08/1996;101
8;1;287482;15/08/1996;101
8;1;287491;01/08/1996;101
8;1;287504;10/08/1996;101
8;1;287521;06/08/1996;101
8;1;287539;06/08/1996;101
8;1;287547;06/08/1996;101
8;1;287555;02/08/1996;101
8;1;287563;05/08/1996;101
8;1;287580;12/08/1996;101
8;1;287598;13/08/1996;101
8;1;287610;07/08/1996;101
8;1;287628;16/08/1996;101
8;1;287636;01/08/1996;101
8;1;287644;15/08/1996;101
8;1;287652;09/08/1996;101
8;1;287661;19/08/1996;101
8;1;287679;16/08/1996;101
8;1;287687;19/08/1996;101
8;1;287695;15/08/1996;101
8;1;287709;12/08/1996;101
8;1;287717;10/08/1996;101
8;1;287725;01/08/1996;101
8;1;287733;01/08/1996;101
8;1;287750;13/08/1996;101
8;1;287768;20/08/1996;101
8;1;287776;12/08/1996;101
8;1;287784;13/08/1996;101
8;1;287792;05/08/1996;101
8;1;287806;19/08/1996;101
8;1;287814;16/08/1996;101
8;1;287822;07/08/1996;101
8;1;287831;01/08/1996;101
8;1;287849;02/08/1996;101
8;1;287857;12/08/1996;101
8;1;287865;15/08/1996;101
8;1;287873;21/08/1996;101
8;1;287890;14/08/1996;101
8;1;287903;20/08/1996;101
8;1;287920;02/08/1996;101
8;1;287938;02/08/1996;101
8;1;287946;03/08/1996;101
8;1;287954;07/08/1996;101
8;1;287962;14/08/1996;101
8;1;287971;09/08/1996;101
8;1;287989;23/08/1996;101
8;1;287997;20/08/1996;101
8;1;288004;16/08/1996;101
8;1;288012;15/08/1996;101
8;1;288021;02/05/1996;101
8;1;288039;01/08/1996;101
8;1;288047;01/08/1996;101
8;1;288055;20/08/1996;101
8;1;288063;26/08/1996;101
8;1;288080;26/08/1996;101
8;1;288098;02/09/1996;101
8;1;288110;02/09/1996;101
8;1;288128;02/09/1996;101
8;1;288136;02/09/1996;101
8;1;288144;02/09/1996;101
8;1;288152;02/09/1996;101
8;1;288160;02/09/1996;101
8;1;288179;02/09/1996;101
8;1;288187;02/09/1996;101
8;1;288195;02/09/1996;101
8;1;288209;04/09/1996;101
8;1;288217;02/09/1996;101
8;1;288225;09/09/1996;101
8;1;288233;09/09/1996;101
8;1;288250;11/09/1996;101
8;1;288268;02/09/1996;101
8;1;288276;02/09/1996;101
8;1;288284;06/09/1996;101
8;1;288292;10/09/1996;101
8;1;288306;09/09/1996;101
8;1;288314;09/09/1996;101
8;1;288322;09/09/1996;101
8;1;288330;09/09/1996;101
8;1;288349;09/09/1996;101
8;1;288357;02/09/1996;101
8;1;288365;02/09/1996;101
8;1;288373;02/09/1996;101
8;1;288390;03/09/1996;101
8;1;288403;05/09/1996;101
8;1;288420;09/09/1996;101
8;1;288438;05/09/1996;101
8;1;288446;19/09/1996;101
8;1;288462;12/09/1996;101
8;1;288470;18/09/1996;101
8;1;288489;16/09/1996;101
8;1;288497;16/09/1996;101
8;1;288500;16/09/1996;101
8;1;288519;16/09/1996;101
8;1;288527;16/09/1996;101
8;1;288535;10/09/1996;101
8;1;288543;09/09/1996;101
8;1;288560;13/09/1996;101
8;1;288578;17/09/1996;101
8;1;288586;10/09/1996;101
8;1;288594;13/09/1996;101
8;1;288608;02/09/1996;101
8;1;288616;02/09/1996;101
8;1;288624;12/09/1996;101
8;1;288632;12/09/1996;101
8;1;288640;16/09/1996;101
8;1;288659;09/02/1995;101
8;1;288667;16/09/1996;101
8;1;288675;23/09/1996;101
8;1;288683;23/09/1996;101
8;1;288705;16/09/1996;101
8;1;288713;16/09/1996;101
8;1;288730;20/09/1996;101
8;1;288748;17/09/1996;101
8;1;288756;10/02/1995;101
8;1;288764;04/05/1994;101
8;1;288772;16/09/1996;101
8;1;288780;11/09/1996;101
8;1;288799;18/09/1996;101
8;1;288802;23/09/1996;101
8;1;288810;17/09/1996;101
8;1;288829;25/09/1996;101
8;1;288837;25/09/1996;101
8;1;288845;23/09/1996;101
8;1;288853;20/09/1996;101
8;1;288870;23/09/1996;101
8;1;288888;03/09/1996;101
8;1;288896;03/09/1996;101
8;1;288900;18/09/1996;101
8;1;288918;01/10/1996;101
8;1;288926;01/10/1996;101
8;1;288934;01/10/1996;101
8;1;288942;16/09/1996;101
8;1;288950;16/09/1996;101
8;1;288969;01/10/1996;101
4;1;288969;01/10/1996;101
8;1;288977;09/09/1996;101
8;1;288985;01/10/1996;101
8;1;288993;01/10/1996;101
8;1;289000;07/10/1996;101
8;1;289019;21/10/1996;101
8;1;289027;01/10/1996;101
8;1;289035;01/10/1996;101
8;1;289043;05/10/1996;101
8;1;289060;01/10/1996;101
8;1;289078;02/10/1996;101
8;1;289086;01/10/1996;101
8;1;289094;01/10/1996;101
8;1;289108;01/10/1996;101
8;1;289116;07/10/1996;101
8;1;289175;07/10/1996;101
8;1;289183;21/10/1996;101
8;1;289205;01/10/1996;101
8;1;289213;01/10/1996;101
8;1;289230;10/10/1996;101
8;1;289248;02/10/1996;101
8;1;289256;02/10/1996;101
8;1;289264;01/10/1996;101
8;1;289272;09/10/1996;101
8;1;289280;14/10/1996;101
8;1;289299;01/10/1996;101
8;1;289302;01/10/1996;101
8;1;289310;01/10/1996;101
8;1;289329;16/10/1996;101
8;1;289337;17/10/1996;101
8;1;289345;18/10/1996;101
8;1;289353;08/10/1996;101
8;1;289370;07/10/1996;101
8;1;289388;16/10/1996;101
8;1;289396;21/10/1996;101
8;1;289400;17/10/1996;101
8;1;289418;08/10/1996;101
8;1;289426;21/10/1996;101
8;1;289434;14/10/1996;101
8;1;289442;11/10/1996;101
8;1;289450;11/10/1996;101
8;1;289469;01/10/1996;101
8;1;289477;08/10/1996;101
8;1;289485;14/10/1996;101
8;1;289493;01/10/1996;101
8;1;289507;02/10/1996;101
8;1;289515;16/10/1996;101
8;1;289523;21/10/1996;101
8;1;289540;11/10/1996;101
8;1;289558;22/10/1996;101
8;1;289566;21/10/1996;101
8;1;289574;01/11/1996;101
8;1;289582;21/10/1996;101
8;1;289590;21/10/1996;101
8;1;289604;21/10/1996;101
8;1;289612;21/10/1996;101
8;1;289620;21/10/1996;101
8;1;289639;21/10/1996;101
8;1;289647;21/10/1996;101
8;1;289655;21/10/1996;101
8;1;289663;21/10/1996;101
8;1;289680;21/10/1996;101
8;1;289698;21/10/1996;101
8;1;289710;21/10/1996;101
8;1;289728;21/10/1996;101
8;1;289736;21/10/1996;101
8;1;289744;21/10/1996;101
8;1;289752;21/10/1996;101
8;1;289779;21/10/1996;101
8;1;289787;21/10/1996;101
8;1;289795;21/10/1996;101
8;1;289808;21/10/1996;101
8;1;289817;21/10/1996;101
8;1;289825;09/10/1996;101
8;1;289833;17/10/1996;101
8;1;289850;23/10/1996;101
8;1;289868;20/10/1996;101
8;1;289876;22/10/1996;101
8;1;289884;22/10/1996;101
8;1;289892;18/10/1996;101
8;1;289906;07/10/1996;101
8;1;289914;11/10/1996;101
8;1;289922;07/10/1996;101
8;1;289930;24/10/1996;101
8;1;289949;21/10/1996;101
8;1;289957;02/10/1996;101
8;1;289965;02/10/1996;101
8;1;289973;02/10/1996;101
8;1;289990;01/11/1996;101
8;1;290017;01/11/1996;101
8;1;290025;01/11/1996;101
8;1;290033;01/11/1996;101
8;1;290050;07/10/1996;101
8;1;290068;07/10/1996;101
8;1;290076;07/11/1996;101
8;1;290084;01/11/1996;101
8;1;290092;04/11/1996;101
8;1;290106;04/11/1996;101
8;1;290114;04/11/1996;101
8;1;290122;04/11/1996;101
8;1;290130;05/11/1996;101
8;1;290149;01/11/1996;101
8;1;290157;04/11/1996;101
8;1;290165;06/11/1996;101
8;1;290173;01/11/1996;101
8;1;290190;20/11/1996;101
8;1;290203;04/11/1996;101
8;1;290220;01/11/1996;101
8;1;290238;05/11/1996;101
8;1;290246;04/11/1996;101
8;1;290254;04/11/1996;101
8;1;290262;04/11/1996;101
8;1;290270;01/11/1996;101
8;1;290289;04/11/1996;101
8;1;290297;20/11/1996;101
8;1;290300;07/11/1996;101
8;1;290319;04/11/1996;101
8;1;290327;01/11/1996;101
8;1;290335;07/11/1996;101
8;1;290343;07/11/1996;101
8;1;290360;04/11/1996;101
8;1;290378;04/11/1996;101
8;1;290386;04/11/1996;101
8;1;290394;04/11/1996;101
8;1;290408;04/11/1996;101
8;1;290416;04/11/1996;101
8;1;290424;13/11/1996;101
8;1;290432;11/11/1996;101
8;1;290440;16/11/1996;101
8;1;290459;13/11/1996;101
8;1;290467;07/11/1996;101
8;1;290475;04/11/1996;101
8;1;290483;18/11/1996;101
8;1;290505;18/11/1996;101
8;1;290513;18/11/1996;101
8;1;290530;18/11/1996;101
8;1;290548;18/11/1996;101
8;1;290556;18/11/1996;101
8;1;290564;01/11/1996;101
8;1;290572;01/11/1996;101
8;1;290580;01/11/1996;101
8;1;290599;04/11/1996;101
8;1;290602;19/11/1996;101
8;1;290610;11/11/1996;101
8;1;290629;01/11/1996;101
8;1;290637;01/11/1996;101
8;1;290645;16/11/1996;101
8;1;290653;18/11/1996;101
8;1;290670;09/11/1996;101
8;1;290688;19/11/1996;101
8;1;290696;03/11/1996;101
8;1;290700;18/11/1996;101
8;1;290718;01/11/1996;101
8;1;290726;20/11/1996;101
8;1;290734;20/11/1996;101
8;1;290742;20/11/1996;101
8;1;290750;20/11/1996;101
8;1;290769;20/11/1996;101
8;1;290777;20/11/1996;101
8;1;290785;20/11/1996;101
8;1;290793;02/12/1996;101
8;1;290807;12/11/1996;101
8;1;290815;05/11/1996;101
8;1;290823;05/11/1996;101
8;1;290840;02/12/1996;101
8;1;290858;20/11/1996;101
8;1;290866;20/11/1996;101
8;1;290874;19/11/1996;101
8;1;290882;08/11/1996;101
8;1;290890;16/11/1996;101
8;1;290912;18/11/1996;101
8;1;290920;16/11/1996;101
8;1;290939;21/11/1996;101
8;1;290947;20/11/1996;101
8;1;290955;20/11/1996;101
8;1;290963;16/11/1996;101
8;1;290980;19/11/1996;101
8;1;290998;20/11/1996;101
8;1;291005;02/12/1996;101
8;1;291013;22/11/1996;101
8;1;291030;02/12/1996;101
8;1;291048;02/12/1996;101
8;1;291056;02/12/1996;101
8;1;291064;02/12/1996;101
8;1;291072;02/12/1996;101
8;1;291080;02/12/1996;101
8;1;291099;02/12/1996;101
8;1;291102;02/12/1996;101
8;1;291110;02/12/1996;101
8;1;291129;10/12/1996;101
8;1;291137;02/12/1996;101
8;1;291145;02/12/1996;101
8;1;291153;02/12/1996;101
8;1;291170;02/12/1996;101
8;1;291188;02/12/1996;101
8;1;291196;02/12/1996;101
8;1;291200;02/12/1996;101
8;1;291218;02/12/1996;101
8;1;291226;02/12/1996;101
8;1;291234;02/12/1996;101
8;1;291242;02/12/1996;101
8;1;291250;02/12/1996;101
8;1;291269;02/12/1996;101
8;1;291277;02/12/1996;101
8;1;291285;02/12/1996;101
8;1;291293;02/12/1996;101
8;1;291307;10/12/1996;101
8;1;291315;10/12/1996;101
8;1;291323;02/12/1996;101
8;1;291340;02/12/1996;101
8;1;291358;02/12/1996;101
8;1;291366;02/12/1996;101
8;1;291374;02/12/1996;101
8;1;291382;02/12/1996;101
8;1;291390;02/12/1996;101
8;1;291404;02/12/1996;101
8;1;291412;02/12/1996;101
8;1;291420;02/12/1996;101
8;1;291439;02/12/1996;101
8;1;291447;02/12/1996;101
8;1;291455;02/12/1996;101
8;1;291463;02/12/1996;101
8;1;291480;02/12/1996;101
8;1;291498;02/12/1996;101
8;1;291510;02/12/1996;101
8;1;291528;02/12/1996;101
8;1;291536;02/12/1996;101
8;1;291544;10/12/1996;101
8;1;291552;02/12/1996;101
8;1;291560;02/12/1996;101
8;1;291579;02/12/1996;101
8;1;291587;02/12/1996;101
8;1;291595;02/12/1996;101
8;1;291609;02/12/1996;101
8;1;291617;02/12/1996;101
8;1;291625;02/12/1996;101
8;1;291633;02/12/1996;101
8;1;291650;02/12/1996;101
8;1;291668;02/12/1996;101
8;1;291676;02/12/1996;101
8;1;291684;02/12/1996;101
8;1;291692;02/12/1996;101
8;1;291706;02/12/1996;101
8;1;291714;02/12/1996;101
8;1;291730;02/12/1996;101
8;1;291749;02/12/1996;101
8;1;291757;02/12/1996;101
8;1;291765;02/12/1996;101
8;1;291773;10/12/1996;101
8;1;291790;02/12/1996;101
8;1;291803;02/12/1996;101
8;1;291820;02/12/1996;101
8;1;291838;02/12/1996;101
8;1;291846;03/12/1996;101
8;1;291854;02/12/1996;101
8;1;291862;02/12/1996;101
8;1;291870;02/12/1996;101
8;1;291889;02/12/1996;101
8;1;291897;02/12/1996;101
8;1;291900;02/12/1996;101
8;1;291919;02/12/1996;101
8;1;291927;02/12/1996;101
8;1;291935;02/12/1996;101
8;1;291943;02/12/1996;101
8;1;291960;04/12/1996;101
8;1;291978;02/12/1996;101
8;1;291986;02/12/1996;101
8;1;291994;02/12/1996;101
8;1;292010;02/12/1996;101
8;1;292028;02/12/1996;101
8;1;292036;02/12/1996;101
8;1;292044;02/12/1996;101
8;1;292052;02/12/1996;101
8;1;292060;02/12/1996;101
8;1;292079;02/12/1996;101
8;1;292087;02/12/1996;101
8;1;292095;02/12/1996;101
8;1;292109;02/12/1996;101
8;1;292117;02/12/1996;101
8;1;292125;02/12/1996;101
8;1;292133;02/12/1996;101
8;1;292150;02/12/1996;101
8;1;292168;02/12/1996;101
8;1;292176;12/12/1996;101
8;1;292206;02/12/1996;101
8;1;292214;02/12/1996;101
8;1;292222;02/12/1996;101
8;1;292230;02/12/1996;101
8;1;292249;02/12/1996;101
8;1;292257;02/12/1996;101
8;1;292265;02/12/1996;101
8;1;292273;02/12/1996;101
8;1;292290;02/12/1996;101
8;1;292303;02/12/1996;101
8;1;292320;02/12/1996;101
8;1;292338;02/12/1996;101
8;1;292346;02/12/1996;101
8;1;292354;16/12/1996;101
8;1;292362;02/12/1996;101
8;1;292370;02/12/1996;101
8;1;292389;02/12/1996;101
8;1;292397;02/12/1996;101
8;1;292400;02/12/1996;101
8;1;292419;02/12/1996;101
8;1;292427;02/12/1996;101
8;1;292435;02/12/1996;101
8;1;292443;02/12/1996;101
8;1;292460;08/12/1996;101
8;1;292478;02/12/1996;101
8;1;292486;02/12/1996;101
8;1;292494;02/12/1996;101
8;1;292508;02/12/1996;101
8;1;292516;02/12/1996;101
8;1;292524;01/12/1996;101
8;1;292532;02/12/1996;101
8;1;292540;02/12/1996;101
8;1;292559;02/12/1996;101
8;1;292567;02/12/1996;101
8;1;292575;02/12/1996;101
8;1;292583;02/12/1996;101
8;1;292605;02/12/1996;101
8;1;292613;02/12/1996;101
8;1;292648;02/12/1996;101
8;1;292656;02/12/1996;101
8;1;292664;02/12/1996;101
8;1;292672;02/12/1996;101
8;1;292680;02/12/1996;101
8;1;292699;02/12/1996;101
8;1;292702;02/12/1996;101
8;1;292710;02/12/1996;101
8;1;292729;02/12/1996;101
8;1;292737;02/12/1996;101
8;1;292745;02/12/1996;101
8;1;292753;02/12/1996;101
8;1;292770;02/12/1996;101
8;1;292788;02/12/1996;101
8;1;292796;02/12/1996;101
8;1;292800;02/12/1996;101
8;1;292818;02/12/1996;101
8;1;292826;02/12/1996;101
8;1;292834;02/12/1996;101
8;1;292842;02/12/1996;101
8;1;292850;02/12/1996;101
8;1;292869;02/12/1996;101
8;1;292877;05/12/1996;101
8;1;292885;05/12/1996;101
8;1;292893;02/12/1996;101
8;1;292907;02/12/1996;101
8;1;292915;02/12/1996;101
8;1;292923;02/12/1996;101
8;1;292940;02/12/1996;101
8;1;292958;02/12/1996;101
8;1;292966;09/12/1996;101
8;1;292974;02/12/1996;101
8;1;292982;02/12/1996;101
8;1;292990;02/12/1996;101
8;1;293008;02/12/1996;101
8;1;293016;02/12/1996;101
8;1;293024;02/12/1996;101
8;1;293032;05/12/1996;101
8;1;293040;05/12/1996;101
8;1;293067;05/12/1996;101
8;1;293075;02/12/1996;101
8;1;293083;05/12/1996;101
8;1;293105;03/12/1996;101
8;1;293130;04/12/1996;101
8;1;293148;09/12/1996;101
8;1;293156;05/12/1996;101
8;1;293164;03/12/1996;101
8;1;293172;02/12/1996;101
8;1;293180;04/12/1996;101
8;1;293199;02/12/1996;101
8;1;293202;02/12/1996;101
8;1;293210;09/12/1996;101
8;1;293229;02/12/1996;101
8;1;293237;02/12/1996;101
8;1;293245;12/12/1996;101
8;1;293253;03/12/1996;101
8;1;293270;10/12/1996;101
8;1;293288;20/12/1996;101
8;1;293296;12/12/1996;101
8;1;293300;18/12/1996;101
8;1;293318;09/12/1996;101
8;1;293326;02/12/1996;101
8;1;293334;12/12/1996;101
8;1;293342;20/12/1996;101
8;1;293350;20/12/1996;101
8;1;293369;12/12/1996;101
8;1;293377;06/12/1996;101
8;1;293385;03/12/1996;101
8;1;293393;09/12/1996;101
8;1;293407;05/12/1996;101
8;1;293415;16/12/1996;101
8;1;293423;03/12/1996;101
8;1;293440;18/12/1996;101
8;1;293458;16/12/1996;101
8;1;293466;16/12/1996;101
8;1;293474;02/12/1996;101
8;1;293482;02/12/1996;101
8;1;293490;02/12/1996;101
8;1;293504;05/12/1996;101
8;1;293512;02/12/1996;101
8;1;293520;02/12/1996;101
8;1;293539;09/12/1996;101
8;1;293547;05/12/1996;101
8;1;293555;10/12/1996;101
8;1;293563;10/12/1996;101
8;1;293580;10/12/1996;101
8;1;293598;02/12/1996;101
8;1;293610;16/12/1996;101
8;1;293628;16/12/1996;101
8;1;293636;02/12/1996;101
8;1;293644;02/12/1996;101
8;1;293652;10/12/1996;101
8;1;293679;13/12/1996;101
8;1;293687;16/12/1996;101
8;1;293695;12/12/1996;101
8;1;293709;14/12/1996;101
8;1;293717;18/12/1996;101
8;1;293725;16/12/1996;101
8;1;293733;16/12/1996;101
8;1;293750;12/12/1996;101
8;1;293768;16/12/1996;101
8;1;293776;18/12/1996;101
8;1;293784;20/12/1996;101
8;1;293792;02/12/1996;101
8;1;293814;10/12/1996;101
8;1;293822;12/12/1996;101
8;1;293830;18/12/1996;101
8;1;293849;20/12/1996;101
8;1;293857;23/12/1996;101
8;1;293865;18/12/1996;101
8;1;293873;23/12/1996;101
8;1;293890;13/12/1996;101
8;1;293903;02/01/1997;101
8;1;293920;06/01/1997;101
8;1;293938;03/01/1997;101
8;1;293946;02/01/1997;101
8;1;293954;02/01/1997;101
8;1;293962;02/01/1997;101
8;1;293970;02/01/1997;101
8;1;293989;02/01/1997;101
8;1;293997;02/01/1997;101
8;1;294004;02/01/1997;101
8;1;294012;02/01/1997;101
8;1;294020;06/01/1997;101
8;1;294039;06/01/1997;101
8;1;294047;06/01/1997;101
8;1;294055;06/01/1997;101
8;1;294063;06/01/1997;101
8;1;294080;06/01/1997;101
8;1;294098;06/01/1997;101
8;1;294110;06/01/1997;101
8;1;294128;06/01/1997;101
8;1;294136;06/01/1997;101
8;1;294144;06/01/1997;101
8;1;294152;06/01/1997;101
8;1;294160;06/01/1997;101
8;1;294179;09/01/1997;101
8;1;294187;06/01/1997;101
8;1;294195;06/01/1997;101
8;1;294209;06/01/1997;101
8;1;294217;09/01/1997;101
8;1;294225;06/01/1997;101
8;1;294233;06/01/1997;101
8;1;294250;06/01/1997;101
8;1;294268;06/01/1997;101
8;1;294276;06/01/1997;101
8;1;294284;06/01/1997;101
8;1;294292;20/01/1997;101
8;1;294306;02/01/1997;101
8;1;294314;14/01/1997;101
8;1;294322;08/01/1997;101
8;1;294330;07/01/1997;101
8;1;294349;02/01/1997;101
8;1;294357;02/01/1997;101
8;1;294365;03/01/1997;101
8;1;294373;13/01/1997;101
8;1;294390;02/01/1997;101
8;1;294403;20/01/1997;101
8;1;294420;07/01/1997;101
8;1;294438;10/01/1997;101
8;1;294446;03/02/1997;101
8;1;294454;23/01/1997;101
8;1;294462;20/01/1997;101
8;1;294470;13/01/1997;101
8;1;294489;20/01/1997;101
8;1;294497;02/01/1997;101
8;1;294500;27/01/1997;101
8;1;294519;27/01/1997;101
8;1;294527;09/01/1997;101
8;1;294535;02/01/1997;101
8;1;294543;20/01/1997;101
8;1;294560;02/01/1997;101
8;1;294578;23/01/1997;101
8;1;294586;20/01/1997;101
8;1;294594;01/02/1997;101
8;1;294608;03/02/1997;101
8;1;294616;03/02/1997;101
8;1;294624;06/02/1997;101
8;1;294632;06/02/1997;101
8;1;294640;02/12/1996;101
8;1;294659;20/01/1997;101
8;1;294667;27/01/1997;101
8;1;294675;12/02/1997;101
8;1;294683;01/02/1997;101
8;1;294705;01/02/1997;101
8;1;294713;06/02/1997;101
8;1;294730;17/01/1997;101
8;1;294748;20/01/1997;101
8;1;294756;02/01/1997;101
8;1;294764;27/01/1997;101
8;1;294772;01/02/1997;101
8;1;294780;01/02/1997;101
8;1;294799;03/02/1997;101
8;1;294802;14/02/1997;101
8;1;294810;01/02/1997;101
8;1;294829;01/02/1997;101
8;1;294837;03/02/1997;101
8;1;294845;19/02/1997;101
8;1;294853;18/02/1997;101
8;1;294870;14/02/1997;101
8;1;294888;15/02/1997;101
8;1;294896;15/02/1997;101
8;1;294900;18/03/1997;101
8;1;294918;01/02/1997;101
8;1;294926;20/02/1997;101
8;1;294934;10/02/1997;101
8;1;294942;01/02/1997;101
8;1;294950;01/02/1997;101
8;1;294969;12/02/1997;101
8;1;294977;13/02/1997;101
8;1;294985;20/02/1997;101
8;1;294993;17/02/1997;101
8;1;295000;17/02/1997;101
8;1;295019;17/02/1997;101
8;1;295027;17/02/1997;101
8;1;295035;17/02/1997;101
8;1;295043;05/02/1997;101
8;1;295060;04/02/1997;101
8;1;295078;10/02/1997;101
8;1;295086;01/02/1997;101
8;1;295094;03/02/1997;101
8;1;295108;01/02/1997;101
8;1;295116;19/02/1997;101
8;1;295124;18/02/1997;101
8;1;295132;18/02/1997;101
8;1;295140;20/02/1997;101
8;1;295159;20/02/1997;101
8;1;295167;21/02/1997;101
8;1;295175;19/02/1997;101
8;1;295183;18/02/1997;101
8;1;295205;22/02/1997;101
8;1;295213;13/02/1997;101
8;1;295230;03/03/1997;101
8;1;295248;01/03/1997;101
8;1;295256;18/02/1997;101
8;1;295264;03/02/1997;101
8;1;295272;01/02/1997;101
8;1;295280;01/02/1997;101
8;1;295299;03/03/1997;101
8;1;295302;05/03/1997;101
8;1;295310;13/03/1997;101
8;1;295329;11/03/1997;101
8;1;295337;03/03/1997;101
8;1;295345;03/03/1997;101
8;1;295353;06/03/1997;101
8;1;295370;03/03/1997;101
8;1;295388;03/03/1997;101
8;1;295396;10/03/1997;101
8;1;295400;13/03/1997;101
8;1;295418;14/03/1997;101
8;1;295426;14/03/1997;101
8;1;295434;10/03/1997;101
8;1;295442;12/03/1997;101
8;1;295450;17/03/1997;101
8;1;295469;17/03/1997;101
8;1;295477;17/03/1997;101
8;1;295485;03/03/1997;101
8;1;295493;10/03/1997;101
8;1;295507;01/03/1997;101
8;1;295515;20/03/1997;101
8;1;295523;17/03/1997;101
8;1;295540;17/03/1997;101
8;1;295558;03/03/1997;101
8;1;295566;12/03/1997;101
8;1;295574;17/03/1997;101
8;1;295582;18/03/1997;101
8;1;295590;04/03/1997;101
8;1;295604;03/04/1997;101
8;1;295612;27/03/1997;101
8;1;295620;10/03/1997;101
8;1;295639;04/03/1997;101
8;1;295647;08/03/1997;101
8;1;295653;03/05/1993;101
8;1;295663;01/04/1997;101
8;1;295680;20/03/1997;101
8;1;295698;04/03/1997;101
8;1;295710;01/04/1997;101
8;1;295728;21/03/1997;101
8;1;295736;21/03/1997;101
8;1;295744;08/03/1997;101
8;1;295752;01/03/1997;101
8;1;295760;01/03/1997;101
8;1;295779;24/03/1997;101
8;1;295787;01/04/1997;101
8;1;295795;01/04/1997;101
8;1;295809;01/04/1997;101
8;1;295817;01/04/1997;101
8;1;295825;03/04/1997;101
8;1;295833;07/04/1997;101
8;1;295850;07/04/1997;101
8;1;295868;01/04/1997;101
8;1;295876;07/04/1997;101
8;1;295884;03/04/1997;101
8;1;295892;01/04/1997;101
8;1;295906;01/04/1997;101
8;1;295914;01/04/1997;101
8;1;295922;02/04/1997;101
8;1;295930;14/04/1997;101
8;1;295949;01/04/1997;101
8;1;295957;04/04/1997;101
8;1;295965;01/04/1997;101
8;1;295973;03/04/1997;101
8;1;295990;01/04/1997;101
8;1;296007;16/04/1997;101
8;1;296015;14/04/1997;101
8;1;296023;14/04/1997;101
8;1;296040;01/04/1997;101
8;1;296058;10/04/1997;101
8;1;296066;11/04/1997;101
8;1;296074;16/04/1997;101
8;1;296082;11/04/1997;101
8;1;296090;13/05/1997;101
8;1;296112;10/04/1997;101
8;1;296120;11/04/1997;101
8;1;296139;15/04/1997;101
8;1;296147;15/04/1997;101
8;1;296155;17/04/1997;101
8;1;296163;10/04/1997;101
8;1;296180;17/04/1997;101
8;1;296198;15/04/1997;101
8;1;296210;23/04/1997;101
8;1;296228;14/04/1997;101
8;1;296236;16/04/1997;101
8;1;296244;08/04/1997;101
8;1;296252;18/04/1997;101
8;1;296260;16/04/1997;101
8;1;296279;08/04/1997;101
8;1;296287;02/05/1997;101
8;1;296295;17/04/1997;101
8;1;296309;22/04/1997;101
8;1;296317;22/04/1997;101
8;1;296325;22/04/1997;101
8;1;296333;14/04/1997;101
4;1;296333;14/04/1997;101
8;1;296350;22/04/1997;101
8;1;296368;14/04/1997;101
8;1;296376;14/04/1997;101
8;1;296384;16/04/1997;101
8;1;296392;17/04/1997;101
8;1;296406;04/04/1997;101
8;1;296414;17/04/1997;101
8;1;296422;22/04/1997;101
8;1;296430;22/04/1997;101
8;1;296449;22/04/1997;101
8;1;296457;23/04/1997;101
8;1;296465;23/04/1997;101
8;1;296473;02/05/1997;101
8;1;296490;05/05/1997;101
8;1;296503;02/05/1997;101
8;1;296520;05/05/1997;101
8;1;296538;02/05/1997;101
8;1;296546;02/05/1997;101
8;1;296554;12/05/1997;101
8;1;296562;09/05/1997;101
8;1;296570;02/05/1997;101
8;1;296589;02/05/1997;101
8;1;296597;02/05/1997;101
8;1;296600;02/05/1997;101
8;1;296619;02/05/1997;101
8;1;296627;02/05/1997;101
8;1;296635;02/05/1997;101
8;1;296643;08/05/1997;101
8;1;296660;02/05/1997;101
8;1;296678;02/05/1997;101
8;1;296686;02/05/1997;101
8;1;296694;15/05/1997;101
8;1;296708;05/05/1997;101
8;1;296716;02/05/1997;101
8;1;296724;05/05/1997;101
8;1;296732;02/05/1997;101
8;1;296740;02/05/1997;101
8;1;296759;03/05/1997;101
8;1;296767;03/05/1997;101
8;1;296775;03/05/1997;101
8;1;296783;08/05/1997;101
8;1;296805;02/12/1996;101
8;1;296813;09/05/1997;101
8;1;296830;12/05/1997;101
8;1;296848;12/05/1997;101
8;1;296856;16/05/1997;101
8;1;296864;13/05/1997;101
8;1;296872;06/05/1997;101
8;1;296880;06/05/1997;101
8;1;296902;15/05/1997;101
8;1;296910;15/05/1997;101
8;1;296929;06/05/1997;101
8;1;296937;06/05/1997;101
8;1;296945;10/05/1997;101
8;1;296953;14/05/1997;101
8;1;296970;15/05/1997;101
8;1;296988;15/05/1997;101
8;1;296996;14/05/1997;101
8;1;297009;15/05/1997;101
8;1;297020;14/05/1997;101
8;1;297036;10/05/1997;101
8;1;297046;19/05/1997;101
8;1;297054;15/05/1997;101
8;1;297062;06/05/1997;101
8;1;297070;19/05/1997;101
8;1;297089;20/05/1997;101
8;1;297097;13/05/1997;101
8;1;297100;19/05/1997;101
8;1;297115;13/05/1997;101
8;1;297127;14/05/1997;101
8;1;297135;15/05/1997;101
8;1;297143;15/05/1997;101
8;1;297160;16/05/1997;101
8;1;297178;12/05/1997;101
8;1;297186;20/05/1997;101
8;1;297194;02/06/1997;101
8;1;297203;19/05/1997;101
8;1;297210;19/05/1997;101
8;1;297224;14/05/1997;101
8;1;297232;15/05/1997;101
8;1;297240;15/05/1997;101
8;1;297259;14/05/1997;101
8;1;297267;07/05/1997;101
8;1;297275;17/05/1997;101
8;1;297283;23/05/1997;101
8;1;297305;02/06/1997;101
8;1;297313;23/05/1997;101
8;1;297330;19/05/1997;101
8;1;297348;26/05/1997;101
8;1;297356;26/05/1997;101
8;1;297364;22/05/1997;101
8;1;297372;15/05/1997;101
8;1;297380;02/05/1997;101
8;1;297399;26/05/1997;101
8;1;297402;26/05/1997;101
8;1;297410;20/05/1997;101
8;1;297429;17/05/1997;101
8;1;297437;08/05/1997;101
8;1;297445;20/05/1997;101
8;1;297453;20/05/1997;101
8;1;297470;26/05/1997;101
8;1;297488;26/05/1997;101
8;1;297496;26/05/1997;101
8;1;297500;26/05/1997;101
8;1;297518;26/05/1997;101
8;1;297534;26/05/1997;101
8;1;297542;26/05/1997;101
8;1;297550;26/05/1997;101
8;1;297569;26/05/1997;101
8;1;297577;26/05/1997;101
8;1;297585;26/05/1997;101
8;1;297593;02/06/1997;101
8;1;297607;02/06/1997;101
8;1;297615;02/06/1997;101
8;1;297623;02/06/1997;101
8;1;297640;02/06/1997;101
8;1;297658;02/06/1997;101
8;1;297666;09/05/1997;101
8;1;297674;03/06/1997;101
8;1;297682;02/06/1997;101
8;1;297690;02/06/1997;101
8;1;297712;02/06/1997;101
8;1;297739;02/06/1997;101
8;1;297747;02/06/1997;101
8;1;297755;02/06/1997;101
8;1;297763;06/06/1997;101
8;1;297780;02/06/1997;101
8;1;297798;02/06/1997;101
8;1;297810;02/06/1997;101
8;1;297828;02/06/1997;101
8;1;297836;02/06/1997;101
8;1;297844;02/06/1997;101
8;1;297852;02/06/1997;101
8;1;297860;03/06/1997;101
8;1;297879;04/06/1997;101
8;1;297887;02/06/1997;101
8;1;297895;02/06/1997;101
8;1;297909;10/06/1997;101
8;1;297917;07/06/1997;101
8;1;297925;02/06/1997;101
8;1;297933;04/06/1997;101
8;1;297950;17/06/1997;101
8;1;297968;09/06/1997;101
8;1;297976;09/06/1997;101
8;1;297984;05/06/1997;101
8;1;297992;04/06/1997;101
8;1;298000;04/06/1997;101
8;1;298018;09/06/1997;101
8;1;298026;09/06/1997;101
8;1;298034;16/06/1997;101
8;1;298042;02/06/1997;101
8;1;298050;02/06/1997;101
8;1;298069;04/06/1997;101
8;1;298077;02/06/1997;101
8;1;298085;04/06/1997;101
8;1;298093;09/06/1997;101
8;1;298107;02/06/1997;101
8;1;298115;09/06/1997;101
8;1;298123;04/06/1997;101
8;1;298140;04/06/1997;101
8;1;298158;05/06/1997;101
8;1;298166;02/06/1997;101
8;1;298174;15/06/1997;101
8;1;298182;18/04/1997;101
8;1;298190;09/06/1997;101
8;1;298204;13/06/1997;101
8;1;298212;10/06/1997;101
8;1;298220;11/06/1997;101
8;1;298239;11/06/1997;101
8;1;298247;04/06/1997;101
8;1;298255;16/06/1997;101
8;1;298263;12/06/1997;101
8;1;298280;04/06/1997;101
8;1;298298;11/06/1997;101
8;1;298310;16/06/1997;101
8;1;298328;16/06/1997;101
8;1;298336;16/06/1997;101
8;1;298344;16/06/1997;101
8;1;298352;11/06/1997;101
8;1;298360;02/06/1997;101
8;1;298379;16/06/1997;101
8;1;298387;16/06/1997;101
8;1;298395;16/06/1997;101
8;1;298409;16/06/1997;101
8;1;298417;16/06/1997;101
8;1;298425;02/06/1997;101
8;1;298433;16/06/1997;101
8;1;298450;13/06/1997;101
8;1;298468;11/06/1997;101
8;1;298476;21/06/1997;101
8;1;298484;11/06/1997;101
8;1;298492;18/06/1997;101
8;1;298506;13/06/1997;101
8;1;298514;16/06/1997;101
8;1;298522;05/06/1997;101
8;1;298530;18/06/1997;101
8;1;298549;20/06/1997;101
8;1;298557;04/06/1997;101
8;1;298565;05/06/1997;101
8;1;298573;09/06/1997;101
8;1;298590;12/06/1997;101
8;1;298603;06/06/1997;101
8;1;298620;11/06/1997;101
8;1;298638;11/06/1997;101
8;1;298646;11/06/1997;101
8;1;298654;05/06/1997;101
8;1;298662;19/06/1997;101
8;1;298670;19/06/1997;101
8;1;298689;02/06/1997;101
8;1;298697;02/06/1997;101
8;1;298700;02/06/1997;101
8;1;298719;02/06/1997;101
8;1;298727;11/06/1997;101
8;1;298735;07/06/1997;101
8;1;298743;06/06/1997;101
8;1;298760;02/06/1997;101
8;1;298778;04/06/1997;101
8;1;298786;07/06/1997;101
8;1;298794;06/06/1997;101
8;1;298808;10/06/1997;101
8;1;298816;06/06/1997;101
8;1;298824;14/06/1997;101
8;1;298832;11/06/1997;101
8;1;298840;12/06/1997;101
8;1;298859;02/06/1997;101
8;1;298867;17/06/1997;101
8;1;298875;16/06/1997;101
8;1;298883;10/06/1997;101
8;1;298905;06/06/1997;101
8;1;298913;20/06/1997;101
8;1;298930;04/06/1997;101
8;1;298948;16/06/1997;101
8;1;298956;16/06/1997;101
8;1;298964;05/06/1997;101
8;1;298972;06/06/1997;101
8;1;298980;06/06/1997;101
8;1;298999;06/06/1997;101
8;1;299006;16/06/1997;101
8;1;299014;20/06/1997;101
8;1;299022;11/06/1997;101
8;1;299030;18/06/1997;101
8;1;299049;10/06/1997;101
8;1;299057;06/06/1997;101
8;1;299065;20/06/1997;101
8;1;299073;18/06/1997;101
8;1;299090;20/06/1997;101
8;1;299103;20/06/1997;101
8;1;299120;01/07/1997;101
8;1;299138;14/06/1997;101
8;1;299146;14/06/1997;101
8;1;299154;09/06/1997;101
8;1;299162;06/06/1997;101
8;1;299170;18/06/1997;101
8;1;299189;25/06/1997;101
8;1;299197;02/06/1997;101
8;1;299200;06/06/1997;101
8;1;299219;14/06/1997;101
8;1;299227;23/06/1997;101
8;1;299235;18/06/1997;101
8;1;299243;19/06/1997;101
8;1;299260;18/06/1997;101
8;1;299278;20/06/1997;101
8;1;299286;11/06/1997;101
8;1;299294;16/06/1997;101
8;1;299308;25/06/1997;101
8;1;299316;18/05/1982;101
8;1;299324;18/06/1997;101
8;1;299332;03/07/1997;101
8;1;299340;01/07/1997;101
8;1;299359;01/07/1997;101
8;1;299367;02/07/1997;101
8;1;299375;01/07/1997;101
8;1;299383;01/07/1997;101
8;1;299405;01/07/1997;101
8;1;299413;01/07/1997;101
8;1;299430;01/07/1997;101
8;1;299448;01/07/1997;101
8;1;299456;01/07/1997;101
8;1;299464;01/07/1997;101
8;1;299472;01/07/1997;101
8;1;299480;01/07/1997;101
8;1;299499;01/07/1997;101
8;1;299502;01/07/1997;101
8;1;299529;01/07/1997;101
8;1;299537;01/07/1997;101
8;1;299553;07/07/1997;101
8;1;299570;01/07/1997;101
8;1;299588;07/07/1997;101
8;1;299596;14/07/1997;101
8;1;299600;02/07/1997;101
4;1;299618;02/01/1992;722
4;1;299626;17/05/1979;101
4;1;299634;02/01/1992;101
4;1;299642;02/01/1992;101
4;1;299669;17/05/1995;101
4;1;299677;16/04/1996;101
4;1;299685;01/03/1988;722
8;1;299685;01/03/1988;722
4;1;299693;10/01/1997;101
4;1;299707;18/11/1996;101
4;1;299715;21/10/1996;101
4;1;299723;07/04/1997;101
4;1;299740;03/04/1997;101
4;1;299758;02/04/1997;101
4;1;299766;15/04/1997;101
4;1;299774;01/09/1983;101
4;1;299782;07/07/1997;101
4;1;299790;01/07/1997;101
8;1;299804;01/07/1997;101
8;1;299812;07/07/1997;101
8;1;299820;07/07/1997;101
8;1;299839;14/07/1997;101
8;1;299847;02/07/1997;101
8;1;299855;01/07/1997;101
8;1;299863;01/07/1997;101
8;1;299880;07/07/1997;101
8;1;299898;07/07/1997;101
8;1;299910;07/07/1997;101
8;1;299928;10/07/1997;101
8;1;299936;04/07/1997;101
8;1;299944;07/07/1997;101
8;1;299952;07/07/1997;101
8;1;299960;07/07/1997;101
8;1;299979;07/07/1997;101
8;1;299987;01/07/1997;101
8;1;299995;08/07/1997;101
8;1;300004;01/07/1997;101
8;1;300012;11/07/1997;101
8;1;300020;14/07/1997;101
8;1;300039;10/07/1997;101
8;1;300047;09/07/1997;101
8;1;300055;03/07/1997;101
8;1;300063;03/07/1997;101
8;1;300080;09/07/1997;101
8;1;300098;17/07/1997;101
8;1;300110;19/07/1997;101
8;1;300128;14/07/1997;101
8;1;300136;16/07/1997;101
8;1;300144;16/07/1997;101
8;1;300152;19/07/1997;101
8;1;300160;28/07/1997;101
8;1;300179;16/07/1997;101
8;1;300187;17/07/1997;101
8;1;300195;16/07/1997;101
8;1;300209;21/07/1997;101
8;1;300217;21/07/1997;101
8;1;300225;02/07/1997;101
8;1;300233;11/07/1997;101
8;1;300250;15/07/1997;101
8;1;300268;14/07/1997;101
8;1;300276;14/07/1997;101
8;1;300284;14/07/1997;101
8;1;300292;15/07/1997;101
8;1;300306;14/07/1997;101
8;1;300314;14/07/1997;101
8;1;300322;14/07/1997;101
8;1;300330;14/07/1997;101
8;1;300349;03/07/1997;101
8;1;300357;09/07/1997;101
8;1;300365;01/07/1997;101
8;1;300373;01/07/1997;101
8;1;300390;09/07/1997;101
8;1;300403;16/07/1997;101
8;1;300420;18/07/1997;101
8;1;300438;14/07/1997;101
8;1;300446;14/07/1997;101
8;1;300454;21/07/1997;101
8;1;300462;21/07/1997;101
8;1;300470;21/07/1997;101
8;1;300489;21/07/1997;101
8;1;300497;21/07/1997;101
8;1;300500;21/07/1997;101
8;1;300519;03/07/1997;101
8;1;300527;01/08/1997;101
8;1;300535;21/07/1997;101
8;1;300543;21/07/1997;101
8;1;300560;21/07/1997;101
8;1;300578;21/07/1997;101
8;1;300586;21/07/1997;101
8;1;300594;21/07/1997;101
8;1;300608;21/07/1997;101
8;1;300616;21/07/1997;101
8;1;300624;21/07/1997;101
8;1;300632;21/07/1997;101
8;1;300640;21/07/1997;101
8;1;300659;21/07/1997;101
8;1;300667;21/07/1997;101
8;1;300675;21/07/1997;101
8;1;300683;16/07/1997;101
8;1;300705;16/07/1997;101
8;1;300713;10/07/1997;101
8;1;300730;10/07/1997;101
8;1;300748;01/07/1997;101
8;1;300756;10/07/1997;101
8;1;300764;03/07/1997;101
8;1;300772;01/07/1997;101
8;1;300780;05/07/1997;101
8;1;300799;07/07/1997;101
8;1;300802;08/07/1997;101
8;1;300810;07/07/1997;101
8;1;300829;11/07/1997;101
8;1;300837;07/07/1997;101
8;1;300845;07/07/1997;101
8;1;300853;07/07/1997;101
8;1;300870;01/07/1997;101
8;1;300888;22/07/1997;101
8;1;300896;05/07/1997;101
8;1;300900;20/07/1997;101
8;1;300918;10/07/1997;101
8;1;300926;11/07/1997;101
8;1;300934;16/07/1997;101
8;1;300942;16/07/1997;101
8;1;300950;21/07/1997;101
8;1;300969;01/07/1997;101
8;1;300977;21/07/1997;101
8;1;300985;21/07/1997;101
8;1;300993;21/07/1997;101
8;1;301000;21/07/1997;101
8;1;301019;21/07/1997;101
8;1;301027;21/07/1997;101
8;1;301035;21/07/1997;101
8;1;301043;21/07/1997;101
8;1;301060;21/07/1997;101
8;1;301078;21/07/1997;101
8;1;301086;28/07/1997;101
8;1;301094;21/07/1997;101
8;1;301108;21/07/1997;101
8;1;301116;21/07/1997;101
8;1;301124;21/07/1997;101
8;1;301132;21/07/1997;101
8;1;301140;21/07/1997;101
8;1;301159;21/07/1997;101
8;1;301167;07/07/1997;101
8;1;301175;21/07/1997;101
8;1;301183;21/07/1997;101
8;1;301213;21/07/1997;101
8;1;301230;21/07/1997;101
8;1;301248;21/07/1997;101
8;1;301256;21/07/1997;101
8;1;301264;21/07/1997;101
8;1;301272;21/07/1997;101
8;1;301280;21/07/1997;101
8;1;301299;21/07/1997;101
8;1;301302;12/07/1997;101
8;1;301310;17/07/1997;101
8;1;301329;17/07/1997;101
8;1;301337;16/07/1997;101
8;1;301345;21/07/1997;101
8;1;301353;03/07/1997;101
8;1;301370;21/07/1997;101
8;1;301388;21/07/1997;101
8;1;301396;21/07/1997;101
8;1;301400;20/07/1997;101
8;1;301418;12/07/1997;101
8;1;301426;08/07/1997;101
8;1;301434;07/07/1997;101
8;1;301442;17/07/1997;101
8;1;301450;22/07/1997;101
8;1;301469;14/07/1997;101
8;1;301477;05/07/1997;101
8;1;301485;23/07/1997;101
8;1;301493;28/07/1997;101
8;1;301507;01/08/1997;101
8;1;301515;01/08/1997;101
8;1;301523;01/08/1997;101
8;1;301540;01/08/1997;101
8;1;301558;01/08/1997;101
8;1;301566;01/08/1997;101
8;1;301574;01/08/1997;101
8;1;301582;01/08/1997;101
8;1;301590;01/08/1997;101
8;1;301604;01/08/1997;101
8;1;301612;01/08/1997;101
8;1;301620;01/08/1997;101
8;1;301639;04/08/1997;101
8;1;301647;04/08/1997;101
8;1;301655;04/08/1997;101
8;1;301663;01/08/1997;101
8;1;301680;01/08/1997;101
8;1;301698;02/08/1997;101
8;1;301710;01/08/1997;101
8;1;301736;11/08/1997;101
8;1;301744;01/08/1997;101
8;1;301752;04/08/1997;101
8;1;301760;04/08/1997;101
8;1;301779;04/08/1997;101
8;1;301787;01/08/1997;101
8;1;301795;04/08/1997;101
8;1;301809;04/08/1997;101
8;1;301817;04/08/1997;101
8;1;301825;04/08/1997;101
8;1;301833;04/08/1997;101
8;1;301841;04/08/1997;101
8;1;301850;04/08/1997;101
8;1;301868;04/08/1997;101
8;1;301876;01/08/1997;101
8;1;301884;04/08/1997;101
8;1;301892;04/08/1997;101
8;1;301906;04/08/1997;101
8;1;301914;04/08/1997;101
8;1;301922;01/08/1997;101
8;1;301930;06/08/1997;101
8;1;301949;04/08/1997;101
8;1;301957;08/08/1997;101
8;1;301965;08/08/1997;101
8;1;301973;11/08/1997;101
8;1;301981;01/08/1997;101
8;1;301990;01/08/1997;101
8;1;302007;01/08/1997;101
8;1;302015;04/08/1997;101
8;1;302023;04/08/1997;101
8;1;302031;04/08/1997;101
8;1;302040;07/08/1997;101
8;1;302058;02/08/1997;101
8;1;302066;01/08/1997;101
8;1;302074;01/08/1997;101
8;1;302082;01/08/1997;101
8;1;302090;01/08/1997;101
8;1;302104;01/08/1997;101
8;1;302112;01/08/1997;101
8;1;302120;04/08/1997;101
8;1;302139;08/08/1997;101
8;1;302147;06/08/1997;101
8;1;302155;13/08/1997;101
8;1;302163;04/08/1997;101
8;1;302171;13/08/1997;101
8;1;302180;04/08/1997;101
8;1;302198;01/08/1997;101
8;1;302201;01/08/1997;101
8;1;302210;01/08/1997;101
8;1;302228;01/08/1997;101
8;1;302236;11/08/1997;101
8;1;302244;02/08/1997;101
8;1;302252;13/08/1997;101
8;1;302260;15/08/1997;101
8;1;302279;04/08/1997;101
8;1;302287;01/08/1997;101
8;1;302295;09/08/1997;101
8;1;302309;13/08/1997;101
8;1;302317;12/08/1997;101
8;1;302325;12/08/1997;101
8;1;302333;14/08/1997;101
8;1;302341;12/08/1997;101
8;1;302350;18/08/1997;101
8;1;302368;08/08/1997;101
8;1;302376;01/08/1997;101
8;1;302384;04/08/1997;101
8;1;302392;15/08/1997;101
8;1;302406;18/08/1997;101
8;1;302414;22/08/1997;101
8;1;302422;18/08/1997;101
8;1;302430;01/09/1997;101
8;1;302449;18/08/1997;101
8;1;302457;15/08/1997;101
8;1;302465;01/09/1997;101
8;1;302473;18/08/1997;101
8;1;302481;18/08/1997;101
8;1;302490;19/08/1997;101
8;1;302503;18/08/1997;101
8;1;302511;20/08/1997;101
8;1;302520;15/08/1997;101
8;1;302538;06/08/1997;101
8;1;302546;01/09/1997;101
8;1;302554;21/08/1997;101
8;1;302562;08/08/1997;101
8;1;302570;06/08/1997;101
8;1;302589;18/08/1997;101
8;1;302597;21/08/1997;101
8;1;302600;18/08/1997;101
8;1;302619;21/08/1997;101
8;1;302627;20/08/1997;101
8;1;302635;21/08/1997;101
8;1;302643;21/08/1997;101
8;1;302651;21/08/1997;101
8;1;302660;22/08/1997;101
8;1;302678;20/08/1997;101
8;1;302686;22/08/1997;101
8;1;302694;20/08/1997;101
8;1;302708;25/08/1997;101
8;1;302716;01/09/1997;101
8;1;302724;01/09/1997;101
8;1;302732;01/09/1997;101
8;1;302740;01/09/1997;101
8;1;302759;01/09/1997;101
8;1;302767;05/09/1997;101
8;1;302775;01/09/1997;101
8;1;302783;01/09/1997;101
8;1;302791;01/09/1997;101
8;1;302805;01/09/1997;101
8;1;302813;01/09/1997;101
8;1;302821;01/09/1997;101
8;1;302830;01/09/1997;101
8;1;302848;03/09/1997;101
8;1;302856;05/09/1997;101
8;1;302864;16/09/1997;101
8;1;302872;01/09/1997;101
8;1;302880;01/09/1997;101
8;1;302899;01/09/1997;101
8;1;302902;01/09/1997;101
8;1;302910;04/09/1997;101
8;1;302929;01/09/1997;101
8;1;302945;05/09/1997;101
8;1;302953;05/09/1997;101
8;1;302961;01/09/1997;101
8;1;302970;01/09/1997;101
8;1;302988;08/09/1997;101
8;1;302996;01/09/1997;101
8;1;303003;01/09/1997;101
8;1;303011;01/09/1997;101
8;1;303020;01/09/1997;101
8;1;303046;01/09/1997;101
8;1;303054;22/09/1997;101
8;1;303062;15/09/1997;101
8;1;303070;15/09/1997;101
8;1;303089;01/09/1997;101
8;1;303097;15/09/1997;101
8;1;303100;15/09/1997;101
8;1;303119;16/09/1997;101
8;1;303127;15/09/1997;101
8;1;303135;01/09/1997;101
8;1;303143;06/10/1997;101
8;1;303151;17/09/1997;101
8;1;303160;08/09/1997;101
8;1;303178;08/09/1997;101
8;1;303186;01/09/1997;101
8;1;303194;11/09/1997;101
8;1;303208;12/09/1997;101
8;1;303216;11/09/1997;101
8;1;303224;11/09/1997;101
8;1;303232;15/09/1997;101
8;1;303240;06/09/1997;101
8;1;303259;10/09/1997;101
8;1;303267;01/09/1997;101
8;1;303275;15/09/1997;101
8;1;303283;15/09/1997;101
8;1;303291;15/09/1997;101
8;1;303305;01/09/1997;101
8;1;303313;15/09/1997;101
8;1;303321;15/09/1997;101
8;1;303330;01/09/1997;101
8;1;303348;10/09/1997;101
8;1;303356;09/09/1997;101
8;1;303364;15/09/1997;101
8;1;303372;01/09/1997;101
8;1;303380;15/09/1997;101
8;1;303399;18/09/1997;101
8;1;303402;01/09/1997;101
8;1;303410;15/09/1997;101
4;1;303429;18/09/1997;101
4;1;303437;18/09/1997;101
4;1;303445;18/09/1997;101
4;1;303453;18/09/1997;101
8;1;303461;18/09/1997;101
8;1;303470;22/09/1997;101
8;1;303488;16/09/1997;101
8;1;303496;01/10/1997;101
8;1;303500;01/10/1997;101
8;1;303518;24/09/1997;101
8;1;303526;11/09/1997;101
8;1;303534;18/09/1997;101
8;1;303542;22/09/1997;101
8;1;303550;01/09/1997;101
8;1;303569;01/09/1997;101
8;1;303577;15/09/1997;101
8;1;303585;09/09/1997;101
8;1;303593;24/09/1997;101
8;1;303607;24/09/1997;101
8;1;303615;10/09/1997;101
8;1;303623;18/09/1997;101
8;1;303631;20/09/1997;101
8;1;303640;11/09/1997;101
8;1;303658;01/10/1997;101
8;1;303666;01/10/1997;101
8;1;303674;01/10/1997;101
8;1;303682;01/10/1997;101
8;1;303690;01/10/1997;101
8;1;303704;01/10/1997;101
8;1;303712;01/10/1997;101
8;1;303720;01/10/1997;101
8;1;303739;01/10/1997;101
8;1;303747;01/10/1997;101
8;1;303755;06/10/1997;101
8;1;303763;01/10/1997;101
8;1;303771;01/10/1997;101
8;1;303780;01/10/1997;101
8;1;303798;06/10/1997;101
8;1;303801;06/10/1997;101
8;1;303810;06/10/1997;101
8;1;303828;03/10/1997;101
8;1;303836;01/10/1997;101
8;1;303844;06/10/1997;101
8;1;303852;06/10/1997;101
8;1;303860;01/10/1997;101
8;1;303879;02/10/1997;101
8;1;303887;07/10/1997;101
8;1;303895;04/10/1997;101
8;1;303909;06/10/1997;101
8;1;303917;06/10/1997;101
8;1;303925;02/10/1997;101
8;1;303933;06/10/1997;101
8;1;303941;02/10/1997;101
8;1;303950;06/10/1997;101
6;1;303968;06/10/1997;101
8;1;303968;06/10/1997;101
8;1;303976;08/10/1997;101
8;1;303984;06/10/1997;101
8;1;303992;01/10/1997;101
8;1;304000;01/10/1997;101
8;1;304018;10/10/1997;101
8;1;304026;08/10/1997;101
8;1;304034;13/10/1997;101
8;1;304042;09/10/1997;101
8;1;304050;06/10/1997;101
8;1;304069;06/10/1997;101
8;1;304077;10/10/1997;101
8;1;304085;06/10/1997;101
8;1;304093;07/10/1997;101
8;1;304107;15/10/1997;101
8;1;304115;09/10/1997;101
8;1;304123;06/10/1997;101
8;1;304131;11/10/1997;101
8;1;304158;08/10/1997;101
8;1;304166;03/10/1997;101
8;1;304174;02/10/1997;101
8;1;304190;06/10/1997;101
8;1;304212;20/10/1997;101
8;1;304220;20/10/1997;101
8;1;304247;20/10/1997;101
8;1;304255;13/10/1997;101
8;1;304263;20/10/1997;101
8;1;304271;16/10/1997;101
8;1;304280;20/10/1997;101
8;1;304298;20/10/1997;101
8;1;304301;20/10/1997;101
8;1;304310;20/10/1997;101
8;1;304328;20/10/1997;101
8;1;304336;17/10/1997;101
8;1;304344;17/10/1997;101
8;1;304352;17/10/1997;101
8;1;304360;03/10/1997;101
8;1;304379;20/10/1997;101
8;1;304387;08/10/1997;101
8;1;304395;17/10/1997;101
8;1;304417;18/10/1997;101
8;1;304425;13/10/1997;101
8;1;304433;15/10/1997;101
8;1;304441;20/10/1997;101
8;1;304450;13/10/1997;101
8;1;304468;20/10/1997;101
8;1;304476;20/10/1997;101
8;1;304484;20/10/1997;101
8;1;304492;17/10/1997;101
8;1;304506;22/10/1997;101
8;1;304514;18/10/1997;101
8;1;304522;20/10/1997;101
8;1;304530;18/10/1997;101
8;1;304549;18/10/1997;101
8;1;304557;20/10/1997;101
8;1;304565;20/10/1997;101
8;1;304573;21/10/1997;101
8;1;304581;20/10/1997;101
8;1;304590;20/10/1997;101
8;1;304603;24/10/1997;101
8;1;304611;09/10/1997;101
8;1;304620;23/10/1997;101
8;1;304638;23/10/1997;101
8;1;304646;20/10/1997;101
8;1;304662;24/10/1997;101
8;1;304670;27/10/1997;101
8;1;304689;25/10/1997;101
8;1;304697;24/10/1997;101
8;1;304700;15/10/1997;101
8;1;304719;03/11/1997;101
8;1;304727;03/11/1997;101
8;1;304735;01/11/1997;101
8;1;304743;03/11/1997;101
8;1;304751;01/11/1997;101
8;1;304760;03/11/1997;101
8;1;304778;03/11/1997;101
4;1;304786;03/11/1997;101
8;1;304794;04/11/1997;101
8;1;304808;03/11/1997;101
8;1;304816;03/11/1997;101
8;1;304824;01/11/1997;101
8;1;304832;06/11/1997;101
8;1;304840;10/11/1997;101
8;1;304859;04/11/1997;101
8;1;304867;01/11/1997;101
8;1;304875;03/11/1997;101
8;1;304883;01/11/1997;101
8;1;304891;11/11/1997;101
8;1;304905;01/11/1997;101
8;1;304913;12/11/1997;101
4;1;304913;12/11/1997;101
4;1;304921;12/11/1997;101
8;1;304921;12/11/1997;101
8;1;304930;10/11/1997;101
8;1;304948;03/11/1997;101
8;1;304956;05/11/1997;101
8;1;304964;01/11/1997;101
8;1;304972;13/11/1997;101
8;1;304999;19/11/1997;101
8;1;305006;17/11/1997;101
8;1;305014;17/11/1997;101
8;1;305022;03/11/1997;101
8;1;305030;17/11/1997;101
8;1;305049;18/11/1997;101
8;1;305057;17/11/1997;101
8;1;305065;20/11/1997;101
8;1;305073;18/11/1997;101
8;1;305081;18/11/1997;101
8;1;305090;17/11/1997;101
8;1;305103;24/11/1997;101
8;1;305111;24/11/1997;101
8;1;305120;24/11/1997;101
8;1;305138;24/11/1997;101
8;1;305154;24/11/1997;101
8;1;305162;14/11/1997;101
8;1;305170;20/11/1997;722
8;1;305189;01/12/1997;101
8;1;305197;02/12/1997;101
8;1;305200;10/12/1997;101
8;1;305219;01/12/1997;101
8;1;305227;10/12/1997;101
8;1;305235;01/12/1997;101
8;1;305243;10/12/1997;101
8;1;305251;03/12/1997;101
8;1;305260;10/12/1997;101
8;1;305278;10/12/1997;101
8;1;305286;10/12/1997;101
8;1;305294;10/12/1997;101
8;1;305308;10/12/1997;101
8;1;305316;10/12/1997;101
8;1;305332;10/12/1997;101
8;1;305340;01/12/1997;101
8;1;305359;01/12/1997;101
8;1;305367;10/12/1997;101
8;1;305375;10/12/1997;101
8;1;305383;10/12/1997;101
8;1;305391;10/12/1997;101
8;1;305405;10/12/1997;101
8;1;305421;10/12/1997;101
8;1;305430;10/12/1997;101
8;1;305448;10/12/1997;101
8;1;305456;10/12/1997;101
8;1;305464;10/12/1997;101
8;1;305472;10/12/1997;101
8;1;305480;10/12/1997;101
8;1;305499;10/12/1997;101
8;1;305502;10/12/1997;101
8;1;305510;10/12/1997;101
8;1;305529;10/12/1997;101
8;1;305537;10/12/1997;101
8;1;305545;10/12/1997;101
8;1;305553;10/12/1997;101
8;1;305561;10/12/1997;101
8;1;305570;10/12/1997;101
8;1;305588;10/12/1997;101
8;1;305596;10/12/1997;101
8;1;305600;10/12/1997;101
8;1;305618;01/12/1997;101
8;1;305626;10/12/1997;101
8;1;305634;10/12/1997;101
8;1;305669;10/12/1997;101
8;1;305677;09/12/1997;101
8;1;305685;10/12/1997;101
8;1;305693;10/12/1997;101
8;1;305707;10/12/1997;101
8;1;305715;10/12/1997;101
8;1;305723;10/12/1997;101
8;1;305731;10/12/1997;101
8;1;305740;10/12/1997;101
8;1;305758;01/12/1997;101
8;1;305766;10/12/1997;101
8;1;305774;08/12/1997;101
8;1;305782;09/12/1997;101
8;1;305804;10/12/1997;101
8;1;305812;01/12/1997;101
8;1;305820;10/12/1997;101
8;1;305839;03/12/1997;101
8;1;305847;10/12/1997;101
8;1;305855;05/12/1997;101
8;1;305863;10/12/1997;101
8;1;305871;10/12/1997;101
8;1;305880;10/12/1997;101
8;1;305898;05/12/1997;101
8;1;305901;10/12/1997;101
8;1;305910;15/12/1997;101
8;1;305928;09/12/1997;101
8;1;305936;05/12/1997;101
8;1;305944;10/12/1997;101
8;1;305952;10/12/1997;101
8;1;305960;10/12/1997;101
8;1;305979;10/12/1997;101
8;1;305987;10/12/1997;101
8;1;305995;10/12/1997;101
8;1;306002;12/12/1997;101
8;1;306029;15/12/1997;101
8;1;306037;10/12/1997;101
8;1;306045;10/12/1997;101
8;1;306053;10/12/1997;101
8;1;306061;10/12/1997;101
8;1;306070;15/12/1997;101
8;1;306088;10/12/1997;101
8;1;306096;10/12/1997;101
8;1;306100;10/12/1997;101
8;1;306126;10/12/1997;101
8;1;306134;10/12/1997;101
8;1;306142;10/12/1997;101
8;1;306150;10/12/1997;101
8;1;306169;10/12/1997;101
8;1;306177;15/12/1997;101
8;1;306185;10/12/1997;101
8;1;306207;10/12/1997;101
8;1;306215;10/12/1997;101
8;1;306223;10/12/1997;101
8;1;306231;10/12/1997;101
8;1;306240;09/12/1997;101
8;1;306258;10/12/1997;101
8;1;306266;05/12/1997;101
8;1;306274;10/12/1997;101
8;1;306282;10/12/1997;101
8;1;306304;10/12/1997;101
8;1;306312;10/12/1997;101
8;1;306320;10/12/1997;101
8;1;306339;10/12/1997;101
8;1;306347;10/12/1997;101
8;1;306355;10/12/1997;101
8;1;306363;10/12/1997;101
8;1;306371;10/12/1997;101
8;1;306380;10/12/1997;101
8;1;306398;10/12/1997;101
8;1;306401;10/12/1997;101
8;1;306410;10/12/1997;101
8;1;306428;10/12/1997;101
8;1;306436;10/12/1997;101
8;1;306444;10/12/1997;101
8;1;306452;10/12/1997;101
8;1;306460;10/12/1997;101
8;1;306479;10/12/1997;101
8;1;306487;10/12/1997;101
8;1;306495;09/12/1997;101
8;1;306509;08/12/1997;101
8;1;306517;08/12/1997;101
8;1;306525;10/12/1997;101
8;1;306533;10/12/1997;101
8;1;306541;10/12/1997;101
8;1;306550;05/12/1997;101
8;1;306568;09/12/1997;101
8;1;306576;10/12/1997;101
8;1;306584;10/12/1997;101
8;1;306592;10/12/1997;101
8;1;306606;03/12/1997;101
8;1;306614;20/12/1997;101
8;1;306622;10/12/1997;101
8;1;306630;10/12/1997;101
8;1;306649;10/12/1997;101
8;1;306657;10/12/1997;101
8;1;306665;03/12/1997;101
8;1;306673;11/12/1997;101
8;1;306681;10/12/1997;101
8;1;306690;08/12/1997;101
8;1;306703;10/12/1997;101
8;1;306711;10/12/1997;101
8;1;306720;10/12/1997;101
8;1;306738;05/12/1997;101
8;1;306746;20/12/1997;101
8;1;306754;10/12/1997;101
8;1;306762;10/12/1997;101
8;1;306770;12/12/1997;101
8;1;306789;12/12/1997;101
8;1;306797;06/12/1997;101
8;1;306800;15/12/1997;101
8;1;306819;15/12/1997;101
8;1;306827;02/01/1998;101
8;1;306835;10/12/1997;101
8;1;306843;12/12/1997;101
8;1;306851;15/12/1997;101
8;1;306860;17/12/1997;101
8;1;306878;12/12/1997;101
8;1;306886;15/12/1997;101
8;1;306894;20/12/1997;101
8;1;306908;22/12/1997;101
8;1;306916;26/12/1997;101
8;1;306924;22/12/1997;101
8;1;306932;21/12/1997;101
8;1;306940;17/12/1997;101
8;1;306959;18/12/1997;101
8;1;306967;20/12/1997;101
8;1;306975;10/12/1997;101
8;1;306983;20/12/1997;101
8;1;306991;13/12/1997;101
8;1;307009;02/01/1998;101
8;1;307025;07/01/1998;101
8;1;307033;05/01/1998;101
8;1;307041;10/01/1998;101
8;1;307050;07/01/1998;101
8;1;307068;12/01/1998;101
8;1;307076;09/01/1998;101
8;1;307084;02/01/1998;101
8;1;307092;12/01/1998;101
8;1;307106;09/01/1998;101
8;1;307114;05/01/1998;101
8;1;307122;02/01/1998;101
8;1;307130;08/01/1998;101
8;1;307149;14/01/1998;101
8;1;307165;21/01/1998;101
8;1;307173;02/01/1998;101
8;1;307181;21/01/1998;101
8;1;307190;02/01/1998;101
8;1;307203;20/01/1998;101
8;1;307211;20/01/1998;101
8;1;307220;15/01/1998;101
8;1;307238;05/01/1998;101
8;1;307246;20/01/1998;101
8;1;307254;21/01/1998;101
8;1;307262;19/01/1998;101
8;1;307270;20/01/1998;101
8;1;307289;02/01/1998;101
8;1;307297;23/01/1998;101
8;1;307300;26/01/1998;101
8;1;307319;20/01/1998;101
8;1;307327;05/01/1998;101
8;1;307335;20/01/1998;101
8;1;307343;02/02/1998;101
8;1;307351;02/02/1998;101
8;1;307360;02/02/1998;101
8;1;307378;02/02/1998;101
8;1;307386;06/02/1998;101
8;1;307394;02/02/1998;101
8;1;307408;02/02/1998;101
8;1;307416;02/02/1998;101
6;1;307416;02/02/1998;101
4;1;307416;02/02/1998;101
8;1;307424;02/02/1998;101
8;1;307432;02/02/1998;101
8;1;307440;02/02/1998;101
8;1;307450;02/02/1998;101
8;1;307469;06/02/1998;101
8;1;307475;06/02/1998;101
8;1;307483;02/02/1998;101
8;1;307491;02/02/1998;101
8;1;307505;02/02/1998;101
8;1;307513;05/02/1998;101
8;1;307521;02/02/1998;101
8;1;307530;02/02/1998;101
8;1;307548;03/02/1998;101
8;1;307556;09/02/1998;101
8;1;307564;05/02/1998;101
8;1;307572;06/02/1998;101
8;1;307580;13/02/1998;101
8;1;307599;13/02/1998;101
8;1;307602;02/02/1998;101
8;1;307610;12/02/1998;101
8;1;307629;16/02/1998;101
8;1;307637;16/02/1998;101
8;1;307645;02/02/1998;101
8;1;307653;09/02/1998;101
8;1;307661;02/02/1998;101
8;1;307670;02/02/1998;101
8;1;307688;10/02/1998;101
8;1;307695;02/02/1998;101
8;1;307700;04/02/1998;101
8;1;307718;12/02/1998;101
8;1;307726;17/02/1998;101
8;1;307742;20/02/1998;101
8;1;307769;09/02/1998;101
8;1;307778;10/02/1998;101
8;1;307785;11/02/1998;101
8;1;307793;20/02/1998;101
8;1;307807;12/02/1998;101
8;1;307815;10/02/1998;101
8;1;307823;11/02/1998;101
8;1;307831;06/02/1998;101
8;1;307840;05/02/1998;101
8;1;307858;08/02/1998;101
8;1;307860;23/02/1998;101
8;1;307874;07/02/1998;101
8;1;307882;13/02/1998;101
8;1;307890;13/02/1998;101
8;1;307904;19/02/1998;101
8;1;307910;16/02/1998;101
8;1;307920;19/02/1998;101
8;1;307939;16/02/1998;101
8;1;307947;16/02/1998;101
8;1;307951;18/02/1998;101
8;1;307969;09/02/1998;101
8;1;307977;13/02/1998;101
8;1;307985;13/02/1998;101
8;1;307998;18/02/1998;101
8;1;308005;17/02/1998;101
8;1;308013;03/02/1998;101
4;1;308025;25/02/1998;101
8;1;308038;23/02/1998;101
8;1;308048;23/02/1998;101
8;1;308056;10/07/1995;101
8;1;308064;31/12/1997;101
8;1;308072;23/02/1998;101
8;1;308080;19/02/1998;101
8;1;308099;25/02/1998;101
8;1;308102;25/02/1998;101
8;1;308110;25/02/1998;101
8;1;308129;25/02/1998;101
8;1;308137;25/02/1998;101
8;1;308145;25/02/1998;101
8;1;308153;25/02/1998;101
8;1;308161;25/02/1998;101
8;1;308170;25/02/1998;101
8;1;308188;25/02/1998;101
8;1;308196;25/02/1998;101
8;1;308200;25/02/1998;101
8;1;308218;25/02/1998;101
8;1;308226;25/02/1998;101
8;1;308234;25/02/1998;101
8;1;308242;25/02/1998;101
8;1;308250;25/02/1998;101
8;1;308269;26/02/1998;101
8;1;308277;02/02/1998;101
8;1;308285;19/02/1998;101
4;1;308293;02/03/1998;101
8;1;308315;09/03/1998;101
8;1;308323;02/03/1998;101
8;1;308331;03/03/1998;101
8;1;308340;10/03/1998;101
8;1;308358;02/03/1998;101
8;1;308366;04/03/1998;101
8;1;308374;11/03/1998;101
8;1;308382;18/03/1998;101
8;1;308390;01/03/1998;101
8;1;308404;09/03/1998;101
8;1;308412;02/03/1998;101
8;1;308420;09/03/1998;101
8;1;308439;09/03/1998;101
8;1;308447;16/03/1998;101
8;1;308455;09/03/1998;101
8;1;308463;18/03/1998;101
8;1;308471;16/03/1998;101
8;1;308480;19/03/1998;101
8;1;308498;20/03/1998;101
8;1;308501;16/03/1998;101
8;1;308510;16/03/1998;101
8;1;308528;16/03/1998;101
8;1;308544;13/03/1998;101
8;1;308552;20/03/1998;101
8;1;308560;03/03/1998;101
8;1;308579;16/03/1998;101
8;1;308587;23/03/1998;101
8;1;308595;10/03/1998;101
8;1;308609;20/03/1998;101
8;1;308617;20/03/1998;101
8;1;308625;20/03/1998;101
8;1;308650;01/03/1998;101
8;1;308676;06/03/1998;101
8;1;308684;01/03/1998;101
8;1;308692;02/03/1998;101
8;1;308706;02/03/1998;101
8;1;308714;16/03/1998;101
8;1;308722;06/03/1998;101
8;1;308730;04/03/1998;101
8;1;308749;20/03/1998;101
8;1;308757;10/03/1998;101
8;1;308765;02/03/1998;101
8;1;308773;05/03/1998;101
8;1;308781;02/03/1998;101
8;1;308790;01/03/1998;101
8;1;308803;18/03/1998;101
8;1;308811;20/03/1998;101
8;1;308820;20/03/1998;101
8;1;308838;05/03/1998;101
4;1;308846;24/03/1998;101
8;1;308854;01/04/1998;101
8;1;308862;01/04/1998;101
8;1;308870;01/04/1998;101
8;1;308889;02/04/1998;101
8;1;308897;02/04/1998;101
8;1;308900;01/04/1998;101
8;1;308919;14/04/1998;101
8;1;308927;14/04/1998;101
8;1;308935;01/04/1998;101
8;1;308943;03/04/1998;101
8;1;308951;01/04/1998;101
8;1;308960;01/04/1998;101
8;1;308978;01/04/1998;101
8;1;308986;01/04/1998;101
8;1;308994;07/04/1998;101
8;1;309001;01/04/1998;101
8;1;309010;01/04/1998;101
8;1;309028;01/04/1998;101
8;1;309036;01/04/1998;101
8;1;309044;09/04/1998;101
8;1;309052;06/04/1998;101
8;1;309060;01/04/1998;101
8;1;309079;01/04/1998;101
8;1;309087;01/04/1998;101
8;1;309095;06/04/1998;101
8;1;309109;06/04/1998;101
8;1;309117;01/04/1998;101
8;1;309125;01/04/1998;101
8;1;309133;09/04/1998;101
8;1;309141;01/04/1998;101
8;1;309150;08/04/1998;101
8;1;309168;07/04/1998;101
8;1;309176;09/04/1998;101
8;1;309184;04/04/1998;101
8;1;309192;20/04/1998;101
8;1;309206;20/04/1998;101
8;1;309214;01/04/1998;101
8;1;309222;01/04/1998;101
8;1;309230;01/04/1998;101
8;1;309249;06/04/1998;101
8;1;309257;20/04/1998;101
8;1;309265;03/04/1998;101
8;1;309273;07/04/1998;101
8;1;309281;01/04/1998;103
8;1;309290;01/04/1998;103
8;1;309303;01/04/1998;103
8;1;309311;01/04/1998;103
8;1;309338;01/04/1998;101
8;1;309346;01/04/1998;101
8;1;309354;18/04/1998;101
8;1;309362;01/04/1998;101
8;1;309389;20/04/1998;101
8;1;309397;20/04/1998;101
8;1;309400;22/04/1998;101
8;1;309419;17/04/1998;101
8;1;309427;20/04/1998;101
8;1;309435;01/04/1998;101
8;1;309443;13/04/1998;101
8;1;309451;27/04/1998;101
8;1;309460;20/04/1998;101
8;1;309478;01/04/1998;101
8;1;309494;20/04/1998;101
8;1;309508;23/04/1998;101
8;1;309516;14/04/1998;101
8;1;309524;20/04/1998;101
8;1;309532;13/04/1998;101
8;1;309540;04/04/1998;101
8;1;309559;04/05/1998;101
8;1;309567;05/05/1998;101
8;1;309575;04/05/1998;101
8;1;309583;05/05/1998;101
8;1;309591;02/05/1998;101
8;1;309605;04/05/1998;101
8;1;309613;02/05/1998;101
8;1;309621;02/05/1998;101
8;1;309630;18/05/1998;101
8;1;309648;07/05/1998;101
8;1;309656;04/05/1998;101
8;1;309664;06/05/1998;101
8;1;309672;04/05/1998;101
8;1;309680;02/05/1998;101
8;1;309699;04/05/1998;101
8;1;309702;04/05/1998;101
8;1;309710;04/05/1998;101
8;1;309729;02/05/1998;101
8;1;309737;02/05/1998;101
8;1;309745;05/05/1998;101
8;1;309753;02/05/1998;101
8;1;309770;11/05/1998;101
8;1;309788;11/05/1998;101
8;1;309796;01/05/1998;101
8;1;309800;05/05/1998;101
8;1;309818;14/05/1998;101
8;1;309826;04/05/1998;101
8;1;309834;07/05/1998;101
8;1;309842;04/05/1998;101
8;1;309850;04/05/1998;101
8;1;309869;18/05/1998;101
8;1;309877;04/05/1998;101
8;1;309885;08/05/1998;101
8;1;309893;09/05/1998;101
8;1;309907;02/05/1998;101
8;1;309915;06/05/1998;101
8;1;309923;02/05/1998;101
8;1;309931;14/05/1998;101
8;1;309940;13/05/1998;101
8;1;309958;11/05/1998;101
8;1;309966;07/05/1998;101
8;1;309974;09/05/1998;101
8;1;309990;05/05/1998;101
8;1;310000;06/05/1998;101
8;1;310018;07/05/1998;101
8;1;310026;05/05/1998;101
8;1;310034;02/05/1998;101
8;1;310042;05/05/1998;101
8;1;310050;12/05/1998;101
8;1;310069;04/05/1998;101
8;1;310077;07/05/1998;101
8;1;310085;07/05/1998;101
8;1;310093;04/05/1998;101
8;1;310107;05/05/1998;101
8;1;310115;19/05/1998;101
8;1;310123;08/05/1998;101
8;1;310131;02/05/1998;101
8;1;310140;14/05/1998;101
8;1;310158;02/05/1998;101
8;1;310166;16/05/1998;101
8;1;310174;14/05/1998;101
8;1;310182;15/05/1998;101
8;1;310190;04/05/1998;101
8;1;310204;20/05/1998;101
8;1;310212;21/05/1998;101
8;1;310220;01/05/1998;101
8;1;310239;01/06/1998;101
8;1;310247;11/05/1998;101
8;1;310255;20/05/1998;101
8;1;310263;13/05/1998;101
8;1;310271;09/05/1998;101
8;1;310280;22/05/1998;101
8;1;310298;22/05/1998;101
8;1;310301;22/05/1998;101
8;1;310310;25/05/1998;101
8;1;310328;23/05/1998;101
8;1;310336;21/05/1998;101
8;1;310344;08/05/1998;101
8;1;310352;22/05/1998;101
8;1;310360;01/06/1998;101
8;1;310379;01/06/1998;101
8;1;310387;01/06/1998;101
8;1;310395;01/06/1998;101
8;1;310409;01/06/1998;101
8;1;310417;01/06/1998;101
8;1;310425;01/06/1998;101
8;1;310433;01/06/1998;101
8;1;310441;01/06/1998;101
8;1;310450;01/06/1998;101
8;1;310468;01/06/1998;101
8;1;310476;01/06/1998;101
8;1;310484;08/06/1998;101
8;1;310492;01/06/1998;101
8;1;310506;08/06/1998;101
8;1;310514;01/06/1998;101
8;1;310522;08/06/1998;101
8;1;310530;01/06/1998;101
8;1;310549;01/06/1998;101
8;1;310557;05/06/1998;101
8;1;310565;01/06/1998;101
8;1;310573;01/06/1998;101
8;1;310581;01/06/1998;101
8;1;310590;05/06/1998;101
8;1;310603;02/06/1998;101
8;1;310611;01/06/1998;101
8;1;310620;01/06/1998;101
8;1;310638;10/06/1998;101
8;1;310646;01/06/1998;101
8;1;310654;20/06/1998;101
8;1;310662;10/06/1998;101
8;1;310670;15/06/1998;101
8;1;310689;04/06/1998;101
8;1;310697;15/06/1998;101
8;1;310700;09/06/1998;101
8;1;310719;16/06/1998;101
8;1;310727;16/06/1998;101
8;1;310735;01/06/1998;101
8;1;310743;15/06/1998;101
8;1;310751;01/06/1998;101
8;1;310760;01/06/1998;101
8;1;310778;18/06/1998;101
8;1;310786;01/06/1998;101
8;1;310794;12/06/1998;101
8;1;310808;16/06/1998;101
8;1;310816;22/06/1998;101
8;1;310824;18/06/1998;101
8;1;310832;12/06/1998;101
8;1;310840;18/06/1998;101
8;1;310859;17/06/1998;101
8;1;310867;10/06/1998;101
8;1;310875;01/06/1998;101
8;1;310883;10/06/1998;101
8;1;310891;05/06/1998;101
8;1;310905;02/06/1998;101
8;1;310913;22/06/1998;101
8;1;310921;01/06/1998;101
8;1;310930;15/06/1998;101
8;1;310948;01/06/1998;101
8;1;310956;05/06/1998;101
8;1;310964;22/06/1998;101
8;1;310972;01/06/1998;101
8;1;310980;18/06/1998;101
8;1;310999;20/06/1998;101
8;1;311006;06/06/1998;101
8;1;311014;19/06/1998;101
8;1;311022;22/06/1998;101
8;1;311030;23/06/1998;101
8;1;311049;19/06/1998;101
8;1;311057;20/06/1998;101
8;1;311065;18/06/1998;101
8;1;311073;17/06/1998;101
8;1;311081;22/06/1998;101
8;1;311090;13/06/1998;101
8;1;311103;01/06/1998;101
8;1;311111;04/06/1998;101
8;1;311120;24/06/1998;101
8;1;311138;25/06/1998;101
8;1;311146;08/06/1998;101
4;1;311154;29/06/1998;101
8;1;311162;01/06/1998;101
8;1;311170;01/07/1998;101
8;1;311189;01/07/1998;101
8;1;311197;01/07/1998;101
8;1;311200;01/07/1998;101
8;1;311219;02/07/1998;101
8;1;311227;01/07/1998;101
8;1;311235;01/07/1998;101
8;1;311243;01/07/1998;101
8;1;311260;02/07/1998;101
8;1;311278;02/07/1998;101
8;1;311286;06/07/1998;101
8;1;311294;01/07/1998;101
8;1;311308;01/07/1998;101
8;1;311316;01/07/1998;101
8;1;311324;09/07/1998;101
8;1;311332;10/07/1998;101
8;1;311340;01/07/1998;101
8;1;311359;01/07/1998;101
8;1;311367;01/07/1998;101
8;1;311375;06/07/1998;101
8;1;311383;06/07/1998;101
8;1;311391;06/07/1998;101
8;1;311405;01/07/1998;101
8;1;311413;03/07/1998;101
8;1;311421;06/07/1998;101
8;1;311430;20/07/1998;101
8;1;311448;06/07/1998;101
8;1;311456;01/07/1998;101
8;1;311464;09/07/1998;101
8;1;311472;14/07/1998;101
8;1;311480;14/07/1998;101
8;1;311499;01/07/1998;101
8;1;311502;07/07/1998;101
8;1;311529;02/07/1998;101
8;1;311537;09/07/1998;101
8;1;311545;07/07/1998;101
8;1;311553;20/07/1998;101
8;1;311561;13/07/1998;101
8;1;311570;08/07/1998;101
8;1;311588;02/07/1998;101
8;1;311596;01/07/1998;101
8;1;311600;01/07/1998;101
8;1;311618;21/07/1998;101
8;1;311626;02/07/1998;101
8;1;311634;15/07/1998;101
8;1;311642;03/07/1998;101
8;1;311650;03/07/1998;101
8;1;311669;16/07/1998;101
8;1;311677;22/07/1998;101
8;1;311685;13/07/1998;101
8;1;311693;20/07/1998;101
8;1;311707;20/07/1998;101
8;1;311715;24/07/1998;101
8;1;311723;20/07/1998;101
8;1;311731;02/07/1998;101
8;1;311740;17/07/1998;101
8;1;311758;06/07/1998;101
8;1;311766;20/07/1998;101
8;1;311774;20/07/1998;101
8;1;311782;01/07/1998;101
8;1;311790;20/07/1998;101
8;1;311804;22/07/1998;101
8;1;311812;22/07/1998;101
8;1;311820;20/07/1998;101
8;1;311839;03/07/1998;101
8;1;311847;20/07/1998;101
8;1;311855;21/07/1998;101
8;1;311863;08/07/1998;101
8;1;311871;22/07/1998;101
8;1;311880;01/07/1998;101
8;1;311898;22/07/1998;101
8;1;311901;21/07/1998;101
8;1;311910;03/08/1998;101
8;1;311928;01/08/1998;101
8;1;311936;03/08/1998;101
4;1;311944;05/08/1998;101
8;1;311952;03/08/1998;101
4;1;311960;03/08/1998;101
8;1;311960;03/08/1998;101
8;1;311979;03/08/1998;101
8;1;311987;03/08/1998;101
8;1;311995;03/08/1998;101
8;1;312002;03/08/1998;101
8;1;312010;01/08/1998;101
8;1;312029;01/08/1998;101
8;1;312037;03/08/1998;101
8;1;312045;01/08/1998;101
8;1;312053;07/08/1998;101
8;1;312061;05/08/1998;101
8;1;312070;10/08/1998;101
8;1;312088;10/08/1998;101
8;1;312096;10/08/1998;101
8;1;312100;03/08/1998;101
8;1;312118;10/08/1998;101
8;1;312126;06/08/1998;101
8;1;312134;12/08/1998;101
8;1;312142;13/08/1998;101
8;1;312150;13/08/1998;101
8;1;312169;15/08/1998;101
8;1;312177;06/08/1998;101
8;1;312185;14/08/1998;101
8;1;312193;01/09/1998;101
8;1;312207;13/08/1998;101
8;1;312215;12/08/1998;101
8;1;312223;17/08/1998;101
8;1;312231;17/08/1998;101
8;1;312240;10/08/1998;101
8;1;312258;03/08/1998;101
8;1;312266;20/08/1998;101
8;1;312274;12/08/1998;101
8;1;312282;04/08/1998;101
8;1;312290;15/08/1998;101
8;1;312304;17/08/1998;101
8;1;312312;13/08/1998;101
8;1;312320;20/08/1998;101
8;1;312347;19/08/1998;101
8;1;312363;20/08/1998;101
8;1;312371;24/08/1998;101
8;1;312380;22/08/1998;101
8;1;312398;27/08/1998;101
8;1;312401;01/09/1998;101
8;1;312410;01/09/1998;101
8;1;312428;01/09/1998;101
8;1;312436;01/09/1998;101
8;1;312444;01/09/1998;101
8;1;312452;01/09/1998;101
8;1;312460;01/09/1998;101
8;1;312479;03/09/1998;101
8;1;312487;03/09/1998;101
8;1;312517;09/09/1998;101
8;1;312525;02/09/1998;101
8;1;312533;02/09/1998;101
8;1;312541;01/09/1998;101
8;1;312550;02/09/1998;101
8;1;312568;09/09/1998;101
8;1;312576;01/09/1998;101
8;1;312584;01/09/1998;101
8;1;312614;01/09/1998;101
8;1;312622;02/09/1998;101
8;1;312630;02/09/1998;101
8;1;312649;14/09/1998;101
8;1;312657;01/09/1998;101
8;1;312665;08/09/1998;101
8;1;312673;02/09/1998;101
8;1;312681;14/09/1998;101
8;1;312690;21/09/1998;101
8;1;312703;14/09/1998;101
8;1;312711;14/09/1998;101
8;1;312720;18/09/1998;101
8;1;312738;08/09/1998;101
8;1;312746;18/09/1998;101
8;1;312754;01/09/1998;101
8;1;312762;14/09/1998;101
8;1;312770;10/09/1998;101
8;1;312789;21/09/1998;101
8;1;312797;10/09/1998;101
8;1;312800;18/09/1998;101
8;1;312827;24/09/1998;101
8;1;312835;21/09/1998;101
8;1;312843;21/09/1998;101
8;1;312851;21/09/1998;101
8;1;312860;01/09/1998;101
8;1;312878;02/09/1998;101
8;1;312886;16/09/1998;101
8;1;312894;14/09/1998;101
8;1;312908;08/09/1998;101
8;1;312916;10/09/1998;101
8;1;312924;21/09/1998;101
8;1;312932;21/09/1998;101
8;1;312940;17/09/1998;101
8;1;312959;15/09/1998;101
8;1;312967;04/09/1998;101
8;1;312975;17/09/1998;101
8;1;312991;04/09/1998;101
8;1;313009;15/09/1998;101
8;1;313017;24/09/1998;101
8;1;313025;01/10/1998;101
8;1;313033;01/10/1998;101
8;1;313041;01/10/1998;101
8;1;313050;07/10/1998;101
8;1;313068;01/10/1998;101
8;1;313076;01/10/1998;101
8;1;313092;05/10/1998;101
8;1;313106;01/10/1998;101
8;1;313130;01/10/1998;101
8;1;313149;01/10/1998;101
8;1;313157;01/10/1998;101
8;1;313165;01/10/1998;101
8;1;313173;01/10/1998;101
8;1;313181;16/10/1998;101
8;1;313190;13/10/1998;101
8;1;313203;09/10/1998;101
8;1;313211;14/10/1998;101
8;1;313220;22/10/1998;101
8;1;313238;15/10/1998;101
8;1;313246;21/10/1998;101
8;1;313254;01/10/1998;101
8;1;313270;01/10/1998;101
8;1;313297;01/10/1998;101
8;1;313300;15/10/1998;101
8;1;313343;08/10/1998;101
8;1;313351;19/10/1998;101
8;1;313360;15/10/1998;101
8;1;313378;21/10/1998;101
8;1;313386;08/10/1998;101
8;1;313394;07/10/1998;101
8;1;313408;20/10/1998;101
8;1;313416;15/10/1998;101
8;1;313424;08/10/1998;101
8;1;313432;20/10/1998;101
8;1;313440;26/10/1998;101
8;1;313459;26/10/1998;101
8;1;313467;26/10/1998;101
8;1;313475;16/10/1998;101
8;1;313483;19/10/1998;101
8;1;313491;19/10/1998;101
8;1;313505;03/11/1998;101
8;1;313513;03/11/1998;101
8;1;313530;03/11/1998;101
8;1;313548;03/11/1998;101
8;1;313564;05/11/1998;101
8;1;313572;03/11/1998;101
8;1;313580;05/11/1998;101
8;1;313599;10/11/1998;101
8;1;313602;05/11/1998;101
8;1;313610;05/11/1998;101
8;1;313629;10/11/1998;101
8;1;313637;10/11/1998;101
8;1;313645;03/11/1998;101
8;1;313653;05/11/1998;101
8;1;313661;09/11/1998;101
8;1;313670;15/11/1998;101
8;1;313688;03/11/1998;101
4;1;313696;14/11/1998;101
8;1;313700;16/11/1998;101
8;1;313718;12/11/1998;101
8;1;313726;11/11/1998;101
8;1;313734;16/11/1998;101
8;1;313742;12/11/1998;101
8;1;313750;16/11/1998;101
8;1;313769;10/11/1998;101
8;1;313777;09/11/1998;101
8;1;313785;19/11/1998;101
8;1;313793;06/11/1998;101
8;1;313807;06/11/1998;101
8;1;313815;06/11/1998;101
8;1;313823;16/11/1998;101
8;1;313831;24/11/1998;101
8;1;313840;20/11/1998;101
8;1;313858;20/11/1998;101
4;1;313866;19/11/1998;101
8;1;313874;17/11/1998;101
8;1;313882;23/11/1998;101
8;1;313890;18/11/1998;101
8;1;313904;10/11/1998;101
8;1;313912;13/11/1998;101
8;1;313920;22/11/1998;101
8;1;313939;19/11/1998;101
8;1;313947;20/11/1998;101
8;1;313955;20/11/1998;101
8;1;313971;20/11/1998;101
8;1;313980;07/12/1998;101
8;1;313998;01/12/1998;101
8;1;314005;01/12/1998;101
8;1;314013;01/12/1998;101
8;1;314021;01/12/1998;101
8;1;314030;01/12/1998;101
8;1;314048;07/12/1998;101
8;1;314056;07/12/1998;101
8;1;314064;01/12/1998;101
8;1;314072;01/12/1998;101
8;1;314102;03/12/1998;101
8;1;314110;01/12/1998;101
8;1;314129;01/12/1998;101
8;1;314137;01/12/1998;101
8;1;314145;01/12/1998;101
8;1;314153;01/12/1998;101
8;1;314161;04/12/1998;101
8;1;314170;01/12/1998;101
8;1;314188;01/12/1998;101
8;1;314196;01/12/1998;101
8;1;314200;01/12/1998;101
8;1;314218;01/12/1998;101
8;1;314226;10/12/1998;101
8;1;314234;01/12/1998;101
8;1;314242;01/12/1998;101
8;1;314250;03/12/1998;101
8;1;314269;01/12/1998;101
8;1;314293;01/12/1998;101
8;1;314307;01/12/1998;101
8;1;314315;01/12/1998;101
8;1;314323;02/12/1998;101
4;1;314331;03/12/1998;101
8;1;314331;03/12/1998;101
8;1;314340;03/12/1998;101
8;1;314358;01/12/1998;101
8;1;314366;07/12/1998;101
8;1;314382;07/12/1998;101
8;1;314390;01/12/1998;101
8;1;314404;01/12/1998;101
8;1;314412;01/12/1998;101
8;1;314420;01/12/1998;101
8;1;314439;01/12/1998;101
8;1;314447;01/12/1998;101
8;1;314455;01/12/1998;101
8;1;314463;01/12/1998;101
8;1;314471;01/12/1998;101
8;1;314480;01/12/1998;101
8;1;314498;01/12/1998;101
8;1;314501;01/12/1998;101
8;1;314528;01/12/1998;101
8;1;314536;01/12/1998;101
8;1;314544;01/12/1998;101
8;1;314552;01/12/1998;101
8;1;314560;01/12/1998;101
8;1;314579;01/12/1998;101
8;1;314587;01/12/1998;101
8;1;314595;01/12/1998;101
8;1;314609;07/12/1998;101
8;1;314617;07/12/1998;101
8;1;314633;01/12/1998;101
8;1;314641;07/12/1998;101
8;1;314650;07/12/1998;101
8;1;314668;01/12/1998;101
8;1;314676;01/12/1998;101
8;1;314684;07/12/1998;101
8;1;314692;07/12/1998;101
8;1;314706;01/12/1998;101
8;1;314714;01/12/1998;101
8;1;314722;01/12/1998;101
8;1;314730;01/12/1998;101
8;1;314749;01/12/1998;101
8;1;314757;01/12/1998;101
8;1;314765;01/12/1998;101
8;1;314773;07/12/1998;101
8;1;314781;01/12/1998;101
8;1;314790;01/12/1998;101
8;1;314803;01/12/1998;101
8;1;314811;01/12/1998;101
8;1;314820;01/12/1998;101
8;1;314838;01/12/1998;101
8;1;314846;01/12/1998;101
8;1;314854;01/12/1998;101
8;1;314862;01/12/1998;101
8;1;314870;01/12/1998;101
8;1;314889;01/12/1998;101
8;1;314897;01/12/1998;101
8;1;314900;01/12/1998;101
8;1;314919;01/12/1998;101
8;1;314927;01/12/1998;101
8;1;314935;01/12/1998;101
8;1;314943;04/12/1998;101
8;1;314951;07/12/1998;101
8;1;314960;01/12/1998;101
8;1;314978;01/12/1998;101
8;1;314986;01/12/1998;101
8;1;314994;01/12/1998;101
8;1;315001;01/12/1998;101
8;1;315010;01/12/1998;101
8;1;315028;01/12/1998;101
8;1;315044;01/12/1998;101
8;1;315052;01/12/1998;101
8;1;315060;01/12/1998;101
8;1;315079;01/12/1998;101
8;1;315087;07/12/1998;101
8;1;315095;01/12/1998;101
8;1;315109;01/12/1998;101
8;1;315117;01/12/1998;101
8;1;315125;01/12/1998;101
8;1;315133;01/12/1998;101
8;1;315141;01/12/1998;101
8;1;315150;01/12/1998;101
8;1;315168;01/12/1998;101
8;1;315176;01/12/1998;101
8;1;315184;01/12/1998;101
8;1;315192;01/12/1998;101
8;1;315206;01/12/1998;101
8;1;315214;07/12/1998;101
8;1;315222;01/12/1998;101
8;1;315230;01/12/1998;101
8;1;315249;01/12/1998;101
8;1;315265;01/12/1998;101
8;1;315273;01/12/1998;101
8;1;315281;01/12/1998;101
8;1;315290;01/09/1998;101
8;1;315303;01/12/1998;101
8;1;315311;02/12/1998;101
8;1;315320;01/12/1998;101
8;1;315338;01/12/1998;101
8;1;315346;01/12/1998;101
8;1;315354;01/12/1998;101
8;1;315370;01/12/1998;101
8;1;315389;01/12/1998;101
8;1;315392;01/12/1998;101
8;1;315406;01/12/1998;101
8;1;315414;01/12/1998;101
8;1;315427;01/12/1998;101
8;1;315435;01/12/1998;101
8;1;315443;01/12/1998;101
8;1;315451;01/12/1998;101
8;1;315460;07/12/1998;101
8;1;315478;01/12/1998;101
8;1;315486;01/12/1998;101
8;1;315494;03/12/1998;101
8;1;315508;03/12/1998;101
8;1;315516;02/12/1998;101
8;1;315524;01/12/1998;101
8;1;315532;01/12/1998;101
8;1;315540;01/12/1998;101
8;1;315559;01/12/1998;101
8;1;315567;01/12/1998;101
8;1;315575;01/12/1998;101
8;1;315583;01/12/1998;101
8;1;315591;01/12/1998;101
8;1;315605;01/12/1998;101
8;1;315613;01/12/1998;101
8;1;315621;01/12/1998;101
8;1;315630;01/12/1998;101
8;1;315648;07/12/1998;101
8;1;315656;03/12/1998;101
8;1;315664;03/12/1998;101
8;1;315672;03/12/1998;101
8;1;315680;01/12/1998;101
8;1;315699;07/12/1998;101
8;1;315702;07/12/1998;101
8;1;315716;03/12/1998;101
8;1;315729;01/12/1998;101
8;1;315737;02/12/1998;101
8;1;315745;01/12/1998;101
8;1;315753;03/12/1998;101
8;1;315761;07/12/1998;101
8;1;315770;07/12/1998;101
8;1;315788;01/12/1998;101
8;1;315796;03/12/1998;101
8;1;315800;03/12/1998;101
8;1;315818;07/12/1998;101
8;1;315826;01/12/1998;101
8;1;315834;01/12/1998;101
8;1;315842;01/12/1998;101
8;1;315850;07/12/1998;101
8;1;315869;03/12/1998;101
8;1;315885;01/12/1998;101
8;1;315893;01/12/1998;101
8;1;315907;01/12/1998;101
8;1;315915;01/12/1998;101
8;1;315923;01/12/1998;101
8;1;315931;01/12/1998;101
8;1;315940;01/12/1998;101
8;1;315958;01/12/1998;101
8;1;315966;01/12/1998;101
8;1;315974;01/12/1998;101
8;1;315982;01/12/1998;101
8;1;315990;01/12/1998;101
8;1;316008;01/12/1998;101
8;1;316016;07/12/1998;101
8;1;316024;01/12/1998;101
8;1;316032;01/12/1998;101
8;1;316040;01/12/1998;101
8;1;316059;03/12/1998;101
8;1;316067;02/12/1998;101
8;1;316075;01/12/1998;101
8;1;316083;07/12/1998;101
8;1;316091;02/12/1998;101
8;1;316105;02/12/1998;101
8;1;316113;01/12/1998;101
8;1;316121;07/12/1998;101
8;1;316130;02/12/1998;101
8;1;316148;01/12/1998;101
8;1;316156;01/12/1998;101
8;1;316164;01/12/1998;101
8;1;316172;07/12/1998;101
8;1;316186;07/12/1998;101
8;1;316194;07/12/1998;101
8;1;316202;07/12/1998;101
8;1;316210;07/12/1998;101
8;1;316229;01/12/1998;101
8;1;316237;07/12/1998;101
8;1;316244;01/12/1998;101
8;1;316252;01/12/1998;101
8;1;316270;01/12/1998;101
8;1;316296;01/12/1998;101
8;1;316300;01/12/1998;101
8;1;316318;01/12/1998;101
8;1;316326;01/12/1998;101
8;1;316334;01/12/1998;101
8;1;316342;01/12/1998;101
8;1;316350;07/12/1998;101
8;1;316369;07/12/1998;101
8;1;316377;07/12/1998;101
8;1;316385;07/12/1998;101
8;1;316393;07/12/1998;101
8;1;316407;07/12/1998;101
8;1;316415;07/12/1998;101
8;1;316423;07/12/1998;101
8;1;316431;07/12/1998;101
8;1;316440;01/12/1998;101
8;1;316458;01/12/1998;101
8;1;316466;07/12/1998;101
8;1;316474;07/12/1998;101
8;1;316482;02/12/1998;101
8;1;316490;10/12/1998;101
8;1;316504;07/12/1998;101
8;1;316512;02/12/1998;101
8;1;316520;02/12/1998;101
8;1;316539;02/12/1998;101
8;1;316547;07/12/1998;101
8;1;316555;07/12/1998;101
8;1;316563;07/12/1998;101
8;1;316571;01/12/1998;101
8;1;316598;01/12/1998;101
8;1;316601;07/12/1998;101
8;1;316610;01/12/1998;101
8;1;316628;07/12/1998;101
8;1;316636;07/12/1998;101
8;1;316644;04/12/1998;101
8;1;316652;02/12/1998;101
8;1;316660;07/12/1998;101
8;1;316679;05/12/1998;101
8;1;316687;04/12/1998;101
8;1;316695;04/12/1998;101
8;1;316709;01/12/1998;101
8;1;316717;07/12/1998;101
8;1;316725;04/12/1998;101
8;1;316733;07/12/1998;101
8;1;316741;07/12/1998;101
8;1;316750;07/12/1998;101
8;1;316768;07/12/1998;101
8;1;316776;03/12/1998;101
8;1;316784;14/12/1998;101
8;1;316792;07/12/1998;101
8;1;316806;07/12/1998;101
8;1;316814;03/12/1998;101
8;1;316822;14/12/1998;101
8;1;316830;08/12/1998;101
8;1;316849;10/12/1998;101
8;1;316857;07/12/1998;101
8;1;316865;10/12/1998;101
8;1;316881;15/12/1998;101
8;1;316938;07/12/1998;101
8;1;316946;07/12/1998;101
8;1;316954;11/12/1998;101
8;1;316962;04/12/1998;101
8;1;316970;10/12/1998;101
8;1;316989;11/12/1998;101
8;1;316997;11/12/1998;101
8;1;317004;01/12/1998;101
8;1;317012;16/12/1998;101
8;1;317020;14/12/1998;101
8;1;317039;10/12/1998;101
8;1;317047;01/12/1998;101
8;1;317055;15/12/1998;101
8;1;317063;15/12/1998;101
8;1;317071;12/12/1998;101
8;1;317080;11/12/1998;101
8;1;317098;15/12/1998;101
8;1;317101;10/12/1998;101
8;1;317110;16/12/1998;101
8;1;317128;16/12/1998;101
8;1;317136;08/12/1998;101
8;1;317144;07/12/1998;101
8;1;317152;07/12/1998;101
8;1;317160;11/12/1998;101
8;1;317175;14/12/1998;101
8;1;317183;16/12/1998;101
8;1;317196;23/12/1998;101
8;1;317202;22/12/1998;101
8;1;317217;23/12/1998;101
8;1;317225;23/12/1998;101
8;1;317233;23/12/1998;101
8;1;317241;24/12/1998;101
4;1;317241;24/12/1998;101
8;1;317250;01/01/1999;101
8;1;317268;16/12/1998;101
8;1;317276;04/01/1999;101
8;1;317284;02/01/1999;101
8;1;317292;04/01/1999;101
8;1;317306;02/01/1999;101
8;1;317314;04/01/1999;101
8;1;317322;04/01/1999;101
8;1;317335;02/01/1999;101
8;1;317349;02/01/1999;101
8;1;317357;05/01/1999;101
8;1;317373;04/01/1999;101
8;1;317381;04/01/1999;101
8;1;317390;02/01/1999;101
8;1;317403;06/01/1999;101
8;1;317411;06/01/1999;101
8;1;317420;02/01/1999;101
8;1;317438;11/01/1999;101
8;1;317446;11/01/1999;101
8;1;317454;05/01/1999;101
8;1;317462;08/01/1999;101
8;1;317470;08/01/1999;101
8;1;317489;05/01/1999;101
8;1;317497;04/01/1999;101
8;1;317500;04/01/1999;101
8;1;317519;05/01/1999;101
8;1;317527;04/01/1999;101
8;1;317535;04/01/1999;101
8;1;317543;06/01/1999;101
8;1;317551;02/01/1999;101
8;1;317560;08/01/1999;101
8;1;317578;06/01/1999;101
8;1;317586;04/01/1999;101
8;1;317594;04/01/1999;101
8;1;317608;02/01/1999;101
8;1;317616;19/01/1999;101
8;1;317624;13/01/1999;101
8;1;317632;16/01/1999;101
8;1;317640;15/01/1999;101
8;1;317659;12/01/1999;101
8;1;317667;18/01/1999;101
8;1;317675;17/01/1999;101
8;1;317683;15/01/1999;101
8;1;317691;14/01/1999;101
8;1;317705;12/01/1999;101
8;1;317713;20/01/1999;101
4;1;317721;25/01/1999;101
4;1;317730;25/01/1999;101
8;1;317748;15/01/1999;101
8;1;317756;03/02/1999;101
8;1;317764;01/02/1999;101
8;1;317772;04/02/1999;101
8;1;317780;03/02/1999;101
8;1;317799;03/02/1999;101
8;1;317802;01/02/1999;101
8;1;317810;04/02/1999;101
8;1;317829;03/02/1999;101
4;1;317837;09/02/1999;101
4;1;317845;09/02/1999;101
8;1;317853;08/02/1999;101
8;1;317861;08/02/1999;101
8;1;317870;03/02/1999;101
8;1;317888;08/02/1999;101
8;1;317896;03/02/1999;101
8;1;317918;03/02/1999;101
8;1;317926;01/02/1999;101
8;1;317934;17/02/1999;101
8;1;317942;28/12/1998;101
8;1;317950;10/02/1999;101
8;1;317969;10/02/1999;101
8;1;317977;05/02/1999;101
8;1;317985;22/02/1999;101
8;1;317993;08/02/1999;101
8;1;318000;15/02/1999;101
8;1;318019;01/02/1999;101
8;1;318035;01/02/1999;101
8;1;318043;22/02/1999;101
8;1;318051;15/02/1999;101
8;1;318060;22/02/1999;101
8;1;318078;11/02/1999;101
8;1;318086;11/02/1999;101
8;1;318094;01/02/1999;101
8;1;318108;04/02/1999;101
8;1;318116;11/02/1999;101
8;1;318124;18/02/1999;101
282;1;318124;18/02/1999;101
8;1;318132;22/02/1999;101
8;1;318140;17/02/1999;101
8;1;318159;05/02/1999;101
8;1;318167;22/02/1999;101
8;1;318175;09/02/1999;101
8;1;318183;18/02/1999;101
8;1;318191;11/02/1999;101
8;1;318205;17/02/1999;101
8;1;318213;01/02/1999;101
8;1;318221;23/02/1999;101
8;1;318230;22/02/1999;101
8;1;318248;11/02/1999;101
8;1;318256;11/02/1999;101
8;1;318264;01/02/1999;101
8;1;318272;22/02/1999;101
8;1;318280;22/02/1999;101
8;1;318299;24/02/1999;101
8;1;318302;05/03/1999;101
4;1;318310;04/03/1999;101
8;1;318329;04/03/1999;101
8;1;318337;17/03/1999;101
8;1;318345;08/03/1999;101
8;1;318353;08/03/1999;101
8;1;318361;15/03/1999;101
8;1;318370;01/03/1999;101
8;1;318388;01/03/1999;101
8;1;318396;01/03/1999;101
8;1;318400;08/03/1999;101
8;1;318418;01/03/1999;101
8;1;318426;01/03/1999;101
8;1;318434;12/03/1999;101
8;1;318442;10/03/1999;101
8;1;318450;01/03/1999;101
4;1;318469;01/03/1999;101
8;1;318485;12/03/1999;101
8;1;318493;05/03/1999;101
8;1;318507;10/03/1999;101
8;1;318515;01/03/1999;101
8;1;318531;08/03/1999;101
8;1;318540;01/03/1999;101
8;1;318574;01/03/1999;101
8;1;318582;17/03/1999;101
8;1;318590;08/03/1999;101
8;1;318604;08/03/1999;101
8;1;318612;01/03/1999;101
8;1;318620;04/03/1999;101
8;1;318639;03/03/1999;101
8;1;318647;01/03/1999;101
8;1;318655;01/03/1999;101
8;1;318663;08/03/1999;101
8;1;318671;10/03/1999;101
8;1;318680;08/03/1999;101
8;1;318698;04/03/1999;101
8;1;318701;22/03/1999;101
8;1;318710;22/03/1999;101
8;1;318728;20/03/1999;101
8;1;318736;15/03/1999;101
8;1;318744;22/03/1999;101
8;1;318752;01/04/1999;101
4;1;318760;05/04/1999;101
8;1;318779;05/04/1999;101
4;1;318787;05/04/1999;101
8;1;318795;07/04/1999;101
8;1;318809;07/04/1999;101
8;1;318817;07/04/1999;722
8;1;318825;01/04/1999;101
8;1;318833;01/04/1999;101
8;1;318841;05/04/1999;101
8;1;318850;01/04/1999;101
8;1;318868;12/04/1999;101
8;1;318876;01/04/1999;101
8;1;318884;01/04/1999;101
8;1;318892;01/04/1999;101
8;1;318906;01/04/1999;101
8;1;318914;01/04/1999;101
8;1;318949;15/04/1999;101
8;1;318957;12/04/1999;101
8;1;318965;13/04/1999;101
8;1;318973;19/04/1999;101
8;1;318981;22/04/1999;101
8;1;318990;12/04/1999;101
8;1;319007;13/04/1999;101
8;1;319015;10/04/1999;101
8;1;319023;14/04/1999;101
8;1;319031;19/04/1999;101
8;1;319040;20/04/1999;101
8;1;319058;20/04/1999;101
8;1;319066;20/04/1999;101
8;1;319074;01/04/1999;101
8;1;319082;02/04/1999;101
8;1;319090;26/04/1999;101
8;1;319104;12/04/1999;101
8;1;319112;19/04/1999;101
8;1;319120;14/04/1999;101
8;1;319139;26/04/1999;101
8;1;319147;26/04/1999;101
8;1;319155;26/04/1999;101
8;1;319163;13/04/1999;101
8;1;319171;03/05/1999;101
8;1;319180;16/05/1999;101
8;1;319198;03/05/1999;101
8;1;319201;03/05/1999;101
8;1;319210;03/05/1999;101
8;1;319228;03/05/1999;101
8;1;319236;03/05/1999;101
8;1;319244;03/05/1999;101
8;1;319252;03/05/1999;101
8;1;319260;03/05/1999;101
8;1;319279;03/05/1999;101
8;1;319287;03/05/1999;101
8;1;319295;03/05/1999;101
8;1;319309;06/05/1999;103
8;1;319317;06/05/1999;103
8;1;319325;01/05/1999;101
8;1;319333;03/05/1999;101
8;1;319341;06/05/1999;101
8;1;319350;03/05/1999;101
8;1;319368;03/05/1999;101
8;1;319376;06/05/1999;101
8;1;319384;03/05/1999;101
8;1;319392;03/05/1999;101
8;1;319406;10/05/1999;101
8;1;319414;15/05/1999;101
8;1;319422;03/05/1999;101
8;1;319430;03/05/1999;101
8;1;319449;05/05/1999;101
8;1;319457;12/05/1999;101
8;1;319465;07/05/1999;101
8;1;319473;10/05/1999;101
8;1;319481;18/05/1999;101
8;1;319490;17/05/1999;101
8;1;319503;10/05/1999;101
8;1;319511;21/05/1999;101
8;1;319520;08/05/1999;101
8;1;319538;03/05/1999;101
8;1;319546;10/05/1999;101
8;1;319554;13/05/1999;101
8;1;319562;10/05/1999;101
8;1;319570;10/05/1999;101
8;1;319589;20/05/1999;101
8;1;319597;13/05/1999;101
8;1;319600;20/05/1999;101
8;1;319619;13/05/1999;101
8;1;319627;17/05/1999;101
8;1;319635;12/05/1999;101
8;1;319643;12/05/1999;101
8;1;319651;17/05/1999;101
8;1;319660;10/05/1999;101
8;1;319678;10/05/1999;101
8;1;319686;03/05/1999;101
8;1;319694;24/05/1999;101
8;1;319708;10/05/1999;101
8;1;319716;15/04/1999;101
4;1;319724;02/01/1999;722
8;1;319732;03/05/1999;101
8;1;319740;20/05/1999;101
8;1;319759;17/05/1999;101
8;1;319767;05/05/1999;101
8;1;319775;17/05/1999;101
8;1;319783;13/05/1999;101
8;1;319791;24/05/1999;101
8;1;319805;25/05/1999;101
8;1;319813;17/05/1999;101
8;1;319821;14/05/1999;101
8;1;319830;17/05/1999;101
8;1;319848;17/05/1999;101
8;1;319856;25/05/1999;101
8;1;319864;01/05/1999;101
8;1;319872;01/06/1999;101
8;1;319880;01/06/1999;101
8;1;319899;01/06/1999;101
8;1;319902;01/06/1999;101
8;1;319910;01/06/1999;101
8;1;319929;01/06/1999;101
8;1;319937;01/06/1999;101
8;1;319945;02/06/1999;101
8;1;319953;07/06/1999;101
8;1;319961;02/06/1999;101
8;1;319970;08/06/1999;101
8;1;319988;07/06/1999;101
8;1;320005;07/06/1999;101
8;1;320013;01/06/1999;101
8;1;320021;07/06/1999;101
8;1;320030;07/06/1999;101
8;1;320048;01/06/1999;101
8;1;320056;02/06/1999;101
8;1;320072;04/06/1999;101
8;1;320080;07/06/1999;101
8;1;320099;02/06/1999;101
8;1;320102;08/06/1999;101
8;1;320110;07/06/1999;101
8;1;320129;01/06/1999;101
8;1;320137;09/06/1999;101
8;1;320145;07/06/1999;101
8;1;320161;08/06/1999;101
8;1;320170;01/06/1999;101
8;1;320188;10/06/1999;101
8;1;320196;09/06/1999;101
8;1;320200;10/06/1999;101
8;1;320218;04/06/1999;101
8;1;320226;09/06/1999;101
8;1;320234;19/06/1999;101
8;1;320242;14/06/1999;101
8;1;320250;14/06/1999;101
8;1;320269;11/06/1999;101
8;1;320277;14/06/1999;101
8;1;320285;01/06/1999;101
8;1;320293;10/06/1999;101
8;1;320307;07/06/1999;101
8;1;320315;10/06/1999;101
8;1;320323;10/06/1999;101
8;1;320331;11/06/1999;101
8;1;320340;01/06/1999;101
8;1;320358;11/06/1999;101
8;1;320366;09/06/1999;101
8;1;320374;14/06/1999;101
8;1;320382;08/06/1999;101
8;1;320390;01/06/1999;101
8;1;320404;14/06/1999;101
8;1;320412;14/06/1999;101
8;1;320420;14/06/1999;101
8;1;320439;07/06/1999;101
8;1;320447;21/06/1999;101
8;1;320455;07/06/1999;101
8;1;320463;14/06/1999;101
8;1;320471;21/06/1999;101
8;1;320480;18/06/1999;101
8;1;320498;17/06/1999;101
8;1;320501;14/06/1999;101
8;1;320510;21/06/1999;101
8;1;320528;22/06/1999;101
8;1;320536;21/06/1999;101
8;1;320544;17/06/1999;101
8;1;320552;17/06/1999;101
8;1;320560;24/06/1999;101
8;1;320579;28/06/1999;101
8;1;320587;28/06/1999;101
8;1;320595;28/06/1999;101
8;1;320609;01/07/1999;101
4;1;320617;01/07/1999;101
8;1;320625;01/07/1999;101
8;1;320633;02/07/1999;101
8;1;320641;05/07/1999;101
8;1;320650;01/07/1999;103
8;1;320668;01/07/1999;101
8;1;320676;01/07/1999;101
8;1;320684;01/07/1999;103
8;1;320692;01/07/1999;103
8;1;320706;01/07/1999;101
8;1;320714;12/07/1999;101
8;1;320722;05/07/1999;101
8;1;320730;01/07/1999;101
8;1;320749;05/07/1999;101
8;1;320757;01/07/1999;101
8;1;320765;05/07/1999;101
8;1;320773;02/07/1999;101
8;1;320781;05/07/1999;101
8;1;320790;02/07/1999;101
8;1;320803;01/07/1999;101
8;1;320811;07/07/1999;101
8;1;320820;05/07/1999;101
8;1;320838;07/07/1999;101
8;1;320846;12/07/1999;101
8;1;320854;19/07/1999;101
8;1;320862;15/07/1999;101
8;1;320870;01/07/1999;101
8;1;320889;12/07/1999;101
8;1;320897;19/07/1999;101
8;1;320900;19/07/1999;101
8;1;320919;19/07/1999;101
8;1;320927;19/07/1999;101
8;1;320935;19/07/1999;101
8;1;320943;19/07/1999;101
8;1;320951;19/07/1999;101
8;1;320960;19/07/1999;101
8;1;320978;19/07/1999;101
8;1;320986;19/07/1999;101
8;1;320994;19/07/1999;101
8;1;321001;19/07/1999;101
8;1;321010;19/07/1999;101
8;1;321028;13/07/1999;101
8;1;321036;19/07/1999;101
8;1;321044;19/07/1999;101
8;1;321052;19/07/1999;101
8;1;321060;13/07/1999;101
8;1;321079;05/07/1999;101
8;1;321087;13/07/1999;101
8;1;321095;13/07/1999;101
8;1;321109;17/07/1999;101
8;1;321117;21/07/1999;101
8;1;321125;19/07/1999;101
8;1;321133;21/07/1999;101
8;1;321141;15/07/1999;101
8;1;321150;19/07/1999;101
8;1;321168;15/07/1999;101
8;1;321176;17/07/1999;101
8;1;321184;19/07/1999;101
8;1;321192;23/07/1999;101
8;1;321206;03/08/1999;101
8;1;321214;02/08/1999;101
8;1;321222;02/08/1999;101
8;1;321230;02/08/1999;101
8;1;321249;02/08/1999;101
8;1;321257;02/08/1999;101
8;1;321265;03/08/1999;101
8;1;321273;02/08/1999;101
8;1;321281;02/08/1999;101
8;1;321290;02/08/1999;101
8;1;321303;02/08/1999;101
8;1;321311;02/08/1999;101
8;1;321320;02/08/1999;101
8;1;321338;02/08/1999;101
8;1;321346;02/08/1999;101
8;1;321354;02/08/1999;101
8;1;321362;02/08/1999;101
8;1;321370;07/08/1999;101
8;1;321389;02/08/1999;101
8;1;321397;02/08/1999;101
8;1;321400;02/08/1999;101
8;1;321419;02/08/1999;101
8;1;321427;02/08/1999;101
8;1;321435;02/08/1999;101
8;1;321443;02/08/1999;101
8;1;321451;09/08/1999;101
8;1;321460;10/08/1999;101
8;1;321478;05/08/1999;101
8;1;321486;02/08/1999;101
8;1;321494;09/08/1999;101
8;1;321508;05/08/1999;101
8;1;321516;02/08/1999;101
8;1;321524;04/08/1999;101
8;1;321532;04/08/1999;101
8;1;321540;04/08/1999;101
8;1;321559;02/08/1999;101
8;1;321567;17/08/1999;101
8;1;321575;16/08/1999;101
8;1;321583;12/08/1999;101
8;1;321591;09/08/1999;101
8;1;321605;10/08/1999;101
8;1;321613;17/08/1999;101
8;1;321621;13/08/1999;101
8;1;321630;07/08/1999;101
8;1;321648;12/08/1999;101
8;1;321656;02/08/1999;101
8;1;321664;04/08/1999;101
8;1;321672;02/08/1999;101
8;1;321680;12/08/1999;101
8;1;321699;09/08/1999;101
8;1;321702;16/08/1999;101
8;1;321710;16/08/1999;101
8;1;321729;10/08/1999;101
8;1;321737;16/08/1999;101
8;1;321745;16/08/1999;101
8;1;321753;16/08/1999;101
8;1;321761;16/08/1999;101
8;1;321770;16/08/1999;101
8;1;321788;16/08/1999;101
8;1;321796;16/08/1999;101
8;1;321800;16/08/1999;101
8;1;321818;10/08/1999;101
8;1;321826;01/09/1999;101
8;1;321834;18/08/1999;101
8;1;321842;14/08/1999;101
8;1;321850;16/08/1999;101
8;1;321869;18/08/1999;101
8;1;321877;10/08/1999;101
8;1;321885;16/08/1999;101
8;1;321893;12/08/1999;101
8;1;321907;16/08/1999;101
8;1;321915;12/08/1999;101
8;1;321923;11/08/1999;101
8;1;321931;16/08/1999;101
8;1;321940;16/08/1999;101
8;1;321958;16/08/1999;101
8;1;321966;13/08/1999;101
8;1;321974;15/08/1999;101
8;1;321982;09/08/1999;101
8;1;321990;20/08/1999;101
8;1;322008;16/08/1999;101
8;1;322016;02/08/1999;101
8;1;322024;20/08/1999;101
8;1;322032;18/08/1999;101
8;1;322040;02/08/1999;101
8;1;322059;20/08/1999;101
8;1;322067;20/08/1999;101
4;1;322075;23/08/1999;101
8;1;322083;10/08/1999;101
8;1;322091;16/08/1999;101
8;1;322105;19/08/1999;101
8;1;322113;19/08/1999;101
8;1;322130;17/08/1999;101
8;1;322148;19/08/1999;101
8;1;322156;20/08/1999;101
8;1;322164;19/08/1999;101
8;1;322172;19/08/1999;101
8;1;322180;20/08/1999;101
8;1;322199;23/08/1999;101
8;1;322202;20/08/1999;101
8;1;322210;24/08/1999;101
8;1;322229;25/08/1999;101
8;1;322237;26/08/1999;101
8;1;322245;06/09/1999;101
8;1;322253;01/09/1999;101
8;1;322261;01/09/1999;101
8;1;322270;10/09/1999;101
8;1;322288;01/09/1999;101
8;1;322296;01/09/1999;101
8;1;322300;06/09/1999;101
8;1;322318;01/09/1999;101
8;1;322326;08/09/1999;101
8;1;322334;01/09/1999;101
8;1;322342;01/09/1999;101
8;1;322350;02/09/1999;101
8;1;322369;08/09/1999;101
8;1;322385;01/09/1999;101
8;1;322393;01/09/1999;101
8;1;322407;01/09/1999;101
8;1;322415;01/09/1999;101
8;1;322423;01/09/1999;101
8;1;322431;01/09/1999;101
8;1;322440;01/09/1999;101
8;1;322458;15/09/1999;101
8;1;322466;06/09/1999;101
8;1;322474;01/09/1999;101
8;1;322482;01/09/1999;101
8;1;322490;01/09/1999;101
8;1;322504;01/09/1999;101
8;1;322512;01/09/1999;101
8;1;322520;01/09/1999;101
8;1;322539;01/09/1999;101
8;1;322547;01/09/1999;101
8;1;322555;03/09/1999;101
8;1;322563;20/08/1999;101
8;1;322571;10/09/1999;101
8;1;322580;01/09/1999;101
8;1;322598;01/09/1999;101
8;1;322601;01/09/1999;101
8;1;322610;08/09/1999;101
4;1;322628;13/09/1999;101
8;1;322636;13/09/1999;101
8;1;322644;13/09/1999;101
8;1;322652;08/09/1999;101
8;1;322660;09/09/1999;101
8;1;322679;09/09/1999;101
8;1;322687;10/09/1999;101
8;1;322695;10/09/1999;101
8;1;322709;06/09/1999;101
8;1;322717;08/09/1999;101
8;1;322733;13/09/1999;101
8;1;322741;13/09/1999;101
8;1;322750;17/09/1999;101
8;1;322768;17/09/1999;101
8;1;322776;17/09/1999;101
8;1;322784;17/09/1999;101
8;1;322792;17/09/1999;101
8;1;322806;17/09/1999;101
4;1;322806;17/09/1999;101
8;1;322814;17/09/1999;101
8;1;322822;13/09/1999;101
8;1;322830;17/09/1999;101
8;1;322849;17/09/1999;101
8;1;322857;21/09/1999;101
8;1;322865;08/09/1999;101
8;1;322873;15/09/1999;101
8;1;322881;15/09/1999;101
8;1;322890;13/09/1999;101
8;1;322903;17/09/1999;101
8;1;322911;02/09/1999;101
8;1;322920;14/09/1999;101
8;1;322938;21/09/1999;101
8;1;322946;18/09/1999;101
8;1;322954;16/09/1999;101
8;1;322962;03/09/1999;101
8;1;322970;13/09/1999;101
8;1;322989;15/09/1999;101
8;1;322997;13/09/1999;101
8;1;323004;19/09/1999;101
8;1;323012;15/09/1999;101
8;1;323020;17/09/1999;101
8;1;323039;17/09/1999;101
8;1;323047;16/09/1999;101
8;1;323055;23/09/1999;101
8;1;323063;15/09/1999;101
8;1;323071;21/09/1999;101
8;1;323080;10/09/1999;101
8;1;323098;13/09/1999;101
8;1;323101;15/09/1999;101
8;1;323110;15/09/1999;101
8;1;323128;10/09/1999;101
8;1;323136;16/09/1999;101
8;1;323144;23/09/1999;101
4;1;323144;23/09/1999;101
8;1;323160;27/09/1999;101
8;1;323179;27/09/1999;101
8;1;323187;27/09/1999;101
8;1;323195;27/09/1999;101
8;1;323209;27/09/1999;101
8;1;323217;27/09/1999;101
8;1;323225;27/09/1999;101
8;1;323233;27/09/1999;101
8;1;323241;27/09/1999;101
8;1;323250;27/09/1999;101
8;1;323268;27/09/1999;101
8;1;323276;27/09/1999;101
8;1;323284;27/09/1999;101
8;1;323292;27/09/1999;101
8;1;323306;27/09/1999;101
8;1;323314;27/09/1999;101
8;1;323322;27/09/1999;101
8;1;323330;06/10/1999;101
8;1;323349;06/10/1999;101
8;1;323357;06/10/1999;101
8;1;323365;06/10/1999;101
8;1;323373;06/10/1999;101
8;1;323381;13/10/1999;101
8;1;323390;11/10/1999;101
8;1;323403;01/10/1999;101
8;1;323411;06/10/1999;101
8;1;323420;02/10/1999;101
8;1;323438;08/10/1999;101
8;1;323446;01/10/1999;101
8;1;323454;01/10/1999;101
8;1;323462;01/10/1999;101
8;1;323470;01/10/1999;101
8;1;323489;08/10/1999;101
8;1;323497;05/10/1999;101
8;1;323500;01/10/1999;101
8;1;323519;01/10/1999;101
8;1;323527;06/10/1999;101
8;1;323535;01/10/1999;101
8;1;323543;01/10/1999;101
8;1;323551;01/10/1999;101
8;1;323560;04/10/1999;101
8;1;323578;01/10/1999;101
8;1;323586;01/10/1999;101
8;1;323594;01/10/1999;101
8;1;323608;08/10/1999;101
8;1;323616;01/10/1999;101
8;1;323624;04/10/1999;101
8;1;323632;04/10/1999;101
8;1;323640;04/10/1999;101
8;1;323659;01/10/1999;101
8;1;323667;01/10/1999;101
8;1;323675;01/10/1999;101
8;1;323683;11/10/1999;101
8;1;323691;11/10/1999;101
8;1;323705;02/10/1999;101
8;1;323713;15/10/1999;101
8;1;323721;11/10/1999;101
8;1;323730;01/10/1999;101
8;1;323748;11/10/1999;101
8;1;323756;06/10/1999;101
8;1;323764;02/10/1999;101
8;1;323772;01/10/1999;101
8;1;323780;01/10/1999;101
8;1;323799;13/10/1999;101
8;1;323802;14/10/1999;101
8;1;323810;13/10/1999;101
8;1;323829;14/10/1999;101
8;1;323837;15/10/1999;101
8;1;323845;01/10/1999;101
8;1;323853;02/10/1999;101
8;1;323861;01/10/1999;101
8;1;323870;01/10/1999;101
8;1;323888;14/10/1999;101
8;1;323896;16/10/1999;101
8;1;323900;15/10/1999;101
8;1;323918;15/10/1999;101
8;1;323926;15/10/1999;101
8;1;323934;20/10/1999;101
8;1;323942;20/10/1999;101
8;1;323950;18/10/1999;101
8;1;323969;18/10/1999;101
8;1;323977;18/10/1999;101
8;1;323985;15/10/1999;101
8;1;323993;18/10/1999;101
8;1;324000;18/10/1999;101
8;1;324019;18/10/1999;101
8;1;324027;13/10/1999;101
8;1;324035;20/10/1999;101
8;1;324043;01/11/1999;101
8;1;324051;18/10/1999;101
8;1;324060;18/10/1999;101
8;1;324078;20/10/1999;101
8;1;324086;20/10/1999;101
8;1;324094;20/10/1999;101
8;1;324108;20/10/1999;101
8;1;324116;15/10/1999;101
8;1;324124;01/11/1999;101
8;1;324132;20/10/1999;101
8;1;324140;19/10/1999;101
8;1;324159;22/10/1999;101
8;1;324167;20/10/1999;101
8;1;324175;22/10/1999;101
8;1;324183;26/10/1999;101
8;1;324191;06/10/1999;101
8;1;324205;01/11/1999;101
8;1;324213;01/11/1999;101
8;1;324221;01/11/1999;101
8;1;324230;01/11/1999;101
8;1;324248;01/11/1999;101
8;1;324256;01/11/1999;101
8;1;324264;16/11/1999;101
8;1;324272;01/11/1999;101
8;1;324280;01/11/1999;101
8;1;324299;01/11/1999;101
8;1;324302;01/11/1999;101
8;1;324310;01/11/1999;101
8;1;324329;01/11/1999;101
8;1;324337;01/11/1999;101
8;1;324345;01/11/1999;101
8;1;324353;01/11/1999;101
8;1;324361;01/11/1999;101
8;1;324370;01/11/1999;101
8;1;324388;01/11/1999;101
8;1;324396;05/11/1999;101
8;1;324400;08/11/1999;101
8;1;324418;04/11/1999;101
8;1;324426;04/11/1999;101
8;1;324434;01/11/1999;101
8;1;324442;04/11/1999;101
8;1;324450;03/11/1999;101
8;1;324469;08/11/1999;101
8;1;324477;03/11/1999;101
8;1;324485;05/11/1999;101
8;1;324493;05/11/1999;101
8;1;324507;09/11/1999;101
8;1;324515;01/11/1999;101
8;1;324523;06/11/1999;101
8;1;324531;09/11/1999;101
8;1;324540;16/11/1999;101
8;1;324558;03/11/1999;101
8;1;324566;03/11/1999;101
8;1;324574;25/11/1999;101
8;1;324582;05/11/1999;101
8;1;324590;05/11/1999;101
8;1;324604;25/11/1999;101
8;1;324612;16/11/1999;101
8;1;324620;16/11/1999;101
8;1;324639;16/11/1999;101
8;1;324647;08/11/1999;101
8;1;324655;01/11/1999;101
8;1;324663;01/11/1999;101
8;1;324671;03/11/1999;101
8;1;324680;03/11/1999;101
8;1;324698;03/11/1999;101
8;1;324701;01/11/1999;101
8;1;324710;01/11/1999;101
8;1;324728;04/11/1999;101
8;1;324736;16/11/1999;101
8;1;324744;25/11/1999;101
8;1;324752;25/11/1999;101
8;1;324760;25/11/1999;101
8;1;324779;25/11/1999;101
8;1;324787;25/11/1999;101
8;1;324795;25/11/1999;101
8;1;324809;25/11/1999;101
8;1;324817;25/11/1999;101
8;1;324825;25/11/1999;101
8;1;324833;25/11/1999;101
8;1;324841;16/11/1999;101
8;1;324850;25/11/1999;101
8;1;324868;25/11/1999;101
8;1;324876;25/11/1999;101
8;1;324884;25/11/1999;101
8;1;324892;25/11/1999;101
8;1;324906;24/11/1999;101
8;1;324914;25/11/1999;101
8;1;324922;25/11/1999;101
8;1;324930;25/11/1999;101
8;1;324949;25/11/1999;101
8;1;324957;25/11/1999;101
8;1;324965;25/11/1999;101
8;1;324973;25/11/1999;101
8;1;324981;25/11/1999;101
8;1;324990;25/11/1999;101
8;1;325007;25/11/1999;101
8;1;325015;25/11/1999;101
8;1;325023;25/11/1999;101
8;1;325031;25/11/1999;101
8;1;325040;25/11/1999;101
8;1;325058;25/11/1999;101
8;1;325066;25/11/1999;101
8;1;325074;25/11/1999;101
8;1;325082;25/11/1999;101
8;1;325090;25/11/1999;101
8;1;325104;25/11/1999;101
8;1;325112;25/11/1999;101
8;1;325120;25/11/1999;101
8;1;325139;25/11/1999;101
8;1;325147;25/11/1999;101
8;1;325155;25/11/1999;101
8;1;325163;25/11/1999;101
8;1;325171;25/11/1999;101
8;1;325180;25/11/1999;101
8;1;325198;25/11/1999;101
8;1;325201;25/11/1999;101
4;1;325210;25/11/1999;101
8;1;325210;25/11/1999;101
8;1;325228;25/11/1999;101
8;1;325236;25/11/1999;101
8;1;325244;25/11/1999;101
8;1;325252;25/11/1999;101
8;1;325260;25/11/1999;101
8;1;325279;25/11/1999;101
8;1;325287;25/11/1999;101
8;1;325295;25/11/1999;101
8;1;325309;25/11/1999;101
8;1;325317;25/11/1999;101
8;1;325325;25/11/1999;101
8;1;325333;25/11/1999;101
8;1;325341;25/11/1999;101
8;1;325350;25/11/1999;101
8;1;325368;23/11/1999;101
8;1;325376;25/11/1999;101
8;1;325384;25/11/1999;101
8;1;325392;25/11/1999;101
8;1;325406;25/11/1999;101
8;1;325414;25/11/1999;101
8;1;325422;25/11/1999;101
8;1;325430;25/11/1999;101
8;1;325449;25/11/1999;101
8;1;325457;10/11/1999;101
8;1;325465;25/11/1999;101
8;1;325473;25/11/1999;101
8;1;325481;25/11/1999;101
8;1;325490;25/11/1999;101
8;1;325503;25/11/1999;101
8;1;325511;25/11/1999;101
8;1;325520;25/11/1999;101
8;1;325538;25/11/1999;101
8;1;325546;25/11/1999;101
8;1;325554;25/11/1999;101
8;1;325562;25/11/1999;101
8;1;325570;25/11/1999;101
8;1;325589;25/11/1999;101
8;1;325597;25/11/1999;101
8;1;325600;25/11/1999;101
8;1;325619;25/11/1999;101
8;1;325627;25/11/1999;101
8;1;325635;25/11/1999;101
8;1;325643;25/11/1999;101
8;1;325651;25/11/1999;101
8;1;325660;22/11/1999;101
8;1;325678;25/11/1999;101
8;1;325686;25/11/1999;101
8;1;325694;25/11/1999;101
8;1;325708;25/11/1999;101
8;1;325716;25/11/1999;101
8;1;325724;25/11/1999;101
8;1;325740;25/11/1999;101
8;1;325759;25/11/1999;101
8;1;325767;25/11/1999;101
8;1;325775;25/11/1999;101
8;1;325783;25/11/1999;101
8;1;325791;25/11/1999;101
8;1;325805;25/11/1999;101
8;1;325813;03/11/1999;101
8;1;325821;19/11/1999;101
8;1;325830;16/11/1999;101
8;1;325848;25/11/1999;101
8;1;325856;01/11/1999;101
8;1;325864;01/11/1999;101
8;1;325872;24/11/1999;101
8;1;325880;16/11/1999;101
8;1;325899;24/11/1999;101
8;1;325902;24/11/1999;101
8;1;325910;24/11/1999;101
8;1;325929;24/11/1999;101
8;1;325937;24/11/1999;101
8;1;325945;25/11/1999;101
8;1;325953;25/11/1999;101
4;1;325953;25/11/1999;101
8;1;325961;19/11/1999;101
8;1;325970;19/11/1999;101
8;1;325996;09/11/1999;101
8;1;326003;25/11/1999;101
8;1;326011;16/11/1999;101
8;1;326020;01/12/1999;101
8;1;326038;25/11/1999;101
8;1;326046;25/11/1999;101
8;1;326054;08/11/1999;101
8;1;326062;19/11/1999;101
8;1;326070;12/11/1999;101
8;1;326089;10/11/1999;101
8;1;326097;10/11/1999;101
8;1;326100;25/11/1999;101
8;1;326119;25/11/1999;101
8;1;326127;24/11/1999;101
8;1;326135;11/11/1999;101
8;1;326143;25/11/1999;101
8;1;326151;16/11/1999;101
8;1;326160;11/11/1999;101
8;1;326178;16/11/1999;101
8;1;326186;25/11/1999;101
8;1;326194;09/11/1999;101
8;1;326208;25/11/1999;101
8;1;326216;25/11/1999;101
8;1;326224;16/11/1999;101
8;1;326232;08/11/1999;101
8;1;326240;25/11/1999;101
8;1;326259;25/11/1999;101
8;1;326267;16/11/1999;101
8;1;326275;25/11/1999;101
8;1;326283;25/11/1999;101
8;1;326291;12/11/1999;101
8;1;326305;25/11/1999;101
8;1;326313;25/11/1999;101
8;1;326321;25/11/1999;101
8;1;326330;25/11/1999;101
8;1;326348;25/11/1999;101
8;1;326356;16/11/1999;101
8;1;326364;25/11/1999;101
8;1;326372;25/11/1999;101
8;1;326380;25/11/1999;101
8;1;326399;25/11/1999;101
8;1;326402;25/11/1999;101
8;1;326410;25/11/1999;101
8;1;326429;25/11/1999;101
8;1;326437;25/11/1999;101
8;1;326445;16/11/1999;101
8;1;326461;25/11/1999;101
8;1;326470;20/11/1999;101
8;1;326488;20/11/1999;101
8;1;326496;18/11/1999;101
8;1;326500;25/11/1999;101
8;1;326518;16/11/1999;101
8;1;326526;25/11/1999;101
8;1;326534;20/11/1999;101
8;1;326542;20/11/1999;101
8;1;326550;25/11/1999;101
8;1;326569;25/11/1999;101
8;1;326577;25/11/1999;101
8;1;326585;01/12/1999;101
8;1;326593;01/12/1999;101
8;1;326607;01/12/1999;101
8;1;326615;22/11/1999;101
8;1;326623;25/11/1999;101
8;1;326631;11/11/1999;101
8;1;326640;25/11/1999;101
8;1;326658;01/12/1999;101
8;1;326666;01/12/1999;101
8;1;326674;01/12/1999;101
8;1;326682;06/12/1999;101
8;1;326690;01/12/1999;101
8;1;326704;01/12/1999;101
8;1;326712;06/12/1999;101
8;1;326720;06/12/1999;101
8;1;326739;06/12/1999;101
8;1;326747;01/12/1999;101
8;1;326755;06/12/1999;101
8;1;326763;06/12/1999;101
8;1;326771;01/12/1999;101
8;1;326780;01/12/1999;101
8;1;326798;01/12/1999;101
8;1;326801;01/12/1999;101
8;1;326810;01/12/1999;101
8;1;326828;01/12/1999;101
8;1;326836;01/12/1999;101
8;1;326844;06/12/1999;101
8;1;326852;01/12/1999;101
8;1;326860;01/12/1999;101
8;1;326879;01/12/1999;101
8;1;326887;01/12/1999;101
8;1;326895;06/12/1999;101
8;1;326909;01/12/1999;101
8;1;326917;06/12/1999;101
8;1;326925;01/12/1999;101
8;1;326933;06/12/1999;101
8;1;326941;06/12/1999;101
8;1;326950;01/12/1999;101
8;1;326968;06/12/1999;101
8;1;326976;01/12/1999;101
8;1;326984;06/12/1999;101
8;1;326992;06/12/1999;101
8;1;327000;06/12/1999;101
8;1;327018;01/12/1999;101
8;1;327026;01/12/1999;101
8;1;327034;06/12/1999;101
8;1;327042;06/12/1999;101
8;1;327050;06/12/1999;101
8;1;327069;01/12/1999;101
8;1;327077;06/12/1999;101
8;1;327085;01/12/1999;101
8;1;327093;01/12/1999;101
8;1;327107;06/12/1999;101
8;1;327115;06/12/1999;101
8;1;327123;01/12/1999;101
8;1;327131;01/12/1999;101
8;1;327140;01/12/1999;101
8;1;327158;01/12/1999;101
8;1;327166;01/12/1999;101
8;1;327174;01/12/1999;101
8;1;327182;01/12/1999;101
8;1;327190;01/12/1999;101
8;1;327204;02/12/1999;101
8;1;327212;06/12/1999;101
8;1;327220;06/12/1999;101
8;1;327239;06/12/1999;101
8;1;327247;01/12/1999;101
8;1;327255;06/12/1999;101
8;1;327263;01/12/1999;101
8;1;327271;06/12/1999;101
8;1;327280;06/12/1999;101
8;1;327298;06/12/1999;101
8;1;327301;06/12/1999;101
8;1;327310;06/12/1999;101
8;1;327328;01/12/1999;101
8;1;327336;01/12/1999;101
8;1;327344;03/12/1999;101
8;1;327352;06/12/1999;101
8;1;327360;01/12/1999;101
8;1;327379;21/12/1999;101
8;1;327387;06/12/1999;101
8;1;327395;06/12/1999;101
8;1;327409;01/12/1999;101
8;1;327417;06/12/1999;101
8;1;327425;06/12/1999;101
8;1;327433;04/12/1999;101
8;1;327441;01/12/1999;101
8;1;327450;08/12/1999;101
8;1;327468;07/12/1999;101
8;1;327476;06/12/1999;101
8;1;327484;06/12/1999;101
8;1;327492;08/12/1999;101
8;1;327506;20/12/1999;101
8;1;327514;09/12/1999;101
8;1;327522;09/12/1999;101
8;1;327530;06/12/1999;101
8;1;327549;15/12/1999;101
8;1;327557;10/12/1999;101
8;1;327565;08/12/1999;101
8;1;327573;08/12/1999;101
8;1;327581;02/12/1999;101
8;1;327590;13/12/1999;101
8;1;327603;10/12/1999;101
8;1;327611;06/12/1999;101
8;1;327620;10/12/1999;101
8;1;327638;14/12/1999;101
8;1;327646;01/12/1999;101
8;1;327654;01/12/1999;101
8;1;327662;02/12/1999;101
8;1;327670;14/12/1999;101
8;1;327689;11/12/1999;101
8;1;327697;11/12/1999;101
8;1;327700;01/12/1999;101
8;1;327719;16/12/1999;101
8;1;327727;01/12/1999;101
8;1;327735;13/12/1999;101
8;1;327743;20/12/1999;101
8;1;327751;16/12/1999;101
8;1;327760;20/12/1999;101
8;1;327778;20/12/1999;101
8;1;327786;03/12/1999;101
8;1;327794;20/12/1999;101
8;1;327808;17/12/1999;101
8;1;327816;17/12/1999;101
8;1;327824;22/12/1999;101
8;1;327832;03/01/2000;101
8;1;327840;03/01/2000;101
8;1;327859;03/01/2000;101
8;1;327867;03/01/2000;101
8;1;327875;03/01/2000;101
8;1;327883;03/01/2000;101
8;1;327891;08/01/2000;101
8;1;327905;03/01/2000;101
8;1;327913;03/01/2000;101
8;1;327921;03/01/2000;101
8;1;327930;10/01/2000;101
8;1;327948;03/01/2000;101
8;1;327956;10/01/2000;101
8;1;327964;07/01/2000;101
8;1;327972;07/01/2000;101
8;1;327980;07/01/2000;101
8;1;327999;05/01/2000;101
8;1;328006;06/01/2000;101
8;1;328014;03/01/2000;101
8;1;328022;03/01/2000;101
8;1;328030;03/01/2000;101
8;1;328049;14/01/2000;101
8;1;328057;03/01/2000;101
8;1;328065;03/01/2000;101
8;1;328073;12/01/2000;101
8;1;328081;10/01/2000;101
8;1;328090;17/01/2000;101
8;1;328103;20/01/2000;101
8;1;328111;18/01/2000;101
8;1;328120;14/01/2000;101
8;1;328138;15/01/2000;101
8;1;328146;03/01/2000;101
8;1;328154;17/01/2000;101
8;1;328162;18/01/2000;101
8;1;328170;03/01/2000;101
8;1;328189;18/01/2000;101
8;1;328197;18/01/2000;101
8;1;328200;20/01/2000;101
8;1;328219;10/01/2000;101
8;1;328227;20/01/2000;101
8;1;328235;24/01/2000;101
8;1;328243;24/01/2000;101
8;1;328251;21/01/2000;101
8;1;328260;21/01/2000;101
8;1;328278;25/01/2000;101
8;1;328286;20/01/2000;101
8;1;328294;24/01/2000;101
8;1;328308;01/02/2000;101
8;1;328316;01/02/2000;101
8;1;328324;01/02/2000;101
8;1;328332;01/02/2000;101
8;1;328340;03/02/2000;101
8;1;328359;02/02/2000;101
8;1;328367;07/02/2000;101
8;1;328375;01/02/2000;101
8;1;328383;02/02/2000;101
8;1;328391;04/02/2000;101
8;1;328405;03/02/2000;101
8;1;328413;08/02/2000;101
8;1;328421;09/02/2000;101
8;1;328430;07/02/2000;101
8;1;328448;09/02/2000;101
8;1;328464;08/02/2000;101
8;1;328472;09/02/2000;101
8;1;328480;15/02/2000;101
8;1;328499;15/02/2000;101
8;1;328502;14/02/2000;101
8;1;328510;14/02/2000;101
8;1;328529;14/02/2000;101
8;1;328537;01/02/2000;101
4;1;328545;01/02/2000;101
8;1;328553;17/02/2000;101
8;1;328570;21/02/2000;101
8;1;328588;21/02/2000;101
8;1;328596;16/02/2000;101
8;1;328600;15/02/2000;101
8;1;328618;15/02/2000;101
8;1;328626;21/02/2000;101
8;1;328634;15/02/2000;101
8;1;328642;01/03/2000;101
8;1;328650;18/02/2000;101
8;1;328669;19/02/2000;101
8;1;328677;21/02/2000;101
8;1;328685;21/02/2000;101
8;1;328693;17/02/2000;101
8;1;328707;07/02/2000;101
8;1;328715;17/02/2000;101
8;1;328723;18/02/2000;101
8;1;328731;18/02/2000;101
8;1;328740;21/02/2000;101
8;1;328758;17/02/2000;101
8;1;328766;16/02/2000;101
8;1;328774;18/02/2000;101
8;1;328782;15/02/2000;101
8;1;328790;21/02/2000;101
8;1;328804;21/02/2000;101
8;1;328812;21/02/2000;101
8;1;328820;17/02/2000;101
8;1;328839;21/02/2000;101
8;1;328847;23/02/2000;101
8;1;328855;05/05/2000;101
8;1;328863;21/02/2000;101
8;1;328871;07/02/2000;101
8;1;328880;21/02/2000;101
8;1;328898;01/03/2000;101
8;1;328901;01/03/2000;101
8;1;328910;03/03/2000;101
8;1;328928;10/03/2000;101
8;1;328936;01/03/2000;101
8;1;328944;03/03/2000;101
8;1;328952;03/03/2000;101
8;1;328960;01/03/2000;101
4;1;328979;01/03/2000;101
8;1;328979;01/03/2000;101
8;1;328987;03/03/2000;101
8;1;328995;01/03/2000;101
8;1;329002;03/03/2000;101
8;1;329029;01/03/2000;101
8;1;329037;01/03/2000;101
8;1;329045;01/03/2000;101
8;1;329053;01/03/2000;101
8;1;329061;01/03/2000;101
8;1;329070;01/03/2000;101
8;1;329088;01/03/2000;101
8;1;329096;01/03/2000;101
8;1;329100;01/03/2000;101
8;1;329118;01/03/2000;101
8;1;329126;01/03/2000;101
8;1;329134;01/03/2000;101
8;1;329142;01/03/2000;101
8;1;329150;08/03/2000;101
8;1;329169;08/03/2000;101
8;1;329177;08/03/2000;101
8;1;329185;09/03/2000;101
8;1;329193;02/03/2000;101
8;1;329207;02/03/2000;101
8;1;329215;08/03/2000;101
8;1;329231;13/03/2000;101
8;1;329240;01/03/2000;101
8;1;329258;17/03/2000;101
4;1;329266;21/03/2000;101
8;1;329274;21/03/2000;101
8;1;329282;21/03/2000;101
8;1;329290;03/04/2000;101
8;1;329304;03/04/2000;101
8;1;329312;03/04/2000;101
8;1;329320;20/03/2000;101
8;1;329339;22/03/2000;101
8;1;329347;22/03/2000;101
8;1;329355;01/04/2000;101
8;1;329363;02/03/1998;101
8;1;329371;03/05/1999;101
8;1;329386;09/03/1998;101
8;1;329398;03/04/2000;101
8;1;329401;03/04/2000;101
8;1;329410;03/04/2000;101
8;1;329428;03/04/2000;101
8;1;329436;01/04/2000;101
8;1;329444;01/04/2000;101
8;1;329452;03/04/2000;101
8;1;329460;03/04/2000;101
8;1;329479;03/04/2000;101
8;1;329487;01/04/2000;101
8;1;329495;01/04/2000;101
8;1;329509;04/04/2000;101
8;1;329517;07/04/2000;101
8;1;329525;07/04/2000;101
8;1;329533;18/04/2000;101
8;1;329541;08/04/2000;101
8;1;329550;05/04/2000;101
8;1;329568;04/04/2000;101
8;1;329576;04/04/2000;101
8;1;329584;06/04/2000;101
8;1;329592;05/04/2000;101
8;1;329606;05/04/2000;101
8;1;329614;14/04/2000;101
8;1;329622;07/04/2000;101
8;1;329630;14/04/2000;101
8;1;329649;15/04/2000;101
8;1;329657;14/04/2000;101
8;1;329665;19/04/2000;101
8;1;329673;05/04/2000;101
8;1;329681;12/04/2000;101
8;1;329690;07/04/2000;101
8;1;329703;07/04/2000;101
8;1;329711;07/04/2000;101
8;1;329720;01/04/2000;101
8;1;329738;06/04/2000;101
8;1;329746;12/04/2000;101
8;1;329754;03/04/2000;101
8;1;329762;12/04/2000;101
8;1;329770;19/04/2000;101
8;1;329789;15/04/2000;101
8;1;329797;18/04/2000;101
8;1;329800;20/04/2000;101
8;1;329819;12/04/2000;101
8;1;329827;20/04/2000;101
8;1;329835;19/04/2000;101
8;1;329843;19/04/2000;101
8;1;329851;17/04/2000;101
8;1;329860;20/04/2000;101
8;1;329878;02/05/2000;101
8;1;329886;02/05/2000;101
8;1;329894;02/05/2000;101
8;1;329908;02/05/2000;101
8;1;329916;03/05/2000;101
8;1;329924;02/05/2000;101
8;1;329930;03/04/2000;101
8;1;329940;04/05/2000;101
8;1;329959;03/05/2000;101
8;1;329967;09/05/2000;101
8;1;329975;08/05/2000;101
8;1;329983;09/05/2000;101
8;1;329991;02/05/2000;101
8;1;330000;08/05/2000;101
8;1;330019;08/05/2000;101
8;1;330027;08/05/2000;101
8;1;330035;08/05/2000;101
8;1;330043;05/05/2000;101
8;1;330051;08/05/2000;101
8;1;330060;04/05/2000;101
8;1;330078;10/05/2000;101
8;1;330086;02/05/2000;101
8;1;330094;12/05/2000;101
8;1;330108;12/05/2000;101
8;1;330116;12/05/2000;101
8;1;330124;12/05/2000;101
8;1;330132;12/05/2000;101
8;1;330140;12/05/2000;101
8;1;330159;12/05/2000;101
8;1;330167;11/05/2000;101
8;1;330175;13/05/2000;101
8;1;330183;25/05/2000;101
8;1;330191;12/05/2000;101
8;1;330205;12/05/2000;101
8;1;330213;02/05/2000;101
8;1;330221;15/05/2000;101
8;1;330230;17/05/2000;101
8;1;330248;08/05/2000;101
8;1;330256;13/05/2000;101
8;1;330264;11/05/2000;101
8;1;330272;17/05/2000;101
8;1;330280;17/05/2000;101
8;1;330299;17/05/2000;101
8;1;330302;19/05/2000;101
8;1;330310;18/05/2000;101
8;1;330329;17/05/2000;101
8;1;330337;19/05/2000;101
8;1;330345;19/05/2000;101
8;1;330353;20/05/2000;101
8;1;330361;22/05/2000;101
8;1;330388;24/05/2000;101
8;1;330396;22/05/2000;101
8;1;330400;26/05/2000;101
8;1;330418;15/05/2000;101
8;1;330426;01/06/2000;101
8;1;330434;01/06/2000;101
4;1;330442;01/06/2000;101
4;1;330450;01/06/2000;101
8;1;330469;05/06/2000;101
8;1;330477;01/06/2000;101
8;1;330485;01/06/2000;101
8;1;330493;01/06/2000;101
8;1;330507;01/06/2000;101
8;1;330515;01/06/2000;101
8;1;330523;01/06/2000;101
8;1;330531;01/06/2000;101
8;1;330540;01/06/2000;101
8;1;330558;10/06/2000;101
8;1;330566;12/06/2000;101
8;1;330574;01/06/2000;101
8;1;330582;12/06/2000;101
8;1;330590;12/06/2000;101
8;1;330604;05/06/2000;101
8;1;330612;15/06/2000;101
8;1;330639;01/06/2000;101
8;1;330647;20/06/2000;101
8;1;330655;07/06/2000;101
8;1;330663;12/06/2000;101
8;1;330671;15/06/2000;101
8;1;330680;20/06/2000;101
8;1;330698;15/06/2000;101
8;1;330701;15/06/2000;101
8;1;330710;19/06/2000;101
8;1;330728;12/06/2000;101
8;1;330736;12/06/2000;101
8;1;330744;20/06/2000;101
8;1;330752;19/06/2000;101
8;1;330760;26/06/2000;101
8;1;330779;16/06/2000;101
8;1;330787;16/06/2000;101
8;1;330795;20/06/2000;101
8;1;330809;20/06/2000;101
8;1;330817;20/06/2000;101
8;1;330825;20/06/2000;101
8;1;330833;20/06/2000;101
8;1;330841;23/06/2000;101
8;1;330850;26/06/2000;101
8;1;330868;17/07/2000;101
8;1;330876;01/07/2000;101
8;1;330884;04/07/2000;101
8;1;330892;01/07/2000;101
8;1;330906;03/07/2000;101
8;1;330914;03/07/2000;101
8;1;330922;03/07/2000;101
8;1;330930;01/07/2000;101
8;1;330949;03/07/2000;101
8;1;330957;03/07/2000;101
8;1;330965;01/07/2000;101
8;1;330973;03/07/2000;101
8;1;330981;03/07/2000;101
8;1;330990;01/07/2000;101
8;1;331007;06/07/2000;101
8;1;331015;07/07/2000;101
8;1;331023;10/07/2000;101
8;1;331031;03/07/2000;101
8;1;331040;08/07/2000;101
8;1;331058;11/07/2000;101
8;1;331066;11/07/2000;101
8;1;331074;14/07/2000;101
8;1;331082;13/07/2000;101
8;1;331090;17/07/2000;101
8;1;331104;14/07/2000;101
8;1;331112;17/07/2000;103
8;1;331120;17/07/2000;101
4;1;331120;17/07/2000;101
4;1;331139;17/07/2000;101
8;1;331147;10/07/2000;101
8;1;331155;19/07/2000;101
8;1;331163;21/07/2000;101
8;1;331171;17/07/2000;101
8;1;331180;14/07/2000;101
8;1;331198;19/07/2000;101
8;1;331201;19/07/2000;101
8;1;331210;19/07/2000;101
8;1;331228;19/07/2000;101
8;1;331236;19/07/2000;101
8;1;331244;19/07/2000;101
8;1;331252;20/07/2000;101
8;1;331260;20/07/2000;101
8;1;331279;01/07/2000;101
8;1;331287;20/07/2000;101
8;1;331295;21/07/2000;101
8;1;331309;20/07/2000;101
8;1;331317;01/08/2000;101
8;1;331325;04/08/2000;101
8;1;331333;14/08/2000;101
8;1;331341;03/08/2000;101
8;1;331350;01/08/2000;101
8;1;331368;01/08/2000;101
8;1;331376;01/08/2000;101
8;1;331384;01/08/2000;101
8;1;331392;01/08/2000;101
8;1;331406;01/08/2000;101
8;1;331414;01/08/2000;101
8;1;331422;01/08/2000;101
8;1;331430;01/08/2000;101
8;1;331449;01/08/2000;101
8;1;331457;01/08/2000;101
8;1;331465;01/08/2000;101
4;1;331473;07/08/2000;101
4;1;331481;07/08/2000;101
8;1;331490;08/08/2000;101
8;1;331503;09/08/2000;101
8;1;331511;14/08/2000;101
8;1;331520;08/08/2000;101
8;1;331538;14/08/2000;101
8;1;331546;15/08/2000;101
8;1;331554;16/08/2000;101
8;1;331562;12/08/2000;101
8;1;331570;12/08/2000;101
8;1;331589;16/08/2000;101
8;1;331597;15/08/2000;101
8;1;331600;09/08/2000;101
8;1;331619;16/08/2000;101
8;1;331627;14/08/2000;101
8;1;331635;10/08/2000;101
8;1;331643;14/08/2000;101
8;1;331651;09/08/2000;101
8;1;331660;19/08/2000;101
8;1;331678;11/08/2000;101
8;1;331686;12/08/2000;101
8;1;331694;14/08/2000;101
8;1;331708;09/08/2000;101
8;1;331716;17/08/2000;101
8;1;331724;14/08/2000;101
8;1;331732;12/08/2000;101
8;1;331740;12/08/2000;101
8;1;331759;14/08/2000;101
8;1;331767;16/08/2000;101
8;1;331775;21/08/2000;101
8;1;331783;16/08/2000;101
8;1;331791;21/08/2000;101
8;1;331805;17/08/2000;101
8;1;331813;16/08/2000;101
8;1;331821;21/08/2000;101
8;1;331830;23/08/2000;101
8;1;331848;28/08/2000;101
8;1;331856;28/08/2000;101
8;1;331864;28/08/2000;101
8;1;331872;04/09/2000;101
8;1;331880;01/09/2000;101
8;1;331899;01/09/2000;101
8;1;331902;01/09/2000;101
8;1;331910;01/09/2000;101
8;1;331929;01/09/2000;101
8;1;331937;01/09/2000;101
8;1;331945;01/09/2000;101
8;1;331953;01/09/2000;101
8;1;331961;01/09/2000;101
8;1;331970;01/09/2000;101
8;1;331988;01/09/2000;101
8;1;331996;01/09/2000;101
8;1;332003;01/09/2000;101
8;1;332011;01/09/2000;101
8;1;332025;01/09/2000;101
8;1;332038;01/09/2000;101
8;1;332046;01/09/2000;101
8;1;332054;04/09/2000;101
8;1;332062;06/09/2000;101
8;1;332070;05/09/2000;101
8;1;332089;04/09/2000;101
8;1;332097;11/09/2000;101
8;1;332100;11/09/2000;101
8;1;332119;11/09/2000;101
8;1;332127;09/09/2000;101
8;1;332135;12/09/2000;101
8;1;332143;15/09/2000;101
8;1;332151;20/09/2000;101
8;1;332160;18/09/2000;101
8;1;332178;15/09/2000;101
8;1;332186;15/09/2000;101
8;1;332194;15/09/2000;101
8;1;332208;13/09/2000;101
8;1;332216;19/09/2000;101
8;1;332224;18/09/2000;101
4;1;332232;19/09/2000;101
8;1;332240;21/09/2000;101
8;1;332259;16/09/2000;101
8;1;332267;21/09/2000;101
8;1;332275;21/09/2000;101
8;1;332283;21/09/2000;101
8;1;332291;21/09/2000;101
8;1;332305;08/09/2000;101
8;1;332313;08/09/2000;101
8;1;332321;22/09/2000;101
8;1;332330;22/09/2000;101
8;1;332348;22/09/2000;101
8;1;332356;21/09/2000;101
8;1;332364;22/09/2000;101
8;1;332372;16/09/2000;101
8;1;332380;22/09/2000;101
8;1;332399;15/09/2000;101
8;1;332402;22/09/2000;101
8;1;332410;22/09/2000;101
8;1;332429;26/09/2000;101
8;1;332437;03/10/2000;101
8;1;332445;03/10/2000;101
8;1;332453;03/10/2000;101
8;1;332461;02/10/2000;101
8;1;332470;02/10/2000;101
8;1;332488;02/10/2000;101
8;1;332496;02/10/2000;101
8;1;332500;02/10/2000;101
8;1;332518;02/10/2000;101
8;1;332526;02/10/2000;101
8;1;332534;02/10/2000;101
4;1;332542;04/10/2000;101
8;1;332550;02/10/2000;101
8;1;332569;02/10/2000;101
8;1;332577;04/10/2000;101
8;1;332585;16/10/2000;101
8;1;332593;03/10/2000;101
8;1;332607;05/10/2000;101
8;1;332615;04/10/2000;101
8;1;332623;06/10/2000;101
8;1;332631;06/10/2000;101
8;1;332640;06/10/2000;101
8;1;332658;09/10/2000;101
8;1;332666;09/10/2000;101
8;1;332674;11/10/2000;101
8;1;332682;09/10/2000;101
8;1;332690;09/10/2000;101
8;1;332704;20/10/2000;101
8;1;332712;16/10/2000;101
8;1;332720;16/10/2000;101
8;1;332739;16/10/2000;101
8;1;332747;16/10/2000;101
8;1;332755;16/10/2000;101
8;1;332763;17/10/2000;101
8;1;332771;01/11/2000;101
8;1;332780;18/10/2000;101
8;1;332798;17/10/2000;101
8;1;332801;16/10/2000;101
8;1;332810;18/10/2000;101
8;1;332828;18/10/2000;101
8;1;332836;18/10/2000;101
8;1;332844;18/10/2000;101
8;1;332852;23/10/2000;101
4;1;332860;20/10/2000;101
4;1;332879;20/10/2000;101
8;1;332887;19/10/2000;101
8;1;332895;23/10/2000;101
8;1;332909;23/10/2000;101
8;1;332917;23/10/2000;101
8;1;332925;23/10/2000;101
8;1;332933;01/11/2000;101
8;1;332941;01/11/2000;101
8;1;332950;01/11/2000;101
8;1;332968;06/11/2000;101
8;1;332976;01/11/2000;101
8;1;332984;01/11/2000;101
8;1;332992;01/11/2000;101
8;1;333000;01/11/2000;101
8;1;333018;01/11/2000;101
8;1;333026;01/11/2000;101
8;1;333034;01/11/2000;101
8;1;333042;06/11/2000;101
8;1;333050;06/11/2000;101
8;1;333069;01/11/2000;101
8;1;333077;03/11/2000;101
8;1;333085;01/11/2000;101
8;1;333093;01/11/2000;101
8;1;333107;01/11/2000;101
8;1;333115;01/11/2000;101
8;1;333123;07/11/2000;101
8;1;333131;07/11/2000;101
8;1;333140;07/11/2000;101
8;1;333158;06/11/2000;101
8;1;333166;07/11/2000;101
8;1;333174;07/11/2000;101
8;1;333182;25/11/2000;101
8;1;333190;25/11/2000;101
8;1;333204;25/11/2000;101
8;1;333212;25/11/2000;101
8;1;333220;25/11/2000;101
8;1;333239;25/11/2000;101
8;1;333247;25/11/2000;101
8;1;333255;25/11/2000;101
8;1;333263;25/11/2000;101
8;1;333271;27/11/2000;101
8;1;333280;27/11/2000;101
8;1;333298;27/11/2000;101
8;1;333301;27/11/2000;101
8;1;333310;27/11/2000;101
8;1;333328;27/11/2000;101
8;1;333336;25/11/2000;101
8;1;333344;25/11/2000;101
8;1;333352;25/11/2000;101
8;1;333360;25/11/2000;101
8;1;333379;25/11/2000;101
8;1;333387;25/11/2000;101
8;1;333395;25/11/2000;101
8;1;333409;25/11/2000;101
8;1;333417;25/11/2000;101
8;1;333425;25/11/2000;101
8;1;333433;25/11/2000;101
8;1;333441;26/11/2000;101
8;1;333450;26/11/2000;101
8;1;333468;26/11/2000;101
8;1;333476;25/11/2000;101
8;1;333484;25/11/2000;101
8;1;333492;25/11/2000;101
8;1;333506;25/11/2000;101
8;1;333514;25/11/2000;101
8;1;333522;13/11/2000;101
8;1;333530;14/11/2000;101
8;1;333549;20/11/2000;101
8;1;333557;25/11/2000;101
8;1;333565;25/11/2000;101
8;1;333573;25/11/2000;101
8;1;333581;25/11/2000;101
8;1;333590;25/11/2000;101
8;1;333603;25/11/2000;101
8;1;333611;25/11/2000;101
8;1;333620;25/11/2000;101
8;1;333638;25/11/2000;101
8;1;333646;25/11/2000;101
8;1;333654;25/11/2000;101
8;1;333662;25/11/2000;101
8;1;333670;25/11/2000;101
8;1;333689;25/11/2000;101
8;1;333697;27/11/2000;101
8;1;333700;27/11/2000;101
8;1;333719;27/11/2000;101
8;1;333727;27/11/2000;101
8;1;333735;27/11/2000;101
8;1;333743;27/11/2000;101
8;1;333751;24/11/2000;101
8;1;333760;24/11/2000;101
8;1;333778;24/11/2000;101
8;1;333786;24/11/2000;101
8;1;333794;24/11/2000;101
8;1;333808;24/11/2000;101
8;1;333816;25/11/2000;101
8;1;333824;25/11/2000;101
8;1;333832;25/11/2000;101
8;1;333840;25/11/2000;101
8;1;333859;25/11/2000;101
8;1;333867;25/11/2000;101
8;1;333875;25/11/2000;101
8;1;333883;27/11/2000;101
8;1;333891;27/11/2000;101
8;1;333905;27/11/2000;101
8;1;333913;27/11/2000;101
8;1;333921;27/11/2000;101
8;1;333930;27/11/2000;101
8;1;333948;23/11/2000;101
8;1;333956;23/11/2000;101
8;1;333964;23/11/2000;101
8;1;333972;23/11/2000;101
8;1;333980;25/11/2000;101
8;1;333999;25/11/2000;101
8;1;334014;25/11/2000;101
8;1;334022;25/11/2000;101
8;1;334030;25/11/2000;101
8;1;334049;27/11/2000;101
8;1;334057;27/11/2000;101
8;1;334065;25/11/2000;101
8;1;334073;27/11/2000;101
8;1;334081;27/11/2000;101
8;1;334090;25/11/2000;101
8;1;334103;25/11/2000;101
8;1;334111;27/11/2000;101
8;1;334120;27/11/2000;101
8;1;334138;27/11/2000;101
8;1;334146;27/11/2000;101
8;1;334154;27/11/2000;101
8;1;334162;27/11/2000;101
8;1;334170;27/11/2000;101
8;1;334189;25/11/2000;101
8;1;334197;25/11/2000;101
8;1;334200;26/11/2000;101
8;1;334219;27/11/2000;101
8;1;334227;27/11/2000;101
8;1;334235;27/11/2000;101
8;1;334243;25/11/2000;101
8;1;334251;25/11/2000;101
8;1;334260;25/11/2000;101
8;1;334278;25/11/2000;101
8;1;334286;25/11/2000;101
8;1;334294;25/11/2000;101
8;1;334308;25/11/2000;101
8;1;334316;25/11/2000;101
8;1;334324;26/11/2000;101
8;1;334332;27/11/2000;101
8;1;334340;25/11/2000;101
8;1;334359;25/11/2000;101
8;1;334367;25/11/2000;101
8;1;334375;25/11/2000;101
4;1;334383;16/11/2000;101
8;1;334391;27/11/2000;101
8;1;334405;27/11/2000;101
8;1;334413;27/11/2000;101
8;1;334421;27/11/2000;101
8;1;334430;27/11/2000;101
8;1;334448;27/11/2000;101
8;1;334456;27/11/2000;101
8;1;334464;27/11/2000;101
8;1;334472;27/11/2000;101
8;1;334480;27/11/2000;101
8;1;334499;27/11/2000;101
8;1;334502;27/11/2000;101
8;1;334510;27/11/2000;101
8;1;334529;27/11/2000;101
8;1;334537;27/11/2000;101
8;1;334545;27/11/2000;101
8;1;334553;27/11/2000;101
8;1;334561;27/11/2000;101
8;1;334588;27/11/2000;101
8;1;334596;27/11/2000;101
8;1;334600;25/11/2000;101
8;1;334618;25/11/2000;101
8;1;334626;25/11/2000;101
8;1;334634;25/11/2000;101
8;1;334642;25/11/2000;101
8;1;334650;25/11/2000;101
8;1;334669;25/11/2000;101
8;1;334677;25/11/2000;101
8;1;334685;25/11/2000;101
8;1;334693;25/11/2000;101
8;1;334707;25/11/2000;101
8;1;334715;25/11/2000;101
8;1;334723;25/11/2000;101
8;1;334740;25/11/2000;101
8;1;334758;25/11/2000;101
8;1;334766;25/11/2000;101
8;1;334774;25/11/2000;101
8;1;334782;25/11/2000;101
8;1;334790;25/11/2000;101
8;1;334804;25/11/2000;101
8;1;334812;25/11/2000;101
8;1;334820;25/11/2000;101
8;1;334839;25/11/2000;101
8;1;334847;25/11/2000;101
8;1;334855;25/11/2000;101
8;1;334871;27/11/2000;101
8;1;334880;25/11/2000;101
8;1;334898;27/11/2000;101
8;1;334901;27/11/2000;101
8;1;334910;27/11/2000;101
8;1;334928;20/11/2000;101
8;1;334936;20/11/2000;101
8;1;334944;17/11/2000;101
8;1;334952;20/11/2000;101
8;1;334960;17/11/2000;101
8;1;334979;20/11/2000;101
8;1;334987;20/11/2000;101
8;1;334995;20/11/2000;101
8;1;335002;20/11/2000;101
8;1;335010;25/11/2000;101
8;1;335029;25/11/2000;101
8;1;335037;20/11/2000;101
8;1;335045;20/11/2000;101
8;1;335053;25/11/2000;101
8;1;335061;25/11/2000;101
8;1;335070;25/11/2000;101
8;1;335088;25/11/2000;101
8;1;335096;25/11/2000;101
8;1;335100;04/12/2000;101
8;1;335118;04/12/2000;101
8;1;335126;27/11/2000;101
8;1;335134;27/11/2000;101
8;1;335142;25/11/2000;101
8;1;335150;25/11/2000;101
8;1;335169;25/11/2000;101
8;1;335177;25/11/2000;101
8;1;335185;27/11/2000;101
8;1;335193;25/11/2000;101
8;1;335207;25/11/2000;101
8;1;335215;25/11/2000;101
8;1;335223;25/11/2000;101
8;1;335231;25/11/2000;101
8;1;335258;25/11/2000;101
8;1;335266;25/11/2000;101
8;1;335274;25/11/2000;101
8;1;335282;25/11/2000;101
8;1;335290;26/11/2000;101
8;1;335304;25/11/2000;101
8;1;335312;25/11/2000;101
8;1;335320;04/12/2000;101
8;1;335339;22/11/2000;101
4;1;335339;22/11/2000;101
8;1;335347;20/11/2000;101
8;1;335355;04/12/2000;101
8;1;335363;04/12/2000;101
8;1;335371;01/12/2000;101
8;1;335380;01/12/2000;101
8;1;335398;04/12/2000;101
8;1;335401;04/12/2000;101
8;1;335410;04/12/2000;101
8;1;335428;04/12/2000;101
8;1;335436;04/12/2000;101
8;1;335444;04/12/2000;101
8;1;335452;04/12/2000;101
8;1;335460;04/12/2000;101
8;1;335479;04/12/2000;101
8;1;335487;01/12/2000;101
8;1;335495;04/12/2000;101
8;1;335509;04/12/2000;101
8;1;335517;04/12/2000;101
8;1;335525;04/12/2000;101
8;1;335533;04/12/2000;101
8;1;335541;04/12/2000;101
8;1;335550;04/12/2000;101
8;1;335568;04/12/2000;101
8;1;335576;04/12/2000;101
8;1;335584;04/12/2000;101
8;1;335592;01/12/2000;101
8;1;335606;04/12/2000;101
8;1;335614;04/12/2000;101
8;1;335622;04/12/2000;101
8;1;335630;04/12/2000;101
8;1;335649;04/12/2000;101
8;1;335657;04/12/2000;101
8;1;335665;07/12/2000;101
8;1;335673;04/12/2000;101
8;1;335681;04/12/2000;101
8;1;335690;04/12/2000;101
8;1;335703;04/12/2000;101
8;1;335711;01/12/2000;101
8;1;335720;04/12/2000;101
8;1;335738;04/12/2000;101
8;1;335746;04/12/2000;101
8;1;335754;04/12/2000;101
8;1;335762;04/12/2000;101
8;1;335770;04/12/2000;101
8;1;335789;04/12/2000;101
8;1;335797;04/12/2000;101
8;1;335800;04/12/2000;101
8;1;335827;04/12/2000;101
8;1;335835;06/12/2000;101
8;1;335843;01/12/2000;101
8;1;335851;04/12/2000;101
8;1;335860;04/12/2000;101
8;1;335878;04/12/2000;101
8;1;335886;04/12/2000;101
8;1;335894;04/12/2000;101
8;1;335908;04/12/2000;101
8;1;335916;04/12/2000;101
8;1;335924;04/12/2000;101
8;1;335932;05/12/2000;101
8;1;335940;04/12/2000;101
8;1;335959;01/12/2000;101
8;1;335967;05/12/2000;101
8;1;335975;04/12/2000;101
8;1;335983;08/12/2000;101
8;1;336009;06/12/2000;101
8;1;336017;06/12/2000;101
8;1;336025;04/12/2000;101
8;1;336033;11/12/2000;101
8;1;336041;11/12/2000;101
8;1;336050;04/12/2000;101
8;1;336068;11/12/2000;101
8;1;336076;11/12/2000;101
8;1;336084;11/12/2000;101
8;1;336092;11/12/2000;101
8;1;336106;12/12/2000;101
8;1;336114;04/12/2000;101
8;1;336122;18/12/2000;101
8;1;336130;14/12/2000;101
8;1;336149;11/12/2000;101
8;1;336157;12/12/2000;101
8;1;336173;18/12/2000;101
8;1;336181;18/12/2000;101
8;1;336190;18/12/2000;101
8;1;336203;22/12/2000;101
8;1;336211;02/01/2001;101
8;1;336220;26/12/2000;101
8;1;336238;19/12/2000;101
8;1;336246;20/12/2000;101
8;1;336254;20/12/2000;101
8;1;336262;20/12/2000;101
8;1;336270;02/01/2001;101
8;1;336289;20/12/2000;101
8;1;336297;20/12/2000;101
8;1;336300;20/12/2000;101
8;1;336319;19/12/2000;101
8;1;336327;20/12/2000;101
8;1;336335;21/12/2000;101
8;1;336343;16/12/2000;101
8;1;336351;18/12/2000;101
8;1;336360;16/12/2000;101
8;1;336378;16/12/2000;101
8;1;336386;28/12/2000;101
8;1;336394;02/01/2001;101
8;1;336408;02/01/2001;101
8;1;336416;02/01/2001;101
8;1;336424;02/01/2001;101
8;1;336432;02/01/2001;101
8;1;336440;02/01/2001;101
8;1;336459;02/01/2001;101
8;1;336467;02/01/2001;101
8;1;336475;02/01/2001;101
8;1;336483;02/01/2001;101
8;1;336491;03/01/2001;101
8;1;336505;03/01/2001;101
8;1;336513;04/01/2001;101
8;1;336521;04/01/2001;101
8;1;336530;02/01/2001;101
8;1;336548;02/01/2001;101
8;1;336556;08/01/2001;101
8;1;336564;04/01/2001;101
8;1;336572;02/01/2001;101
8;1;336580;02/01/2001;101
8;1;336599;02/01/2001;101
8;1;336602;02/01/2001;101
8;1;336610;02/01/2001;101
8;1;336629;02/01/2001;101
8;1;336637;05/01/2001;101
8;1;336645;02/01/2001;101
8;1;336653;02/01/2001;101
8;1;336661;08/01/2001;101
8;1;336670;15/01/2001;101
8;1;336688;15/01/2001;101
8;1;336696;08/01/2001;101
8;1;336700;05/01/2001;101
8;1;336718;18/01/2001;101
4;1;336726;12/01/2001;101
8;1;336734;11/01/2001;101
4;1;336742;16/01/2001;101
8;1;336750;16/01/2001;101
8;1;336769;17/01/2001;101
8;1;336777;22/01/2001;101
8;1;336785;18/01/2001;101
8;1;336793;22/01/2001;101
8;1;336807;25/01/2001;101
8;1;336815;01/02/2001;101
8;1;336823;01/02/2001;101
8;1;336831;01/02/2001;101
8;1;336840;01/03/2001;101
8;1;336858;01/02/2001;101
8;1;336866;01/02/2001;101
8;1;336874;01/02/2001;101
8;1;336882;08/02/2001;101
8;1;336890;07/02/2001;101
8;1;336904;05/02/2001;101
8;1;336912;05/02/2001;101
8;1;336920;05/02/2001;101
8;1;336939;05/02/2001;101
8;1;336947;05/02/2001;101
8;1;336955;13/02/2001;101
8;1;336963;14/02/2001;101
8;1;336971;15/02/2001;101
4;1;336980;20/02/2001;101
8;1;336998;13/02/2001;101
8;1;337005;15/02/2001;101
8;1;337013;19/02/2001;101
8;1;337021;19/02/2001;101
8;1;337030;16/02/2001;101
8;1;337048;21/02/2001;101
8;1;337056;01/03/2001;101
8;1;337064;01/03/2001;101
8;1;337072;01/03/2001;101
8;1;337080;01/03/2001;101
8;1;337099;01/03/2001;101
8;1;337102;05/03/2001;101
8;1;337110;05/03/2001;101
8;1;337129;05/03/2001;101
8;1;337137;05/03/2001;101
8;1;337145;05/03/2001;101
8;1;337153;05/03/2001;101
8;1;337161;05/03/2001;101
8;1;337170;05/03/2001;101
8;1;337188;05/03/2001;101
8;1;337196;05/03/2001;101
8;1;337200;05/03/2001;101
8;1;337218;05/03/2001;101
8;1;337226;05/03/2001;101
8;1;337234;05/03/2001;101
8;1;337242;05/03/2001;101
8;1;337250;05/03/2001;101
8;1;337269;05/03/2001;101
8;1;337285;05/03/2001;101
8;1;337307;05/03/2001;101
8;1;337315;01/03/2001;101
8;1;337323;05/03/2001;101
8;1;337331;05/03/2001;101
8;1;337340;05/03/2001;101
8;1;337358;06/03/2001;101
8;1;337366;07/03/2001;101
8;1;337374;19/03/2001;101
8;1;337382;07/03/2001;101
8;1;337390;09/03/2001;101
8;1;337404;08/03/2001;101
8;1;337412;08/03/2001;101
8;1;337420;12/03/2001;101
8;1;337439;12/03/2001;101
8;1;337447;15/03/2001;101
8;1;337455;14/03/2001;101
8;1;337463;15/03/2001;101
8;1;337471;20/03/2001;101
8;1;337480;13/03/2001;101
8;1;337498;13/03/2001;101
8;1;337501;19/03/2001;101
8;1;337510;21/03/2001;101
8;1;337528;19/03/2001;101
8;1;337536;01/03/2001;101
8;1;337544;03/03/2001;101
8;1;337552;05/03/2001;101
8;1;337560;20/03/2001;101
4;1;337579;20/03/2001;101
4;1;337587;20/03/2001;101
8;1;337609;20/03/2001;101
8;1;337617;21/03/2001;101
8;1;337625;23/03/2001;101
8;1;337633;02/04/2001;101
8;1;337641;02/04/2001;101
8;1;337650;02/04/2001;101
8;1;337668;02/04/2001;101
8;1;337676;04/04/2001;101
8;1;337684;02/04/2001;101
8;1;337692;03/04/2001;101
8;1;337706;02/04/2001;101
8;1;337714;02/04/2001;101
8;1;337722;04/04/2001;101
8;1;337730;02/04/2001;101
4;1;337749;02/04/2001;101
8;1;337757;02/04/2001;101
8;1;337765;04/04/2001;101
4;1;337773;04/04/2001;101
8;1;337773;04/04/2001;101
8;1;337781;04/04/2001;101
8;1;337790;05/04/2001;101
8;1;337803;05/04/2001;101
8;1;337811;04/04/2001;101
8;1;337820;10/04/2001;101
8;1;337838;05/04/2001;101
8;1;337846;05/04/2001;101
8;1;337854;06/04/2001;101
8;1;337862;05/04/2001;101
8;1;337870;09/04/2001;101
8;1;337889;02/04/2001;101
4;1;337897;09/04/2001;101
8;1;337900;09/04/2001;101
8;1;337919;09/04/2001;101
8;1;337927;09/04/2001;101
8;1;337935;10/04/2001;101
8;1;337943;11/04/2001;101
8;1;337951;11/04/2001;101
8;1;337960;11/04/2001;101
8;1;337978;05/04/2001;101
8;1;337986;16/04/2001;101
8;1;337994;19/04/2001;101
8;1;338001;14/04/2001;101
8;1;338010;12/04/2001;101
8;1;338028;16/04/2001;101
8;1;338036;12/04/2001;101
8;1;338044;16/04/2001;101
8;1;338052;18/04/2001;101
8;1;338060;19/04/2001;101
8;1;338079;19/04/2001;101
8;1;338087;20/04/2001;101
8;1;338095;20/04/2001;101
4;1;338109;02/04/2001;101
8;1;338117;26/04/2001;101
8;1;338125;20/04/2001;101
8;1;338133;20/04/2001;101
8;1;338141;11/04/2001;101
8;1;338150;20/04/2001;101
8;1;338168;26/04/2001;101
8;1;338176;02/05/2001;101
8;1;338184;02/05/2001;101
8;1;338192;02/05/2001;101
8;1;338206;02/05/2001;101
8;1;338214;02/05/2001;101
8;1;338222;02/05/2001;101
8;1;338230;02/05/2001;101
8;1;338249;02/05/2001;101
8;1;338257;02/05/2001;101
8;1;338265;02/05/2001;101
8;1;338273;02/05/2001;101
8;1;338281;02/05/2001;101
8;1;338290;02/05/2001;101
8;1;338303;08/05/2001;101
8;1;338311;02/05/2001;101
8;1;338320;03/05/2001;101
8;1;338338;02/05/2001;101
8;1;338346;02/05/2001;101
8;1;338354;09/05/2001;101
8;1;338362;09/05/2001;101
8;1;338370;10/05/2001;101
8;1;338389;10/05/2001;101
8;1;338397;10/05/2001;101
8;1;338400;09/05/2001;101
8;1;338419;10/05/2001;101
8;1;338427;10/05/2001;101
8;1;338435;10/05/2001;101
8;1;338443;10/05/2001;101
8;1;338451;10/05/2001;101
8;1;338460;11/05/2001;101
8;1;338478;10/05/2001;101
8;1;338486;15/05/2001;101
8;1;338494;15/05/2001;101
8;1;338508;15/05/2001;101
8;1;338516;15/05/2001;101
8;1;338524;15/05/2001;101
8;1;338532;15/05/2001;101
8;1;338540;16/05/2001;101
8;1;338559;17/05/2001;101
8;1;338567;17/05/2001;101
8;1;338575;17/05/2001;101
8;1;338583;21/05/2001;101
8;1;338591;18/05/2001;101
8;1;338605;18/05/2001;101
8;1;338613;23/05/2001;101
8;1;338621;19/05/2001;101
8;1;338630;22/05/2001;101
8;1;338648;21/05/2001;101
8;1;338656;21/05/2001;101
8;1;338664;24/05/2001;101
8;1;338672;23/05/2001;101
8;1;338680;04/06/2001;101
8;1;338699;17/05/2001;101
8;1;338702;01/06/2001;101
8;1;338710;01/06/2001;101
8;1;338729;01/06/2001;101
8;1;338737;01/06/2001;101
8;1;338745;04/06/2001;101
8;1;338753;04/06/2001;101
8;1;338761;01/06/2001;101
8;1;338770;01/06/2001;101
8;1;338788;08/06/2001;101
8;1;338796;01/06/2001;101
8;1;338800;01/06/2001;101
8;1;338818;04/06/2001;101
8;1;338826;04/06/2001;101
8;1;338834;11/06/2001;101
8;1;338842;04/06/2001;101
8;1;338877;01/06/2001;101
8;1;338885;01/06/2001;101
8;1;338893;01/06/2001;101
8;1;338907;01/06/2001;101
8;1;338915;06/06/2001;101
8;1;338923;11/06/2001;101
8;1;338931;07/06/2001;101
8;1;338940;07/06/2001;101
8;1;338958;11/06/2001;101
8;1;338966;07/06/2001;101
8;1;338974;07/06/2001;101
4;1;338982;06/06/2001;101
8;1;338990;06/06/2001;101
8;1;339008;04/06/2001;101
8;1;339016;19/06/2001;101
8;1;339024;11/06/2001;101
8;1;339032;18/06/2001;101
8;1;339040;11/06/2001;101
8;1;339059;09/06/2001;101
8;1;339067;13/06/2001;101
8;1;339075;20/06/2001;101
8;1;339083;20/06/2001;101
8;1;339091;14/06/2001;101
8;1;339105;20/06/2001;101
8;1;339113;21/06/2001;101
8;1;339121;20/06/2001;101
8;1;339130;20/06/2001;101
8;1;339148;20/06/2001;101
8;1;339156;20/06/2001;101
8;1;339164;21/06/2001;101
8;1;339172;02/07/2001;101
8;1;339180;02/07/2001;101
8;1;339199;02/07/2001;101
8;1;339202;02/07/2001;101
8;1;339210;02/07/2001;101
8;1;339229;02/07/2001;101
8;1;339237;02/07/2001;101
8;1;339245;02/07/2001;101
8;1;339253;02/07/2001;101
8;1;339261;02/07/2001;101
8;1;339270;02/07/2001;101
8;1;339288;02/07/2001;101
8;1;339296;02/07/2001;101
8;1;339300;09/07/2001;101
8;1;339318;02/07/2001;101
8;1;339326;02/07/2001;101
8;1;339334;02/07/2001;101
8;1;339342;03/07/2001;101
8;1;339350;03/07/2001;101
8;1;339369;03/07/2001;101
8;1;339377;03/07/2001;101
8;1;339385;04/07/2001;101
8;1;339393;03/07/2001;101
8;1;339407;09/07/2001;101
8;1;339415;05/07/2001;101
8;1;339423;02/07/2001;101
8;1;339431;09/07/2001;101
8;1;339440;10/07/2001;101
8;1;339458;10/07/2001;101
8;1;339466;16/07/2001;101
8;1;339474;10/07/2001;101
8;1;339482;13/07/2001;101
8;1;339490;09/07/2001;101
8;1;339504;13/07/2001;101
8;1;339512;16/07/2001;101
8;1;339520;13/07/2001;101
8;1;339539;18/07/2001;101
8;1;339547;19/07/2001;101
8;1;339555;19/07/2001;101
8;1;339563;18/07/2001;101
8;1;339571;18/07/2001;101
8;1;339580;18/07/2001;101
8;1;339598;20/07/2001;101
8;1;339601;20/07/2001;101
8;1;339610;20/07/2001;101
8;1;339628;20/07/2001;101
8;1;339636;19/07/2001;101
8;1;339644;20/07/2001;101
8;1;339652;23/07/2001;101
8;1;339660;23/07/2001;101
8;1;339679;26/07/2001;101
8;1;339687;08/08/2001;101
8;1;339695;02/08/2001;101
8;1;339709;03/08/2001;101
8;1;339717;02/08/2001;101
8;1;339725;02/08/2001;101
8;1;339733;01/08/2001;101
8;1;339741;06/08/2001;101
8;1;339750;06/08/2001;101
8;1;339768;02/08/2001;101
8;1;339776;02/08/2001;101
8;1;339784;02/08/2001;101
8;1;339792;02/08/2001;101
8;1;339806;04/08/2001;101
8;1;339814;06/08/2001;101
8;1;339822;01/08/2001;101
8;1;339830;01/08/2001;101
8;1;339849;01/08/2001;101
8;1;339857;01/08/2001;101
8;1;339865;01/08/2001;101
8;1;339873;01/08/2001;101
8;1;339881;01/08/2001;101
8;1;339890;06/08/2001;101
8;1;339903;06/08/2001;101
8;1;339911;09/08/2001;101
8;1;339920;09/08/2001;101
8;1;339938;13/08/2001;101
8;1;339946;13/08/2001;101
8;1;339954;09/08/2001;101
8;1;339962;13/08/2001;101
8;1;339970;10/08/2001;101
8;1;339989;13/08/2001;101
8;1;340006;16/08/2001;101
8;1;340014;15/08/2001;101
8;1;340022;16/08/2001;101
8;1;340030;11/08/2001;101
8;1;340049;01/09/2001;101
8;1;340057;17/08/2001;101
8;1;340065;20/08/2001;103
8;1;340073;20/08/2001;103
8;1;340081;20/08/2001;103
8;1;340090;20/08/2001;103
8;1;340103;20/08/2001;103
8;1;340111;20/08/2001;103
8;1;340120;10/08/2001;101
8;1;340138;21/08/2001;101
8;1;340146;21/08/2001;101
8;1;340154;18/08/2001;101
8;1;340162;27/08/2001;101
8;1;340170;27/08/2001;101
8;1;340189;21/08/2001;101
8;1;340197;03/09/2001;101
8;1;340200;22/08/2001;101
4;1;340219;23/08/2001;101
8;1;340227;06/08/2001;101
8;1;340235;27/08/2001;101
8;1;340243;27/08/2001;101
8;1;340251;03/09/2001;101
8;1;340260;01/09/2001;101
8;1;340278;01/09/2001;101
8;1;340286;03/09/2001;101
8;1;340294;03/09/2001;101
8;1;340308;03/09/2001;101
8;1;340316;03/09/2001;101
4;1;340324;03/09/2001;101
8;1;340332;03/09/2001;101
8;1;340340;04/09/2001;101
8;1;340359;01/09/2001;101
8;1;340367;04/09/2001;101
8;1;340375;04/09/2001;101
8;1;340383;03/09/2001;101
8;1;340391;03/09/2001;101
8;1;340405;03/09/2001;101
8;1;340413;03/09/2001;101
8;1;340421;05/09/2001;101
8;1;340430;05/09/2001;101
8;1;340448;10/09/2001;101
8;1;340456;05/09/2001;101
8;1;340464;10/09/2001;101
8;1;340472;12/09/2001;101
8;1;340480;10/09/2001;101
8;1;340499;11/09/2001;101
8;1;340502;03/09/2001;101
8;1;340510;13/09/2001;101
8;1;340529;15/09/2001;101
8;1;340537;17/09/2001;101
8;1;340545;12/09/2001;101
8;1;340553;18/09/2001;101
8;1;340561;18/09/2001;101
8;1;340570;19/09/2001;101
8;1;340588;21/09/2001;101
8;1;340596;21/09/2001;101
8;1;340600;21/09/2001;101
8;1;340618;25/09/2001;101
8;1;340626;17/09/2001;101
8;1;340634;17/09/2001;101
8;1;340642;17/09/2001;101
8;1;340650;17/09/2001;101
8;1;340669;17/09/2001;101
8;1;340677;17/09/2001;101
8;1;340685;17/09/2001;101
8;1;340693;17/09/2001;101
8;1;340707;17/09/2001;101
8;1;340715;17/09/2001;101
8;1;340723;17/09/2001;101
8;1;340731;17/09/2001;101
8;1;340740;17/09/2001;101
8;1;340758;17/09/2001;101
8;1;340766;17/09/2001;101
8;1;340774;17/09/2001;101
8;1;340782;17/09/2001;101
8;1;340790;17/09/2001;101
8;1;340804;17/09/2001;101
8;1;340812;17/09/2001;101
8;1;340820;17/09/2001;101
8;1;340839;17/09/2001;101
8;1;340847;17/09/2001;101
8;1;340855;17/09/2001;101
8;1;340863;17/09/2001;101
8;1;340871;17/09/2001;101
8;1;340880;18/09/2001;101
8;1;340898;17/09/2001;101
8;1;340901;24/09/2001;101
8;1;340928;24/09/2001;101
8;1;340936;01/10/2001;101
8;1;340944;01/10/2001;101
8;1;340952;01/10/2001;101
8;1;340960;01/10/2001;101
8;1;340979;01/10/2001;101
8;1;340987;02/10/2001;101
8;1;340995;03/10/2001;101
8;1;341002;01/10/2001;101
8;1;341010;05/10/2001;101
8;1;341029;06/10/2001;101
8;1;341037;05/10/2001;101
8;1;341053;08/10/2001;101
8;1;341061;05/10/2001;101
8;1;341070;03/10/2001;101
8;1;341088;10/10/2001;101
8;1;341096;10/10/2001;101
8;1;341100;08/10/2001;101
8;1;341118;08/10/2001;101
8;1;341126;05/10/2001;101
8;1;341134;09/10/2001;101
8;1;341142;13/10/2001;101
8;1;341150;15/10/2001;101
8;1;341169;13/10/2001;101
8;1;341177;01/10/2001;101
8;1;341185;16/10/2001;101
8;1;341193;16/10/2001;101
8;1;341207;17/10/2001;101
8;1;341215;16/10/2001;101
8;1;341223;16/10/2001;101
8;1;341231;17/10/2001;101
8;1;341240;17/10/2001;101
4;1;341258;17/10/2001;101
8;1;341266;19/10/2001;101
8;1;341274;17/10/2001;101
8;1;341282;22/10/2001;101
8;1;341290;19/10/2001;101
8;1;341304;20/10/2001;101
8;1;341312;20/10/2001;101
8;1;341320;20/10/2001;101
8;1;341339;20/10/2001;101
8;1;341347;22/10/2001;101
8;1;341363;01/11/2001;101
8;1;341371;01/11/2001;101
8;1;341380;01/11/2001;101
8;1;341398;01/11/2001;101
8;1;341401;01/11/2001;101
8;1;341410;01/11/2001;101
8;1;341428;13/11/2001;101
8;1;341436;05/11/2001;101
8;1;341444;05/11/2001;101
8;1;341452;01/11/2001;101
8;1;341460;05/11/2001;101
8;1;341479;01/11/2001;101
4;1;341487;01/11/2001;101
8;1;341495;01/11/2001;101
8;1;341509;01/11/2001;101
8;1;341517;01/11/2001;101
8;1;341525;07/11/2001;101
8;1;341533;05/11/2001;101
8;1;341541;01/11/2001;101
8;1;341550;07/11/2001;101
8;1;341568;07/11/2001;101
8;1;341576;07/11/2001;101
8;1;341584;07/11/2001;101
8;1;341592;05/11/2001;101
8;1;341606;05/11/2001;101
8;1;341614;05/11/2001;101
4;1;341622;05/11/2001;101
8;1;341630;03/11/2001;101
8;1;341649;01/11/2001;101
8;1;341657;01/11/2001;101
8;1;341665;01/11/2001;101
8;1;341673;12/11/2001;101
8;1;341681;09/11/2001;101
8;1;341690;13/11/2001;101
8;1;341703;12/11/2001;101
8;1;341711;12/11/2001;101
8;1;341720;16/11/2001;101
8;1;341738;07/11/2001;101
8;1;341746;13/11/2001;101
8;1;341754;13/11/2001;101
8;1;341762;19/11/2001;101
8;1;341770;27/11/2001;101
8;1;341789;27/11/2001;101
8;1;341800;27/11/2001;101
8;1;341819;27/11/2001;101
8;1;341827;27/11/2001;101
8;1;341835;19/11/2001;101
8;1;341843;26/11/2001;101
8;1;341851;26/11/2001;101
8;1;341860;26/11/2001;101
8;1;341878;26/11/2001;101
8;1;341886;26/11/2001;101
8;1;341894;27/11/2001;101
8;1;341908;27/11/2001;101
8;1;341916;27/11/2001;101
8;1;341924;27/11/2001;101
8;1;341932;27/11/2001;101
8;1;341940;27/11/2001;101
8;1;341959;27/11/2001;101
8;1;341967;26/11/2001;101
8;1;341975;26/11/2001;101
8;1;341983;26/11/2001;101
8;1;341991;26/11/2001;101
8;1;342009;26/11/2001;101
8;1;342017;26/11/2001;101
8;1;342025;22/11/2001;101
8;1;342033;27/11/2001;101
8;1;342041;27/11/2001;101
8;1;342050;27/11/2001;101
8;1;342068;27/11/2001;101
8;1;342076;27/11/2001;101
8;1;342084;27/11/2001;101
8;1;342092;27/11/2001;101
8;1;342106;27/11/2001;101
8;1;342114;27/11/2001;101
8;1;342122;27/11/2001;101
8;1;342130;27/11/2001;101
8;1;342149;22/11/2001;101
8;1;342165;27/11/2001;101
8;1;342173;27/11/2001;101
8;1;342181;27/11/2001;101
8;1;342190;27/11/2001;101
8;1;342203;27/11/2001;101
8;1;342211;27/11/2001;101
8;1;342220;27/11/2001;101
8;1;342238;27/11/2001;101
8;1;342246;27/11/2001;101
8;1;342254;27/11/2001;101
8;1;342262;27/11/2001;101
8;1;342270;27/11/2001;101
8;1;342289;27/11/2001;101
8;1;342297;27/11/2001;101
8;1;342300;27/11/2001;101
8;1;342319;27/11/2001;101
8;1;342327;27/11/2001;101
8;1;342335;27/11/2001;101
8;1;342351;20/11/2001;101
8;1;342360;20/11/2001;101
8;1;342378;27/11/2001;101
8;1;342386;27/11/2001;101
8;1;342394;27/11/2001;101
8;1;342408;27/11/2001;101
8;1;342416;27/11/2001;101
8;1;342424;27/11/2001;101
8;1;342432;27/11/2001;101
8;1;342440;27/11/2001;101
8;1;342459;27/11/2001;101
8;1;342467;27/11/2001;101
8;1;342475;27/11/2001;101
8;1;342483;27/11/2001;101
8;1;342505;27/11/2001;101
8;1;342513;27/11/2001;101
8;1;342521;27/11/2001;101
8;1;342530;26/11/2001;101
8;1;342548;26/11/2001;101
8;1;342556;26/11/2001;101
8;1;342564;03/12/2001;101
8;1;342572;19/11/2001;101
8;1;342580;22/11/2001;101
8;1;342599;20/11/2001;101
8;1;342602;01/12/2001;101
8;1;342610;01/12/2001;101
8;1;342637;27/11/2001;101
8;1;342645;27/11/2001;101
8;1;342653;27/11/2001;101
8;1;342661;27/11/2001;101
8;1;342670;27/11/2001;101
8;1;342688;23/11/2001;101
8;1;342696;27/11/2001;101
8;1;342700;27/11/2001;101
8;1;342718;27/11/2001;101
8;1;342726;27/11/2001;101
8;1;342734;27/11/2001;101
8;1;342742;27/11/2001;101
8;1;342750;27/11/2001;101
8;1;342769;27/11/2001;101
8;1;342777;27/11/2001;101
8;1;342785;27/11/2001;101
8;1;342807;22/11/2001;101
8;1;342815;27/11/2001;101
8;1;342823;22/11/2001;101
8;1;342831;27/11/2001;101
8;1;342840;22/11/2001;101
8;1;342858;27/11/2001;101
8;1;342866;24/11/2001;101
8;1;342874;24/11/2001;101
8;1;342882;24/11/2001;101
8;1;342890;03/12/2001;101
8;1;342904;27/11/2001;101
8;1;342912;27/11/2001;101
8;1;342920;27/11/2001;101
8;1;342939;27/11/2001;101
8;1;342947;27/11/2001;101
8;1;342955;27/11/2001;101
8;1;342963;27/11/2001;101
8;1;342998;03/12/2001;101
8;1;343005;27/11/2001;101
8;1;343013;27/11/2001;101
8;1;343021;27/11/2001;101
8;1;343030;27/11/2001;101
8;1;343048;27/11/2001;101
8;1;343056;27/11/2001;101
8;1;343064;27/11/2001;101
8;1;343072;27/11/2001;101
8;1;343099;27/11/2001;101
8;1;343102;27/11/2001;101
8;1;343110;27/11/2001;101
8;1;343129;27/11/2001;101
8;1;343137;27/11/2001;101
8;1;343145;27/11/2001;101
8;1;343153;27/11/2001;101
8;1;343161;27/11/2001;101
8;1;343170;27/11/2001;101
8;1;343188;27/11/2001;101
8;1;343196;27/11/2001;101
8;1;343200;27/11/2001;101
8;1;343218;27/11/2001;101
8;1;343226;27/11/2001;101
8;1;343234;27/11/2001;101
8;1;343242;01/12/2001;101
8;1;343250;27/11/2001;101
8;1;343269;27/11/2001;101
8;1;343285;27/11/2001;101
8;1;343293;27/11/2001;101
8;1;343307;03/12/2001;101
8;1;343315;01/12/2001;101
8;1;343323;01/12/2001;101
8;1;343331;17/12/2001;101
8;1;343340;27/11/2001;101
8;1;343358;27/11/2001;101
8;1;343366;27/11/2001;101
8;1;343374;22/11/2001;101
8;1;343382;03/12/2001;101
8;1;343390;27/11/2001;101
8;1;343404;27/11/2001;101
8;1;343412;03/12/2001;101
8;1;343420;27/11/2001;101
8;1;343439;27/11/2001;101
8;1;343455;03/12/2001;101
8;1;343463;27/11/2001;101
8;1;343471;27/11/2001;101
8;1;343480;27/11/2001;101
8;1;343498;27/11/2001;101
8;1;343501;27/11/2001;101
8;1;343510;27/11/2001;101
8;1;343528;27/11/2001;101
8;1;343552;01/12/2001;101
8;1;343560;03/12/2001;101
8;1;343579;27/11/2001;101
8;1;343587;27/11/2001;101
8;1;343595;27/11/2001;101
8;1;343609;27/11/2001;101
8;1;343617;27/11/2001;101
8;1;343625;27/11/2001;101
8;1;343633;27/11/2001;101
8;1;343641;27/11/2001;101
8;1;343650;27/11/2001;101
8;1;343668;27/11/2001;101
8;1;343676;27/11/2001;101
8;1;343684;03/12/2001;101
8;1;343692;01/12/2001;101
8;1;343749;03/12/2001;101
8;1;343757;27/11/2001;101
8;1;343765;03/12/2001;101
8;1;343773;13/12/2001;101
8;1;343790;26/11/2001;101
8;1;343803;03/12/2001;101
8;1;343811;01/12/2001;101
8;1;343820;03/12/2001;101
8;1;343838;03/12/2001;101
8;1;343846;08/12/2001;101
8;1;343854;03/12/2001;101
8;1;343862;03/12/2001;101
8;1;343870;04/12/2001;101
8;1;343889;04/12/2001;101
8;1;343897;03/12/2001;101
8;1;343900;05/12/2001;101
8;1;343919;05/12/2001;101
8;1;343927;05/12/2001;101
8;1;343935;03/12/2001;101
8;1;343943;05/12/2001;101
8;1;343960;03/12/2001;101
8;1;343978;05/12/2001;101
8;1;343986;03/12/2001;101
8;1;343994;05/12/2001;101
8;1;344001;04/12/2001;101
8;1;344010;05/12/2001;101
8;1;344028;05/12/2001;101
8;1;344036;03/12/2001;101
8;1;344044;03/12/2001;101
8;1;344052;05/12/2001;101
8;1;344060;05/12/2001;101
8;1;344079;05/12/2001;101
8;1;344087;06/12/2001;101
8;1;344095;04/12/2001;101
8;1;344109;01/12/2001;101
8;1;344117;01/12/2001;101
8;1;344125;01/12/2001;101
8;1;344133;11/12/2001;101
8;1;344141;08/12/2001;101
8;1;344168;10/12/2001;101
8;1;344176;01/12/2001;101
8;1;344184;04/12/2001;101
8;1;344192;11/12/2001;101
8;1;344206;05/12/2001;101
8;1;344214;03/12/2001;101
8;1;344222;04/12/2001;101
8;1;344230;03/12/2001;101
8;1;344249;08/12/2001;101
8;1;344257;01/12/2001;101
8;1;344265;01/12/2001;101
8;1;344273;03/12/2001;101
8;1;344281;03/12/2001;101
8;1;344290;10/12/2001;101
8;1;344303;11/12/2001;101
8;1;344311;17/12/2001;101
8;1;344320;12/12/2001;101
8;1;344338;15/12/2001;101
8;1;344346;03/12/2001;101
8;1;344354;03/12/2001;101
8;1;344362;08/12/2001;101
8;1;344370;06/12/2001;101
8;1;344389;10/12/2001;101
8;1;344397;03/12/2001;101
8;1;344400;08/12/2001;101
8;1;344419;01/12/2001;101
8;1;344427;08/12/2001;101
8;1;344435;03/12/2001;101
8;1;344443;03/12/2001;101
8;1;344451;03/12/2001;101
8;1;344460;03/12/2001;101
8;1;344478;03/12/2001;101
8;1;344486;03/12/2001;101
8;1;344494;03/12/2001;101
8;1;344508;04/12/2001;101
8;1;344516;03/12/2001;101
8;1;344524;03/12/2001;101
8;1;344532;12/12/2001;101
8;1;344540;12/12/2001;101
8;1;344559;10/12/2001;101
8;1;344567;01/12/2001;101
8;1;344575;01/12/2001;101
8;1;344583;01/12/2001;101
8;1;344591;03/12/2001;101
8;1;344605;10/12/2001;101
8;1;344613;17/12/2001;101
8;1;344621;15/12/2001;101
8;1;344630;15/12/2001;101
8;1;344648;15/12/2001;101
8;1;344656;15/12/2001;101
8;1;344664;17/12/2001;101
8;1;344672;13/12/2001;101
8;1;344680;15/12/2001;101
8;1;344699;15/12/2001;101
8;1;344702;17/12/2001;101
8;1;344729;12/12/2001;101
8;1;344737;20/12/2001;101
8;1;344745;19/12/2001;101
8;1;344753;18/12/2001;101
8;1;344761;20/12/2001;101
8;1;344770;23/12/2001;101
8;1;344788;20/12/2001;101
8;1;344796;21/12/2001;101
8;1;344800;02/01/2002;101
8;1;344826;03/01/2002;101
8;1;344834;03/01/2002;101
8;1;344842;07/01/2002;101
8;1;344850;02/01/2002;101
8;1;344869;02/01/2002;101
8;1;344877;02/01/2002;101
8;1;344885;02/01/2002;101
8;1;344893;02/01/2002;101
8;1;344907;21/01/2002;101
8;1;344915;02/01/2002;101
8;1;344923;02/01/2002;101
4;1;344931;08/01/2002;101
8;1;344940;20/01/2002;101
8;1;344958;08/01/2002;101
4;1;344966;07/01/2002;101
8;1;344974;09/01/2002;101
8;1;344982;07/01/2002;101
8;1;344990;10/01/2002;101
8;1;345008;05/01/2002;101
8;1;345016;04/01/2002;101
8;1;345032;11/01/2002;101
4;1;345040;08/01/2002;101
8;1;345059;05/01/2002;101
8;1;345075;05/01/2002;101
8;1;345083;11/01/2002;101
8;1;345091;21/01/2002;101
8;1;345105;15/01/2002;101
8;1;345113;28/01/2002;101
8;1;345121;21/01/2002;101
8;1;345130;15/01/2002;101
8;1;345156;10/01/2002;101
8;1;345164;25/01/2002;101
8;1;345172;22/01/2002;101
8;1;345180;18/01/2002;101
8;1;345199;22/01/2002;101
8;1;345202;21/01/2002;101
8;1;345210;02/02/2002;101
8;1;345229;01/02/2002;101
8;1;345237;04/02/2002;101
8;1;345245;02/02/2002;101
8;1;345253;01/02/2002;101
8;1;345261;01/02/2002;101
8;1;345270;01/02/2002;101
8;1;345288;01/02/2002;101
8;1;345296;01/02/2002;101
8;1;345300;18/02/2002;101
8;1;345318;04/02/2002;101
8;1;345326;04/02/2002;101
8;1;345334;04/02/2002;101
8;1;345342;04/02/2002;101
8;1;345350;04/02/2002;101
8;1;345369;11/02/2002;101
8;1;345377;18/02/2002;101
8;1;345385;01/03/2002;101
8;1;345393;08/02/2002;101
8;1;345407;11/02/2002;101
8;1;345415;18/02/2002;101
8;1;345431;01/02/2002;101
8;1;345440;13/02/2002;101
8;1;345458;13/02/2002;101
8;1;345466;13/02/2002;101
8;1;345482;18/02/2002;101
8;1;345490;15/02/2002;101
8;1;345504;13/02/2002;101
8;1;345512;13/02/2002;101
8;1;345520;13/02/2002;101
8;1;345539;11/03/2002;103
8;1;345547;11/03/2002;103
8;1;345555;01/03/2002;101
8;1;345563;01/03/2002;101
8;1;345571;01/03/2002;101
8;1;345580;01/03/2002;101
8;1;345598;01/03/2002;101
8;1;345601;04/03/2002;101
8;1;345610;01/03/2002;101
8;1;345628;01/03/2002;101
8;1;345644;05/03/2002;101
8;1;345652;07/03/2002;101
8;1;345660;06/03/2002;101
8;1;345679;01/03/2002;101
8;1;345687;07/03/2002;101
8;1;345695;01/03/2002;101
8;1;345709;07/03/2002;101
8;1;345717;07/03/2002;101
8;1;345725;11/03/2002;101
8;1;345733;11/03/2002;101
8;1;345741;11/03/2002;101
8;1;345750;11/03/2002;101
8;1;345768;11/03/2002;101
8;1;345776;07/03/2002;101
8;1;345784;11/03/2002;101
8;1;345806;12/03/2002;101
8;1;345814;11/03/2002;101
8;1;345822;11/03/2002;101
8;1;345830;11/03/2002;101
8;1;345849;11/03/2002;101
8;1;345865;11/03/2002;101
8;1;345873;11/03/2002;101
8;1;345881;11/03/2002;101
8;1;345890;13/03/2002;101
8;1;345903;11/03/2002;101
8;1;345911;11/03/2002;101
8;1;345920;13/03/2002;101
8;1;345938;15/03/2002;101
8;1;345946;18/03/2002;101
8;1;345954;18/03/2002;101
8;1;345962;15/03/2002;101
8;1;345970;14/03/2002;101
8;1;345989;09/03/2002;101
8;1;345997;18/03/2002;101
8;1;346004;20/03/2002;101
8;1;346012;01/04/2002;101
8;1;346020;20/03/2002;101
8;1;346039;18/03/2002;101
8;1;346055;04/04/2002;101
8;1;346063;01/04/2002;101
8;1;346071;03/04/2002;101
8;1;346080;01/04/2002;101
8;1;346098;01/04/2002;101
8;1;346101;01/04/2002;101
8;1;346110;08/04/2002;101
8;1;346128;01/04/2002;101
8;1;346144;01/04/2002;101
4;1;346152;01/04/2002;101
8;1;346160;01/04/2002;101
8;1;346179;06/04/2002;101
8;1;346187;11/04/2002;101
8;1;346195;18/04/2002;101
8;1;346209;23/04/2002;101
8;1;346217;17/04/2002;101
8;1;346225;15/04/2002;101
8;1;346241;22/04/2002;101
8;1;346250;15/04/2002;101
8;1;346268;15/04/2002;101
8;1;346276;15/04/2002;101
8;1;346284;15/04/2002;101
8;1;346292;15/04/2002;101
8;1;346314;15/04/2002;101
8;1;346322;15/04/2002;101
8;1;346330;15/04/2002;101
8;1;346349;15/04/2002;101
8;1;346357;15/04/2002;101
8;1;346365;15/04/2002;101
8;1;346373;24/04/2002;101
8;1;346381;15/04/2002;101
8;1;346390;15/04/2002;101
8;1;346403;15/04/2002;101
8;1;346411;15/04/2002;101
8;1;346420;25/04/2002;101
8;1;346438;07/05/2002;101
8;1;346446;07/05/2002;101
8;1;346454;07/05/2002;101
8;1;346462;06/05/2002;101
8;1;346470;02/05/2002;101
8;1;346489;02/05/2002;101
8;1;346497;06/05/2002;103
8;1;346500;06/05/2002;103
8;1;346519;06/05/2002;103
8;1;346527;11/05/2002;101
8;1;346535;13/05/2002;101
8;1;346543;13/05/2002;101
8;1;346551;15/05/2002;101
8;1;346560;16/05/2002;101
8;1;346578;17/05/2002;101
8;1;346586;16/05/2002;101
8;1;346594;16/05/2002;101
8;1;346608;17/05/2002;101
8;1;346616;17/05/2002;101
8;1;346624;17/05/2002;101
8;1;346632;15/05/2002;101
8;1;346640;15/05/2002;101
8;1;346659;15/05/2002;101
8;1;346667;20/05/2002;103
8;1;346675;01/05/2002;101
8;1;346683;21/05/2002;103
8;1;346691;02/06/2002;101
8;1;346705;01/06/2002;101
8;1;346713;01/06/2002;101
8;1;346721;01/06/2002;101
8;1;346730;06/06/2002;101
8;1;346748;05/06/2002;101
8;1;346756;10/06/2002;101
8;1;346764;05/06/2002;101
8;1;346772;07/06/2002;101
8;1;346780;04/06/2002;101
8;1;346799;11/06/2002;101
8;1;346802;18/06/2002;101
8;1;346810;18/06/2002;101
8;1;346829;18/06/2002;101
8;1;346837;19/06/2002;101
8;1;346845;17/06/2002;101
8;1;346853;17/06/2002;101
8;1;346861;24/06/2002;101
8;1;346870;24/06/2002;101
8;1;346888;08/07/2002;103
8;1;346896;01/07/2002;101
8;1;346900;01/07/2002;101
8;1;346918;01/07/2002;101
8;1;346926;01/07/2002;101
8;1;346934;01/07/2002;101
8;1;346942;01/07/2002;101
8;1;346950;01/07/2002;101
8;1;346969;01/07/2002;101
8;1;346977;01/07/2002;101
8;1;346985;03/07/2002;101
8;1;346993;04/07/2002;101
8;1;347000;08/07/2002;101
8;1;347019;10/07/2002;101
8;1;347027;10/07/2002;101
8;1;347035;10/07/2002;101
8;1;347043;10/07/2002;101
8;1;347051;10/07/2002;101
8;1;347060;15/07/2002;103
8;1;347078;10/07/2002;101
8;1;347086;15/07/2002;101
8;1;347094;15/07/2002;101
8;1;347108;15/07/2002;101
8;1;347116;15/07/2002;101
8;1;347124;15/07/2002;101
8;1;347132;20/07/2002;101
8;1;347140;17/07/2002;101
8;1;347159;18/07/2002;101
8;1;347167;20/07/2002;101
8;1;347175;01/08/2002;101
8;1;347183;12/08/2002;101
8;1;347191;01/08/2002;101
8;1;347205;05/08/2002;101
8;1;347213;01/08/2002;101
8;1;347221;01/08/2002;101
8;1;347230;01/08/2002;101
8;1;347248;08/08/2002;101
8;1;347256;09/08/2002;101
8;1;347264;12/08/2002;101
8;1;347272;13/08/2002;101
8;1;347280;12/08/2002;101
8;1;347302;16/08/2002;101
8;1;347310;13/08/2002;101
8;1;347329;19/08/2002;101
8;1;347337;20/08/2002;101
8;1;347345;20/08/2002;101
8;1;347353;20/08/2002;101
8;1;347361;19/08/2002;101
8;1;347370;20/08/2002;101
8;1;347388;21/08/2002;101
8;1;347396;21/08/2002;101
8;1;347400;21/08/2002;101
8;1;347418;17/08/2002;101
8;1;347426;02/09/2002;101
8;1;347434;02/09/2002;101
8;1;347442;02/09/2002;101
8;1;347450;02/09/2002;101
8;1;347469;02/09/2002;101
8;1;347477;01/09/2002;101
8;1;347485;02/09/2002;101
8;1;347493;02/09/2002;101
8;1;347507;02/09/2002;101
8;1;347515;02/09/2002;101
4;1;347515;02/09/2002;101
8;1;347523;02/09/2002;101
8;1;347531;02/09/2002;101
8;1;347540;02/09/2002;101
8;1;347558;02/09/2002;101
8;1;347566;02/09/2002;101
8;1;347574;04/09/2002;101
8;1;347582;03/09/2002;101
8;1;347590;03/09/2002;101
8;1;347604;03/09/2002;101
8;1;347612;01/09/2002;101
8;1;347620;09/09/2002;101
8;1;347639;09/09/2002;101
8;1;347647;09/09/2002;101
8;1;347655;04/09/2002;101
8;1;347663;02/09/2002;101
8;1;347671;09/09/2002;101
8;1;347680;09/09/2002;101
8;1;347698;10/09/2002;101
8;1;347701;11/09/2002;101
8;1;347710;03/09/2002;101
8;1;347728;11/09/2002;101
8;1;347736;11/09/2002;101
8;1;347744;11/09/2002;101
8;1;347752;11/09/2002;101
8;1;347787;11/09/2002;101
8;1;347795;12/09/2002;101
8;1;347809;02/09/2002;101
8;1;347817;12/09/2002;101
8;1;347825;19/09/2002;101
8;1;347833;16/09/2002;101
8;1;347841;19/09/2002;101
8;1;347850;20/09/2002;101
8;1;347868;24/09/2002;101
8;1;347876;01/10/2002;101
8;1;347884;24/09/2002;101
8;1;347892;20/09/2002;101
8;1;347906;18/09/2002;101
8;1;347914;19/09/2002;101
8;1;347922;01/10/2002;101
8;1;347930;01/10/2002;101
8;1;347949;01/10/2002;101
8;1;347957;01/10/2002;101
8;1;347965;01/10/2002;101
8;1;347973;01/10/2002;101
8;1;347981;01/10/2002;101
8;1;347990;01/10/2002;101
8;1;348007;01/10/2002;101
8;1;348015;01/10/2002;101
8;1;348023;01/10/2002;101
8;1;348031;01/10/2002;101
8;1;348040;02/10/2002;101
8;1;348058;02/10/2002;101
8;1;348066;07/10/2002;101
8;1;348074;07/10/2002;101
8;1;348082;04/10/2002;101
8;1;348090;03/10/2002;101
8;1;348104;01/10/2002;101
8;1;348112;04/10/2002;101
8;1;348120;04/10/2002;101
8;1;348139;04/10/2002;101
8;1;348147;01/10/2002;101
8;1;348155;01/10/2002;101
8;1;348163;01/10/2002;101
8;1;348171;01/10/2002;101
8;1;348180;03/10/2002;101
8;1;348198;03/10/2002;101
8;1;348201;01/10/2002;101
8;1;348210;01/10/2002;101
8;1;348228;01/10/2002;101
8;1;348236;01/10/2002;101
8;1;348244;01/10/2002;101
8;1;348252;01/10/2002;101
8;1;348260;07/10/2002;101
8;1;348279;05/11/2002;101
8;1;348287;07/10/2002;101
8;1;348295;07/10/2002;101
8;1;348309;01/10/2002;101
8;1;348317;01/10/2002;101
8;1;348325;09/10/2002;101
8;1;348333;09/10/2002;101
8;1;348341;09/10/2002;101
8;1;348350;09/10/2002;101
8;1;348368;09/10/2002;101
8;1;348376;10/10/2002;101
8;1;348384;07/10/2002;101
8;1;348392;21/10/2002;101
4;1;348406;14/10/2002;101
8;1;348414;14/10/2002;101
8;1;348422;16/10/2002;101
8;1;348430;07/10/2002;101
8;1;348449;14/10/2002;101
8;1;348457;14/10/2002;101
8;1;348465;14/10/2002;101
8;1;348473;14/10/2002;101
8;1;348481;01/11/2002;101
8;1;348490;16/10/2002;101
8;1;348503;17/10/2002;101
8;1;348511;01/11/2002;101
8;1;348520;21/10/2002;101
8;1;348538;01/10/2002;101
8;1;348546;01/10/2002;101
8;1;348554;01/10/2002;101
8;1;348562;01/10/2002;101
8;1;348570;21/10/2002;101
4;1;348589;21/10/2002;101
8;1;348597;25/10/2002;101
8;1;348619;16/10/2002;101
8;1;348627;01/10/2002;101
8;1;348635;05/11/2002;101
8;1;348643;05/11/2002;101
8;1;348651;01/11/2002;101
8;1;348660;04/11/2002;101
8;1;348678;05/11/2002;101
8;1;348686;04/11/2002;101
8;1;348694;04/11/2002;101
8;1;348708;05/11/2002;101
8;1;348716;05/11/2002;101
8;1;348724;16/09/2002;101
8;1;348732;05/11/2002;101
8;1;348740;05/11/2002;101
8;1;348759;04/11/2002;101
8;1;348767;01/11/2002;101
8;1;348775;01/11/2002;101
8;1;348783;01/11/2002;101
8;1;348791;05/11/2002;101
8;1;348805;05/11/2002;101
8;1;348813;01/11/2002;101
8;1;348821;01/11/2002;101
4;1;348830;01/11/2002;101
4;1;348848;01/11/2002;101
8;1;348856;04/11/2002;101
8;1;348864;04/11/2002;101
8;1;348872;01/11/2002;101
8;1;348880;01/11/2002;101
8;1;348902;01/11/2002;101
8;1;348910;04/11/2002;101
8;1;348929;04/11/2002;101
8;1;348937;04/11/2002;101
8;1;348945;05/11/2002;101
8;1;348953;04/11/2002;101
8;1;348961;07/11/2002;101
8;1;348970;11/11/2002;101
8;1;348988;08/11/2002;101
8;1;348996;11/11/2002;101
8;1;349003;12/11/2002;101
8;1;349011;11/11/2002;101
8;1;349020;11/11/2002;101
8;1;349038;08/11/2002;101
8;1;349046;07/11/2002;101
8;1;349054;13/11/2002;101
8;1;349062;18/11/2002;101
8;1;349070;13/11/2002;101
8;1;349089;19/11/2002;101
8;1;349097;13/11/2002;101
8;1;349100;13/11/2002;101
8;1;349119;12/11/2002;101
8;1;349127;11/11/2002;101
8;1;349135;11/11/2002;101
8;1;349143;12/11/2002;101
8;1;349151;18/11/2002;101
8;1;349160;20/11/2002;101
8;1;349178;18/11/2002;101
8;1;349186;12/11/2002;101
8;1;349194;14/11/2002;101
8;1;349208;05/11/2002;101
8;1;349216;27/11/2002;101
8;1;349224;27/11/2002;101
8;1;349232;27/11/2002;101
8;1;349240;27/11/2002;101
8;1;349259;27/11/2002;101
8;1;349275;27/11/2002;101
8;1;349291;27/11/2002;101
8;1;349305;27/11/2002;101
8;1;349313;27/11/2002;101
8;1;349321;27/11/2002;101
8;1;349330;27/11/2002;101
8;1;349348;27/11/2002;101
8;1;349356;27/11/2002;101
8;1;349364;27/11/2002;101
8;1;349372;08/11/2002;101
8;1;349380;13/11/2002;101
8;1;349399;20/11/2002;101
8;1;349402;15/11/2002;101
8;1;349410;18/11/2002;101
8;1;349429;27/11/2002;101
8;1;349437;27/11/2002;101
8;1;349445;27/11/2002;101
8;1;349453;27/11/2002;101
8;1;349461;27/11/2002;101
8;1;349470;27/11/2002;101
8;1;349488;27/11/2002;101
8;1;349496;27/11/2002;101
8;1;349500;27/11/2002;105
8;1;349518;27/11/2002;101
8;1;349526;27/11/2002;101
8;1;349534;27/11/2002;101
8;1;349542;27/11/2002;105
8;1;349550;27/11/2002;101
8;1;349569;27/11/2002;101
8;1;349585;27/11/2002;101
8;1;349593;27/11/2002;101
8;1;349607;27/11/2002;101
8;1;349615;27/11/2002;101
8;1;349623;27/11/2002;101
8;1;349631;27/11/2002;101
8;1;349640;27/11/2002;101
8;1;349658;27/11/2002;101
8;1;349666;27/11/2002;101
8;1;349674;27/11/2002;101
8;1;349682;27/11/2002;101
8;1;349690;27/11/2002;101
8;1;349704;27/11/2002;101
8;1;349712;27/11/2002;101
8;1;349720;27/11/2002;101
8;1;349739;27/11/2002;101
8;1;349747;27/11/2002;101
8;1;349755;27/11/2002;101
8;1;349763;27/11/2002;101
8;1;349771;27/11/2002;101
8;1;349780;27/11/2002;101
8;1;349798;27/11/2002;101
8;1;349801;27/11/2002;101
8;1;349810;19/11/2002;101
8;1;349828;18/11/2002;101
8;1;349836;27/11/2002;105
8;1;349844;27/11/2002;101
8;1;349852;27/11/2002;101
8;1;349879;27/11/2002;101
8;1;349887;27/11/2002;101
8;1;349895;27/11/2002;101
8;1;349909;27/11/2002;101
8;1;349917;27/11/2002;101
8;1;349925;27/11/2002;101
8;1;349933;27/11/2002;101
8;1;349941;27/11/2002;101
8;1;349950;27/11/2002;101
8;1;349968;27/11/2002;101
8;1;349976;27/11/2002;101
8;1;349984;27/11/2002;101
8;1;349992;27/11/2002;101
8;1;350001;27/11/2002;101
8;1;350010;27/11/2002;101
8;1;350028;27/11/2002;101
8;1;350036;27/11/2002;101
8;1;350044;27/11/2002;101
8;1;350052;27/11/2002;101
8;1;350060;27/11/2002;101
8;1;350079;27/11/2002;101
8;1;350087;27/11/2002;101
8;1;350095;18/11/2002;101
8;1;350109;18/11/2002;101
8;1;350117;27/11/2002;101
8;1;350125;27/11/2002;101
8;1;350133;27/11/2002;101
8;1;350141;27/11/2002;101
8;1;350150;27/11/2002;101
8;1;350168;27/11/2002;101
8;1;350176;27/11/2002;101
8;1;350184;27/11/2002;101
8;1;350192;27/11/2002;101
8;1;350206;27/11/2002;101
8;1;350214;27/11/2002;101
8;1;350222;27/11/2002;101
8;1;350230;27/11/2002;101
8;1;350249;27/11/2002;101
8;1;350257;18/11/2002;101
8;1;350265;18/11/2002;101
8;1;350273;18/11/2002;101
8;1;350281;20/11/2002;101
8;1;350290;20/11/2002;101
8;1;350303;20/11/2002;101
8;1;350311;20/11/2002;101
8;1;350320;25/11/2002;101
8;1;350338;04/11/2002;101
8;1;350346;04/11/2002;101
8;1;350354;04/11/2002;101
8;1;350362;27/11/2002;101
8;1;350370;27/11/2002;101
8;1;350389;27/11/2002;101
8;1;350397;27/11/2002;101
8;1;350400;27/11/2002;101
8;1;350419;27/11/2002;101
8;1;350427;27/11/2002;101
8;1;350435;27/11/2002;101
8;1;350443;27/11/2002;101
8;1;350451;27/11/2002;101
8;1;350460;27/11/2002;101
8;1;350478;27/11/2002;101
8;1;350486;27/11/2002;101
8;1;350494;27/11/2002;101
8;1;350508;27/11/2002;101
8;1;350516;27/11/2002;101
8;1;350524;27/11/2002;101
8;1;350532;27/11/2002;101
8;1;350540;27/11/2002;101
8;1;350559;27/11/2002;101
8;1;350567;27/11/2002;101
8;1;350575;27/11/2002;101
8;1;350583;27/11/2002;101
8;1;350591;27/11/2002;101
8;1;350605;27/11/2002;101
8;1;350613;27/11/2002;101
8;1;350648;27/11/2002;101
8;1;350656;27/11/2002;101
8;1;350664;27/11/2002;101
8;1;350672;27/11/2002;101
8;1;350680;27/11/2002;101
8;1;350699;27/11/2002;101
8;1;350702;27/11/2002;101
8;1;350710;27/11/2002;101
8;1;350729;27/11/2002;101
8;1;350737;27/11/2002;101
8;1;350745;27/11/2002;101
8;1;350753;27/11/2002;101
8;1;350770;27/11/2002;101
8;1;350788;27/11/2002;101
8;1;350796;27/11/2002;101
8;1;350800;27/11/2002;101
8;1;350818;27/11/2002;101
8;1;350826;27/11/2002;101
8;1;350834;27/11/2002;105
8;1;350842;27/11/2002;105
8;1;350850;27/11/2002;101
8;1;350869;27/11/2002;101
8;1;350877;27/11/2002;101
8;1;350885;27/11/2002;101
8;1;350893;27/11/2002;101
8;1;350907;27/11/2002;101
8;1;350915;27/11/2002;101
8;1;350923;27/11/2002;101
8;1;350931;27/11/2002;101
8;1;350940;27/11/2002;101
8;1;350958;27/11/2002;105
8;1;350966;27/11/2002;101
8;1;350974;27/11/2002;101
8;1;350982;27/11/2002;101
8;1;350990;27/11/2002;101
8;1;351008;27/11/2002;101
8;1;351016;27/11/2002;101
8;1;351024;27/11/2002;101
8;1;351032;27/11/2002;101
8;1;351040;27/11/2002;101
8;1;351059;27/11/2002;101
8;1;351067;27/11/2002;101
8;1;351075;27/11/2002;101
8;1;351083;27/11/2002;101
8;1;351091;22/11/2002;101
8;1;351105;23/11/2002;101
8;1;351113;22/11/2002;101
8;1;351121;22/11/2002;101
8;1;351130;18/11/2002;101
8;1;351148;20/11/2002;101
8;1;351156;27/11/2002;101
8;1;351164;27/11/2002;101
8;1;351172;27/11/2002;101
8;1;351180;27/11/2002;101
8;1;351199;27/11/2002;101
8;1;351202;02/12/2002;101
8;1;351210;02/12/2002;101
8;1;351229;02/12/2002;101
8;1;351245;02/12/2002;101
8;1;351253;02/12/2002;101
8;1;351261;05/12/2002;101
8;1;351270;05/12/2002;101
8;1;351288;05/12/2002;101
8;1;351296;02/12/2002;101
8;1;351300;02/12/2002;101
8;1;351318;02/12/2002;101
8;1;351326;02/12/2002;101
8;1;351334;05/12/2002;101
8;1;351342;02/12/2002;101
8;1;351350;06/12/2002;101
8;1;351377;02/12/2002;101
8;1;351385;02/12/2002;101
8;1;351393;02/12/2002;101
8;1;351407;02/12/2002;101
8;1;351415;02/12/2002;101
8;1;351423;09/12/2002;101
8;1;351431;02/12/2002;101
8;1;351440;09/12/2002;101
8;1;351458;02/12/2002;101
8;1;351466;02/12/2002;101
8;1;351474;02/12/2002;101
8;1;351482;02/12/2002;101
8;1;351490;02/12/2002;101
8;1;351504;02/12/2002;101
8;1;351512;02/12/2002;101
8;1;351520;02/12/2002;101
8;1;351539;02/12/2002;101
8;1;351547;04/12/2002;101
8;1;351555;02/12/2002;101
8;1;351563;02/12/2002;101
8;1;351571;02/12/2002;101
8;1;351580;02/12/2002;101
8;1;351598;02/12/2002;101
8;1;351601;02/12/2002;101
8;1;351610;02/12/2002;101
8;1;351628;02/12/2002;101
8;1;351636;02/12/2002;101
8;1;351644;02/12/2002;101
8;1;351652;02/12/2002;101
8;1;351660;02/12/2002;101
8;1;351679;02/12/2002;101
8;1;351687;02/12/2002;101
8;1;351695;09/12/2002;101
8;1;351709;02/12/2002;101
8;1;351717;02/12/2002;101
8;1;351725;03/12/2002;101
8;1;351733;02/12/2002;101
8;1;351741;05/12/2002;101
8;1;351750;02/12/2002;101
8;1;351768;06/12/2002;101
8;1;351776;02/12/2002;101
8;1;351784;02/12/2002;101
8;1;351792;02/12/2002;101
8;1;351806;02/12/2002;101
8;1;351814;10/12/2002;101
8;1;351822;02/12/2002;101
8;1;351830;06/12/2002;105
8;1;351849;02/12/2002;101
8;1;351857;02/12/2002;101
8;1;351865;02/12/2002;101
8;1;351873;02/12/2002;101
8;1;351881;02/12/2002;101
8;1;351890;02/12/2002;101
8;1;351903;02/12/2002;101
8;1;351920;02/12/2002;101
8;1;351938;02/12/2002;101
8;1;351946;02/12/2002;101
8;1;351954;02/12/2002;101
8;1;351962;09/12/2002;101
8;1;351970;04/12/2002;101
8;1;351989;09/12/2002;101
8;1;351997;09/12/2002;101
8;1;352004;02/12/2002;101
8;1;352012;09/12/2002;101
8;1;352020;09/12/2002;101
8;1;352039;10/12/2002;101
8;1;352055;06/12/2002;101
8;1;352063;16/12/2002;101
8;1;352071;12/12/2002;101
8;1;352080;02/12/2002;101
8;1;352098;02/12/2002;101
8;1;352101;03/12/2002;101
8;1;352110;10/12/2002;101
8;1;352128;11/12/2002;101
8;1;352136;11/12/2002;101
8;1;352144;09/12/2002;101
8;1;352152;09/12/2002;101
8;1;352160;09/12/2002;101
8;1;352179;11/12/2002;101
8;1;352187;16/12/2002;101
8;1;352195;11/12/2002;101
8;1;352209;11/12/2002;101
8;1;352217;11/12/2002;101
8;1;352225;11/12/2002;101
8;1;352233;13/12/2002;101
8;1;352241;13/12/2002;101
8;1;352250;12/12/2002;101
4;1;352268;12/12/2002;101
8;1;352268;12/12/2002;101
8;1;352284;16/12/2002;101
8;1;352292;18/12/2002;101
8;1;352314;16/12/2002;101
8;1;352322;16/12/2002;101
8;1;352330;17/12/2002;101
8;1;352349;17/12/2002;101
8;1;352357;17/12/2002;101
8;1;352365;23/12/2002;101
8;1;352373;19/12/2002;101
8;1;352381;18/12/2002;101
8;1;352390;19/12/2002;101
8;1;352403;16/12/2002;101
8;1;352411;19/12/2002;101
8;1;352420;19/12/2002;101
8;1;352438;23/12/2002;101
8;1;352446;20/12/2002;101
8;1;352454;18/12/2002;101
8;1;352462;20/12/2002;101
8;1;352470;10/12/2002;101
8;1;352489;12/12/2002;101
8;1;352497;26/12/2002;101
8;1;352500;07/01/2003;101
8;1;352519;09/01/2003;101
8;1;352527;09/01/2003;101
8;1;352535;15/01/2003;101
8;1;352543;13/01/2003;101
8;1;352551;06/01/2003;101
8;1;352560;09/01/2003;101
8;1;352578;06/01/2003;101
8;1;352586;06/01/2003;101
8;1;352594;08/01/2003;101
8;1;352608;02/01/2003;101
8;1;352616;02/01/2003;101
8;1;352624;02/01/2003;101
8;1;352632;02/01/2003;101
8;1;352640;03/01/2003;101
8;1;352659;02/01/2003;101
8;1;352667;02/01/2003;101
4;1;352675;14/01/2003;101
4;1;352683;14/01/2003;101
8;1;352683;14/01/2003;101
8;1;352691;18/01/2003;101
8;1;352705;20/01/2003;101
8;1;352713;17/01/2003;101
8;1;352721;17/01/2003;101
8;1;352730;20/01/2003;101
8;1;352748;21/01/2003;101
8;1;352756;20/01/2003;101
8;1;352764;21/01/2003;101
8;1;352772;01/01/2003;101
8;1;352780;05/02/2003;101
8;1;352799;03/02/2003;101
8;1;352802;03/02/2003;101
8;1;352810;03/02/2003;101
8;1;352829;03/02/2003;101
8;1;352837;03/02/2003;101
8;1;352845;03/02/2003;101
8;1;352853;03/02/2003;101
8;1;352861;01/02/2003;101
8;1;352870;10/02/2003;101
8;1;352888;03/02/2003;101
8;1;352896;03/02/2003;101
8;1;352900;03/02/2003;101
8;1;352918;01/02/2003;101
8;1;352926;03/02/2003;101
8;1;352934;03/02/2003;101
8;1;352942;01/02/2003;101
8;1;352950;03/02/2003;101
8;1;352969;10/02/2003;101
8;1;352977;10/02/2003;101
8;1;352985;08/02/2003;101
8;1;352993;10/02/2003;101
8;1;353000;10/02/2003;101
8;1;353019;11/02/2003;101
8;1;353027;11/02/2003;101
8;1;353043;15/02/2003;101
8;1;353051;18/02/2003;101
8;1;353060;17/02/2003;101
8;1;353078;20/02/2003;101
8;1;353086;20/02/2003;101
8;1;353094;10/02/2003;101
8;1;353108;10/02/2003;101
8;1;353116;10/02/2003;101
8;1;353124;24/03/2003;103
8;1;353132;10/03/2003;101
8;1;353140;06/03/2003;101
8;1;353159;08/03/2003;101
8;1;353167;06/03/2003;101
8;1;353175;03/03/2003;101
8;1;353183;17/03/2003;103
8;1;353191;01/03/2003;101
8;1;353205;12/03/2003;101
8;1;353213;13/03/2003;101
8;1;353221;11/03/2003;101
8;1;353230;13/03/2003;101
8;1;353248;14/03/2003;101
8;1;353256;18/03/2003;101
8;1;353264;30/03/2003;103
8;1;353272;19/03/2003;101
8;1;353280;19/03/2003;101
8;1;353302;20/03/2003;101
8;1;353310;20/03/2003;101
8;1;353329;30/03/2003;101
8;1;353345;05/03/2003;101
8;1;353353;05/03/2003;101
8;1;353361;01/04/2003;101
8;1;353370;01/04/2003;101
8;1;353388;01/04/2003;101
8;1;353396;01/04/2003;101
8;1;353400;01/04/2003;101
8;1;353418;03/04/2003;101
6;1;353426;03/04/2003;101
8;1;353426;03/04/2003;101
8;1;353434;11/04/2003;101
8;1;353442;07/04/2003;103
8;1;353450;07/04/2003;103
8;1;353469;07/04/2003;103
8;1;353477;07/04/2003;103
8;1;353485;07/04/2003;103
8;1;353493;22/04/2003;103
8;1;353507;07/04/2003;103
8;1;353515;07/04/2003;103
8;1;353523;07/04/2003;103
8;1;353531;07/04/2003;103
8;1;353540;10/04/2003;101
8;1;353558;10/04/2003;101
8;1;353566;10/04/2003;101
8;1;353574;07/04/2003;103
8;1;353582;11/04/2003;101
4;1;353592;14/10/2002;101
8;1;353604;14/04/2003;101
8;1;353612;22/04/2003;101
8;1;353620;17/04/2003;101
8;1;353639;17/04/2003;101
8;1;353647;24/04/2003;101
8;1;353655;19/04/2003;101
8;1;353663;25/04/2003;101
8;1;353671;05/05/2003;101
4;1;353671;05/05/2003;101
8;1;353680;05/05/2003;103
8;1;353698;02/05/2003;101
8;1;353701;02/05/2003;101
8;1;353710;02/05/2003;101
8;1;353728;06/05/2003;101
8;1;353744;02/05/2003;101
8;1;353752;15/05/2003;101
8;1;353760;19/05/2003;103
8;1;353779;05/05/2003;101
8;1;353787;19/05/2003;101
8;1;353795;19/05/2003;101
8;1;353809;16/05/2003;101
8;1;353817;19/05/2003;101
8;1;353825;21/05/2003;101
8;1;353833;20/05/2003;101
8;1;353841;20/05/2003;101
8;1;353850;20/05/2003;101
8;1;353868;19/05/2003;101
8;1;353876;22/05/2003;101
8;1;353884;22/05/2003;101
8;1;353892;27/05/2003;101
8;1;353906;28/05/2003;101
8;1;353914;27/05/2003;101
8;1;353922;02/05/2003;722
8;1;353930;10/06/2003;101
8;1;353949;09/06/2003;101
8;1;353957;11/06/2003;101
8;1;353965;10/06/2003;101
8;1;353973;10/06/2003;101
8;1;353981;09/06/2003;101
8;1;353990;09/06/2003;101
8;1;354007;09/06/2003;101
8;1;354015;09/06/2003;101
8;1;354023;23/06/2003;103
8;1;354031;10/06/2003;101
8;1;354040;10/06/2003;101
8;1;354058;04/06/2003;101
8;1;354066;04/06/2003;101
8;1;354074;04/06/2003;101
8;1;354082;04/06/2003;101
8;1;354104;02/06/2003;101
8;1;354112;02/06/2003;101
8;1;354120;02/06/2003;101
8;1;354139;02/06/2003;101
8;1;354147;02/06/2003;101
8;1;354155;02/06/2003;101
8;1;354163;01/06/2003;101
8;1;354171;02/06/2003;101
8;1;354180;02/06/2003;101
8;1;354198;02/06/2003;101
8;1;354201;23/06/2003;103
8;1;354210;02/06/2003;101
8;1;354228;05/06/2003;101
8;1;354236;02/06/2003;101
8;1;354244;05/06/2003;101
8;1;354252;02/06/2003;101
8;1;354260;02/06/2003;101
8;1;354279;02/06/2003;101
8;1;354287;02/06/2003;101
8;1;354295;02/06/2003;101
8;1;354309;10/06/2003;101
8;1;354317;09/06/2003;101
8;1;354325;10/06/2003;101
8;1;354333;12/06/2003;101
8;1;354341;09/06/2003;101
8;1;354350;09/06/2003;101
8;1;354368;02/06/2003;101
8;1;354376;16/06/2003;101
8;1;354384;23/06/2003;101
8;1;354392;18/06/2003;101
8;1;354406;23/06/2003;101
8;1;354414;18/06/2003;101
8;1;354430;02/06/2003;103
8;1;354449;23/06/2003;103
8;1;354457;01/07/2003;101
8;1;354465;01/07/2003;101
8;1;354473;01/07/2003;101
8;1;354481;01/07/2003;101
8;1;354490;01/07/2003;101
8;1;354503;01/07/2003;103
8;1;354511;01/07/2003;101
8;1;354520;02/07/2003;101
8;1;354538;01/07/2003;101
8;1;354546;01/07/2003;101
8;1;354554;01/07/2003;101
8;1;354562;02/07/2003;101
8;1;354570;02/07/2003;101
8;1;354589;07/07/2003;101
8;1;354597;08/07/2003;101
8;1;354600;05/07/2003;101
8;1;354619;04/07/2003;101
8;1;354627;04/07/2003;101
8;1;354635;11/07/2003;101
8;1;354643;10/07/2003;101
8;1;354651;09/07/2003;101
8;1;354660;12/07/2003;101
8;1;354678;11/07/2003;101
8;1;354686;11/07/2003;101
8;1;354694;11/07/2003;101
8;1;354708;17/07/2003;101
8;1;354716;16/07/2003;101
8;1;354724;01/08/2003;101
8;1;354740;18/07/2003;101
4;1;354759;22/07/2003;101
8;1;354759;22/07/2003;101
8;1;354767;07/07/2003;101
8;1;354775;21/07/2003;101
8;1;354783;21/07/2003;101
8;1;354791;29/07/2003;101
8;1;354805;29/07/2003;101
8;1;354813;28/07/2003;101
8;1;354821;01/08/2003;101
8;1;354830;01/08/2003;101
8;1;354848;01/08/2003;101
8;1;354856;04/08/2003;101
8;1;354864;01/08/2003;101
8;1;354872;04/08/2003;101
8;1;354880;07/08/2003;101
8;1;354899;04/08/2003;101
8;1;354902;04/08/2003;101
8;1;354910;04/08/2003;101
4;1;354929;06/08/2003;101
8;1;354937;06/08/2003;101
8;1;354945;09/08/2003;101
8;1;354953;09/08/2003;101
8;1;354970;18/08/2003;101
8;1;354988;04/08/2003;101
8;1;354996;04/08/2003;101
8;1;355003;04/08/2003;101
8;1;355011;18/08/2003;101
8;1;355020;15/08/2003;101
8;1;355038;18/08/2003;101
8;1;355046;18/08/2003;101
8;1;355054;18/08/2003;101
8;1;355062;20/08/2003;101
8;1;355070;01/09/2003;101
8;1;355089;01/09/2003;101
8;1;355097;01/09/2003;101
8;1;355100;01/09/2003;101
8;1;355119;01/09/2003;101
8;1;355127;01/09/2003;101
8;1;355135;01/09/2003;101
8;1;355143;03/09/2003;101
8;1;355151;03/09/2003;101
8;1;355160;08/09/2003;101
8;1;355178;09/09/2003;101
8;1;355186;10/09/2003;101
8;1;355194;10/09/2003;101
8;1;355208;15/09/2003;101
8;1;355216;15/09/2003;101
8;1;355224;08/09/2003;101
8;1;355232;13/09/2003;101
8;1;355240;16/09/2003;101
8;1;355259;17/09/2003;101
8;1;355267;18/09/2003;101
8;1;355275;18/09/2003;101
8;1;355283;22/09/2003;101
8;1;355291;22/09/2003;101
8;1;355305;02/10/2003;101
8;1;355313;01/10/2003;101
8;1;355321;01/10/2003;101
8;1;355330;01/10/2003;101
8;1;355348;01/10/2003;101
8;1;355356;01/10/2003;101
8;1;355364;01/10/2003;101
8;1;355372;02/10/2003;101
8;1;355380;08/10/2003;101
8;1;355399;06/10/2003;101
8;1;355402;08/10/2003;101
8;1;355410;06/10/2003;101
8;1;355429;06/10/2003;101
8;1;355437;13/10/2003;101
8;1;355445;02/10/2003;101
8;1;355453;13/10/2003;101
8;1;355461;14/10/2003;101
8;1;355470;21/10/2003;101
8;1;355488;21/10/2003;101
8;1;355496;21/10/2003;101
8;1;355500;21/10/2003;101
8;1;355518;20/10/2003;101
8;1;355526;21/10/2003;101
8;1;355534;13/10/2003;101
8;1;355542;06/10/2003;101
8;1;355550;06/10/2003;101
8;1;355569;06/10/2003;101
8;1;355577;06/10/2003;101
8;1;355585;06/10/2003;101
8;1;355593;06/10/2003;101
8;1;355607;06/10/2003;101
8;1;355615;06/10/2003;101
8;1;355623;06/10/2003;101
8;1;355631;06/10/2003;101
8;1;355640;06/10/2003;101
8;1;355658;06/10/2003;101
8;1;355666;27/10/2003;101
8;1;355674;27/10/2003;101
8;1;355682;27/10/2003;101
8;1;355690;27/10/2003;101
8;1;355704;01/11/2003;101
8;1;355712;01/11/2003;101
8;1;355720;03/11/2003;101
8;1;355739;01/11/2003;101
8;1;355747;06/11/2003;101
8;1;355755;01/11/2003;101
8;1;355763;01/11/2003;101
8;1;355771;01/11/2003;101
8;1;355780;01/11/2003;101
8;1;355798;01/11/2003;101
8;1;355801;01/11/2003;101
8;1;355810;01/11/2003;101
8;1;355828;01/11/2003;101
8;1;355836;04/11/2003;101
8;1;355844;03/11/2003;101
8;1;355852;03/11/2003;101
8;1;355860;04/11/2003;101
8;1;355879;03/11/2003;101
8;1;355887;03/11/2003;101
8;1;355895;03/11/2003;101
8;1;355909;03/11/2003;101
8;1;355917;03/11/2003;101
8;1;355925;03/11/2003;101
8;1;355933;07/11/2003;101
8;1;355941;07/11/2003;101
8;1;355950;07/11/2003;101
8;1;355968;03/11/2003;101
8;1;355976;03/11/2003;101
8;1;355984;06/11/2003;101
8;1;355992;05/11/2003;101
8;1;356018;14/11/2003;101
8;1;356026;14/11/2003;101
8;1;356034;17/11/2003;101
8;1;356042;17/11/2003;101
8;1;356050;12/11/2003;101
8;1;356069;12/11/2003;101
8;1;356077;12/11/2003;101
8;1;356085;13/11/2003;101
8;1;356093;13/11/2003;101
4;1;356107;13/11/2003;101
8;1;356115;17/11/2003;101
8;1;356123;17/11/2003;101
8;1;356131;20/11/2003;101
8;1;356158;19/11/2003;101
8;1;356166;24/11/2003;101
8;1;356174;17/11/2003;101
8;1;356182;17/11/2003;101
8;1;356190;17/11/2003;101
8;1;356204;24/11/2003;101
8;1;356212;24/11/2003;101
8;1;356220;24/11/2003;101
8;1;356239;24/11/2003;101
8;1;356247;24/11/2003;101
8;1;356255;22/11/2003;101
8;1;356263;20/11/2003;101
8;1;356271;20/11/2003;101
8;1;356280;20/11/2003;101
8;1;356298;20/11/2003;101
8;1;356301;10/11/2003;101
8;1;356310;10/11/2003;101
8;1;356328;24/11/2003;101
8;1;356336;20/11/2003;101
8;1;356344;20/11/2003;101
8;1;356352;10/12/2003;101
8;1;356360;03/12/2003;101
8;1;356379;10/12/2003;101
8;1;356387;10/12/2003;101
8;1;356395;01/12/2003;101
8;1;356409;09/12/2003;101
8;1;356417;03/12/2003;101
8;1;356425;03/12/2003;101
8;1;356433;10/12/2003;101
8;1;356441;01/12/2003;101
8;1;356450;01/12/2003;101
8;1;356468;01/12/2003;101
8;1;356476;10/12/2003;101
8;1;356484;10/12/2003;101
8;1;356492;10/12/2003;101
8;1;356506;10/12/2003;101
8;1;356514;10/12/2003;101
8;1;356522;10/12/2003;101
8;1;356530;10/12/2003;101
8;1;356549;10/12/2003;101
8;1;356557;10/12/2003;101
8;1;356565;10/12/2003;101
8;1;356573;10/12/2003;101
8;1;356581;01/12/2003;101
8;1;356590;01/12/2003;101
8;1;356603;10/12/2003;101
8;1;356611;10/12/2003;101
8;1;356620;01/12/2003;101
8;1;356638;01/12/2003;101
8;1;356662;10/12/2003;101
8;1;356670;10/12/2003;101
8;1;356689;10/12/2003;101
8;1;356697;10/12/2003;101
8;1;356700;01/12/2003;101
8;1;356719;01/12/2003;101
8;1;356727;01/12/2003;101
8;1;356735;10/12/2003;101
8;1;356743;10/12/2003;101
8;1;356751;10/12/2003;101
8;1;356760;10/12/2003;101
8;1;356778;10/12/2003;101
8;1;356786;10/12/2003;101
8;1;356794;10/12/2003;101
8;1;356808;10/12/2003;101
8;1;356816;10/12/2003;101
8;1;356824;10/12/2003;101
8;1;356840;10/12/2003;101
8;1;356859;10/12/2003;101
8;1;356867;10/12/2003;101
8;1;356875;02/12/2003;101
8;1;356883;10/12/2003;101
8;1;356891;10/12/2003;101
8;1;356905;10/12/2003;101
8;1;356913;10/12/2003;101
8;1;356921;10/12/2003;101
8;1;356930;10/12/2003;101
8;1;356948;10/12/2003;101
8;1;356956;10/12/2003;101
8;1;356964;01/12/2003;101
8;1;356972;01/12/2003;101
8;1;356980;01/12/2003;101
8;1;357006;10/12/2003;101
8;1;357014;10/12/2003;101
8;1;357022;10/12/2003;101
8;1;357030;10/12/2003;101
8;1;357049;01/12/2003;101
8;1;357057;01/12/2003;101
8;1;357065;01/12/2003;101
8;1;357073;10/12/2003;101
8;1;357081;10/12/2003;101
8;1;357090;10/12/2003;101
8;1;357103;10/12/2003;101
8;1;357120;10/12/2003;101
8;1;357138;10/12/2003;101
8;1;357146;10/12/2003;101
8;1;357154;10/12/2003;101
8;1;357162;10/12/2003;101
8;1;357170;10/12/2003;101
8;1;357189;10/12/2003;101
8;1;357197;10/12/2003;101
8;1;357200;10/12/2003;101
8;1;357219;10/12/2003;101
8;1;357227;10/12/2003;101
8;1;357235;01/12/2003;101
8;1;357243;01/12/2003;101
8;1;357251;01/12/2003;101
8;1;357260;01/12/2003;101
8;1;357278;01/12/2003;101
8;1;357286;01/12/2003;101
8;1;357294;10/12/2003;101
8;1;357308;10/12/2003;101
8;1;357316;10/12/2003;101
8;1;357324;10/12/2003;101
8;1;357332;10/12/2003;101
8;1;357340;10/12/2003;101
8;1;357359;10/12/2003;101
8;1;357367;10/12/2003;101
8;1;357375;10/12/2003;101
8;1;357383;10/12/2003;101
8;1;357391;10/12/2003;101
8;1;357405;10/12/2003;101
8;1;357413;01/12/2003;101
8;1;357421;01/12/2003;101
8;1;357430;01/12/2003;101
8;1;357448;09/12/2003;101
8;1;357464;10/12/2003;101
8;1;357472;10/12/2003;101
8;1;357480;10/12/2003;101
8;1;357499;10/12/2003;101
8;1;357502;10/12/2003;101
8;1;357510;10/12/2003;101
8;1;357529;10/12/2003;101
8;1;357537;10/12/2003;101
8;1;357545;10/12/2003;101
8;1;357553;10/12/2003;101
8;1;357561;10/12/2003;101
8;1;357570;10/12/2003;101
8;1;357588;10/12/2003;101
8;1;357596;03/12/2003;101
8;1;357600;03/12/2003;101
8;1;357618;03/12/2003;101
8;1;357626;10/12/2003;101
8;1;357634;10/12/2003;101
8;1;357642;10/12/2003;101
8;1;357650;10/12/2003;101
8;1;357669;10/12/2003;101
8;1;357677;10/12/2003;101
8;1;357685;10/12/2003;101
8;1;357693;10/12/2003;101
8;1;357707;10/12/2003;101
8;1;357715;10/12/2003;101
8;1;357723;10/12/2003;101
8;1;357731;10/12/2003;101
8;1;357758;10/12/2003;101
8;1;357766;10/12/2003;101
8;1;357774;10/12/2003;101
8;1;357790;10/12/2003;101
8;1;357804;10/12/2003;101
8;1;357812;10/12/2003;101
8;1;357820;09/12/2003;101
8;1;357839;10/12/2003;101
8;1;357847;10/12/2003;101
8;1;357855;10/12/2003;101
8;1;357863;01/12/2003;101
8;1;357871;01/12/2003;101
8;1;357880;01/12/2003;101
8;1;357898;10/12/2003;101
8;1;357901;10/12/2003;101
8;1;357910;10/12/2003;101
8;1;357936;10/12/2003;101
8;1;357944;10/12/2003;101
8;1;357952;10/12/2003;101
8;1;357960;10/12/2003;101
8;1;357979;10/12/2003;101
8;1;357987;10/12/2003;101
8;1;357995;10/12/2003;101
8;1;358002;10/12/2003;101
8;1;358010;10/12/2003;101
8;1;358029;10/12/2003;101
8;1;358037;10/12/2003;101
8;1;358045;10/12/2003;101
8;1;358053;10/12/2003;101
8;1;358061;10/12/2003;101
8;1;358070;10/12/2003;101
8;1;358088;10/12/2003;101
8;1;358096;10/12/2003;101
8;1;358100;10/12/2003;101
8;1;358118;10/12/2003;101
8;1;358134;10/12/2003;101
8;1;358142;10/12/2003;101
8;1;358150;10/12/2003;101
8;1;358169;10/12/2003;101
8;1;358177;10/12/2003;101
8;1;358185;10/12/2003;101
8;1;358193;10/12/2003;101
8;1;358207;10/12/2003;101
8;1;358215;10/12/2003;101
8;1;358223;10/12/2003;101
8;1;358231;10/12/2003;101
8;1;358240;10/12/2003;101
8;1;358258;04/12/2003;101
8;1;358266;10/12/2003;101
8;1;358274;10/12/2003;101
8;1;358282;10/12/2003;101
8;1;358290;10/12/2003;101
8;1;358304;10/12/2003;101
8;1;358320;09/12/2003;101
8;1;358339;10/12/2003;101
8;1;358347;03/12/2003;101
8;1;358355;01/12/2003;101
8;1;358363;01/12/2003;101
8;1;358371;09/12/2003;101
8;1;358380;01/12/2003;101
8;1;358398;01/12/2003;101
8;1;358401;10/12/2003;101
8;1;358410;10/12/2003;101
8;1;358428;10/12/2003;101
8;1;358436;10/12/2003;101
8;1;358444;10/12/2003;101
8;1;358452;10/12/2003;101
8;1;358460;10/12/2003;101
8;1;358479;10/12/2003;101
8;1;358487;10/12/2003;101
8;1;358495;10/12/2003;101
8;1;358509;10/12/2003;101
8;1;358517;10/12/2003;101
8;1;358525;10/12/2003;101
8;1;358533;01/12/2003;101
8;1;358541;10/12/2003;101
8;1;358550;01/12/2003;101
8;1;358568;10/12/2003;101
8;1;358584;10/12/2003;101
8;1;358592;10/12/2003;101
8;1;358606;10/12/2003;101
8;1;358614;10/12/2003;101
8;1;358630;10/12/2003;101
8;1;358649;10/12/2003;101
8;1;358657;10/12/2003;101
8;1;358665;10/12/2003;101
8;1;358673;10/12/2003;101
8;1;358681;10/12/2003;101
8;1;358690;10/12/2003;101
8;1;358703;10/12/2003;101
8;1;358711;04/12/2003;101
8;1;358720;04/12/2003;101
8;1;358738;04/12/2003;101
8;1;358746;04/12/2003;101
8;1;358754;04/12/2003;101
8;1;358770;04/12/2003;101
8;1;358789;04/12/2003;101
8;1;358797;04/12/2003;101
8;1;358800;04/12/2003;101
8;1;358819;04/12/2003;101
8;1;358835;04/12/2003;101
8;1;358843;04/12/2003;101
8;1;358851;04/12/2003;101
8;1;358860;01/12/2003;101
8;1;358878;01/12/2003;101
8;1;358886;01/12/2003;101
8;1;358894;01/12/2003;101
8;1;358908;01/12/2003;101
8;1;358916;05/12/2003;101
8;1;358924;05/12/2003;101
8;1;358932;05/12/2003;101
8;1;358940;05/12/2003;101
8;1;358959;05/12/2003;101
8;1;358967;05/12/2003;101
8;1;358975;05/12/2003;101
8;1;358983;05/12/2003;101
8;1;358991;05/12/2003;101
8;1;359017;04/12/2003;101
8;1;359025;04/12/2003;101
8;1;359033;04/12/2003;101
8;1;359041;04/12/2003;101
8;1;359050;04/12/2003;101
8;1;359068;10/12/2003;101
8;1;359076;10/12/2003;101
8;1;359084;10/12/2003;101
8;1;359092;10/12/2003;101
8;1;359106;10/12/2003;101
8;1;359114;10/12/2003;101
8;1;359122;04/12/2003;101
8;1;359130;04/12/2003;101
8;1;359149;04/12/2003;101
8;1;359157;04/12/2003;101
8;1;359165;04/12/2003;101
8;1;359173;04/12/2003;101
8;1;359181;04/12/2003;101
8;1;359190;04/12/2003;101
8;1;359203;04/12/2003;101
8;1;359211;04/12/2003;101
8;1;359220;04/12/2003;101
8;1;359238;04/12/2003;101
8;1;359246;04/12/2003;101
8;1;359254;04/12/2003;101
8;1;359262;05/12/2003;101
8;1;359270;05/12/2003;101
8;1;359289;05/12/2003;101
8;1;359297;05/12/2003;101
8;1;359300;05/12/2003;101
8;1;359319;05/12/2003;101
8;1;359327;05/12/2003;101
8;1;359335;04/12/2003;101
8;1;359343;04/12/2003;101
8;1;359351;04/12/2003;101
8;1;359360;04/12/2003;101
8;1;359378;04/12/2003;101
8;1;359386;04/12/2003;101
8;1;359394;10/12/2003;101
8;1;359408;10/12/2003;101
8;1;359416;10/12/2003;101
8;1;359424;10/12/2003;101
8;1;359432;10/12/2003;101
8;1;359440;04/12/2003;101
8;1;359459;04/12/2003;101
8;1;359467;04/12/2003;101
8;1;359475;04/12/2003;101
8;1;359483;04/12/2003;101
8;1;359491;04/12/2003;101
8;1;359505;04/12/2003;101
8;1;359513;04/12/2003;101
8;1;359521;04/12/2003;101
8;1;359530;04/12/2003;101
8;1;359548;04/12/2003;101
8;1;359556;04/12/2003;101
8;1;359564;03/12/2003;101
8;1;359572;01/12/2003;101
8;1;359599;01/12/2003;101
8;1;359602;01/12/2003;101
8;1;359610;01/12/2003;101
8;1;359629;10/12/2003;101
8;1;359637;10/12/2003;101
8;1;359645;10/12/2003;101
8;1;359653;10/12/2003;101
8;1;359661;10/12/2003;101
8;1;359670;10/12/2003;101
8;1;359688;10/12/2003;101
8;1;359696;10/12/2003;101
8;1;359700;10/12/2003;101
8;1;359718;10/12/2003;101
8;1;359726;01/12/2003;101
8;1;359734;10/12/2003;101
8;1;359742;01/12/2003;101
8;1;359750;01/12/2003;101
8;1;359769;01/12/2003;101
8;1;359777;01/12/2003;101
8;1;359785;04/12/2003;101
8;1;359793;04/12/2003;101
8;1;359815;04/12/2003;101
8;1;359831;04/12/2003;101
8;1;359840;04/12/2003;101
8;1;359858;04/12/2003;101
8;1;359866;04/12/2003;101
8;1;359882;10/12/2003;101
8;1;359890;10/12/2003;101
8;1;359912;10/12/2003;101
8;1;359939;10/12/2003;101
8;1;359947;10/12/2003;101
8;1;359955;10/12/2003;101
8;1;359963;10/12/2003;101
8;1;359971;10/12/2003;101
8;1;359980;10/12/2003;101
8;1;359998;10/12/2003;101
8;1;360007;10/12/2003;101
8;1;360015;10/12/2003;101
8;1;360058;10/12/2003;101
8;1;360066;10/12/2003;101
8;1;360074;10/12/2003;101
8;1;360082;10/12/2003;101
8;1;360090;10/12/2003;101
8;1;360104;03/12/2003;101
8;1;360112;03/12/2003;101
8;1;360120;03/12/2003;101
8;1;360139;03/12/2003;101
8;1;360147;03/12/2003;101
8;1;360155;03/12/2003;101
8;1;360163;10/12/2003;101
8;1;360171;10/12/2003;101
8;1;360180;10/12/2003;101
8;1;360198;10/12/2003;101
8;1;360210;10/12/2003;101
8;1;360228;10/12/2003;101
8;1;360236;10/12/2003;101
8;1;360244;10/12/2003;101
8;1;360252;10/12/2003;101
8;1;360260;10/12/2003;101
8;1;360279;10/12/2003;101
8;1;360287;10/12/2003;101
8;1;360295;10/12/2003;101
8;1;360309;10/12/2003;101
8;1;360317;10/12/2003;101
8;1;360325;10/12/2003;101
8;1;360333;10/12/2003;101
8;1;360341;10/12/2003;101
8;1;360350;10/12/2003;101
8;1;360368;10/12/2003;101
8;1;360384;01/12/2003;101
8;1;360392;01/12/2003;101
8;1;360406;01/12/2003;101
8;1;360414;01/12/2003;101
8;1;360422;01/12/2003;101
8;1;360430;01/12/2003;101
8;1;360449;01/12/2003;101
8;1;360457;02/12/2003;101
8;1;360465;10/12/2003;101
8;1;360473;10/12/2003;101
8;1;360481;01/12/2003;101
8;1;360490;04/12/2003;101
8;1;360511;05/12/2003;101
8;1;360546;01/12/2003;101
8;1;360554;01/12/2003;101
8;1;360562;01/12/2003;101
8;1;360570;01/12/2003;101
8;1;360589;02/12/2003;101
8;1;360597;01/12/2003;101
8;1;360600;01/12/2003;101
8;1;360619;01/12/2003;101
8;1;360627;09/12/2003;101
8;1;360635;10/12/2003;101
8;1;360651;10/12/2003;101
8;1;360660;05/12/2003;101
8;1;360678;04/12/2003;101
8;1;360686;03/12/2003;101
8;1;360694;03/12/2003;101
8;1;360708;05/12/2003;101
8;1;360724;02/12/2003;101
8;1;360732;10/12/2003;101
8;1;360740;10/12/2003;101
8;1;360759;10/12/2003;101
8;1;360767;10/12/2003;101
8;1;360775;11/12/2003;101
8;1;360783;10/12/2003;101
8;1;360791;04/12/2003;101
8;1;360805;10/12/2003;101
8;1;360821;01/12/2003;101
8;1;360830;10/12/2003;101
8;1;360848;09/12/2003;101
8;1;360856;10/12/2003;101
8;1;360864;10/12/2003;101
8;1;360872;10/12/2003;101
8;1;360880;10/12/2003;101
8;1;360899;10/11/2003;101
8;1;360902;05/12/2003;101
8;1;360910;06/12/2003;101
8;1;360929;08/12/2003;101
8;1;360937;10/12/2003;101
8;1;360945;16/12/2003;101
8;1;360953;06/12/2003;101
8;1;360961;06/12/2003;101
8;1;360970;10/12/2003;101
8;1;360988;10/12/2003;101
8;1;360996;15/12/2003;101
8;1;361003;06/12/2003;101
8;1;361011;10/12/2003;101
8;1;361020;06/12/2003;101
8;1;361038;10/12/2003;101
8;1;361046;10/12/2003;101
8;1;361054;06/12/2003;101
8;1;361062;16/12/2003;101
8;1;361070;08/12/2003;101
8;1;361089;06/12/2003;101
8;1;361097;06/12/2003;101
8;1;361100;08/12/2003;101
8;1;361119;11/12/2003;101
8;1;361127;17/12/2003;101
8;1;361135;09/12/2003;101
8;1;361143;06/12/2003;101
8;1;361151;10/12/2003;101
8;1;361160;19/12/2003;101
8;1;361178;09/12/2003;101
8;1;361186;05/12/2003;101
8;1;361194;23/12/2003;101
8;1;361208;02/01/2004;101
8;1;361216;05/01/2004;101
8;1;361224;02/01/2004;101
8;1;361232;02/01/2004;101
8;1;361240;02/01/2004;101
8;1;361259;02/01/2004;101
8;1;361267;02/01/2004;101
8;1;361275;02/01/2004;101
8;1;361283;02/01/2004;101
8;1;361291;02/01/2004;101
8;1;361313;12/01/2004;101
8;1;361321;12/01/2004;101
8;1;361330;16/01/2004;101
8;1;361348;14/01/2004;101
8;1;361356;14/01/2004;101
8;1;361364;14/01/2004;101
8;1;361372;19/01/2004;101
8;1;361380;20/01/2004;101
8;1;361399;20/01/2004;101
8;1;361402;20/01/2004;101
8;1;361410;20/01/2004;101
8;1;361429;20/01/2004;101
8;1;361437;20/01/2004;101
8;1;361445;19/01/2004;101
8;1;361453;19/01/2004;101
8;1;361461;20/01/2004;101
4;1;361470;02/02/2004;101
8;1;361488;02/02/2004;101
282;1;361488;02/02/2004;101
8;1;361496;10/02/2004;101
8;1;361500;13/02/2004;101
8;1;361518;09/02/2004;101
8;1;361526;02/02/2004;101
8;1;361534;02/02/2004;101
8;1;361542;02/02/2004;101
8;1;361550;05/02/2004;101
8;1;361569;02/02/2004;101
8;1;361577;02/02/2004;101
8;1;361585;02/02/2004;101
8;1;361593;06/02/2004;101
8;1;361607;09/02/2004;101
8;1;361615;09/02/2004;101
8;1;361623;10/02/2004;101
8;1;361631;20/02/2004;101
8;1;361640;16/02/2004;101
8;1;361658;03/02/2004;101
8;1;361666;02/02/2004;101
8;1;361674;02/02/2004;101
8;1;361682;02/02/2004;101
8;1;361690;20/02/2004;101
8;1;361712;02/02/2004;101
8;1;361720;02/02/2004;101
8;1;361739;02/02/2004;101
8;1;361747;02/02/2004;101
8;1;361755;02/02/2004;101
8;1;361763;02/02/2004;101
8;1;361771;02/02/2004;101
8;1;361780;01/03/2004;103
8;1;361798;01/03/2004;103
8;1;361801;01/03/2004;101
8;1;361810;01/03/2004;101
8;1;361828;01/03/2004;101
8;1;361836;02/03/2004;101
4;1;361844;08/03/2004;101
8;1;361852;02/03/2004;101
8;1;361860;02/03/2004;101
8;1;361879;02/03/2004;101
8;1;361887;02/03/2004;101
8;1;361895;02/03/2004;101
8;1;361909;02/03/2004;101
8;1;361917;02/03/2004;101
8;1;361925;03/03/2004;101
8;1;361933;03/03/2004;101
8;1;361941;03/03/2004;101
8;1;361950;03/03/2004;101
8;1;361968;03/03/2004;101
8;1;361976;04/03/2004;101
8;1;361984;04/03/2004;101
8;1;361992;04/03/2004;101
8;1;362000;04/03/2004;101
8;1;362018;05/03/2004;101
8;1;362026;08/03/2004;101
8;1;362034;08/03/2004;101
8;1;362042;08/03/2004;101
8;1;362050;08/03/2004;101
8;1;362069;08/03/2004;101
8;1;362077;10/03/2004;101
8;1;362085;10/03/2004;101
8;1;362093;10/03/2004;101
8;1;362107;10/03/2004;101
8;1;362115;10/03/2004;101
8;1;362123;10/03/2004;101
8;1;362131;10/03/2004;101
8;1;362140;01/03/2004;101
8;1;362158;11/03/2004;101
8;1;362166;11/03/2004;101
8;1;362174;11/03/2004;101
8;1;362182;12/03/2004;101
8;1;362190;12/03/2004;101
8;1;362204;01/03/2004;101
4;1;362212;15/03/2004;101
4;1;362220;15/03/2004;101
4;1;362239;15/03/2004;101
8;1;362239;15/03/2004;101
8;1;362247;15/03/2004;101
8;1;362255;15/03/2004;101
8;1;362263;15/03/2004;101
8;1;362271;15/03/2004;101
8;1;362280;15/03/2004;101
8;1;362298;15/03/2004;101
8;1;362301;16/03/2004;101
8;1;362310;16/03/2004;101
8;1;362328;17/03/2004;101
8;1;362336;18/03/2004;101
8;1;362344;17/03/2004;101
8;1;362352;17/03/2004;101
8;1;362360;17/03/2004;101
8;1;362379;18/03/2004;101
8;1;362387;19/03/2004;101
8;1;362395;29/03/2004;101
8;1;362409;29/03/2004;101
8;1;362417;15/03/2004;103
8;1;362425;15/03/2004;103
8;1;362433;15/03/2004;103
8;1;362441;15/03/2004;103
8;1;362450;15/03/2004;103
8;1;362468;15/03/2004;103
8;1;362476;15/03/2004;103
8;1;362484;15/03/2004;103
8;1;362492;15/03/2004;103
8;1;362506;15/03/2004;103
8;1;362514;19/03/2004;101
8;1;362522;19/03/2004;101
8;1;362530;20/03/2004;101
8;1;362549;22/03/2004;101
8;1;362557;22/03/2004;101
8;1;362565;29/03/2004;101
8;1;362573;08/03/2004;101
8;1;362581;22/03/2004;101
8;1;362590;22/03/2004;101
8;1;362603;22/03/2004;101
8;1;362611;22/03/2004;101
8;1;362620;08/03/2004;101
8;1;362638;08/03/2004;101
8;1;362646;08/03/2004;101
8;1;362654;08/03/2004;101
8;1;362662;22/03/2004;103
8;1;362670;14/04/2004;103
8;1;362689;14/04/2004;103
8;1;362697;01/04/2004;101
8;1;362700;01/04/2004;101
8;1;362719;01/04/2004;101
8;1;362727;01/04/2004;101
8;1;362735;01/04/2004;101
8;1;362743;01/04/2004;101
8;1;362751;01/04/2004;101
8;1;362760;01/04/2004;101
8;1;362778;01/04/2004;101
8;1;362786;01/04/2004;101
8;1;362794;01/04/2004;101
8;1;362808;01/04/2004;101
8;1;362816;01/04/2004;101
8;1;362824;01/04/2004;101
8;1;362832;01/04/2004;101
8;1;362840;01/04/2004;101
8;1;362859;01/04/2004;101
8;1;362867;01/04/2004;103
8;1;362875;02/04/2004;101
8;1;362883;02/04/2004;101
8;1;362891;02/04/2004;101
8;1;362905;02/04/2004;101
8;1;362913;05/04/2004;101
8;1;362921;05/04/2004;101
8;1;362930;05/04/2004;101
8;1;362948;05/04/2004;101
8;1;362956;06/04/2004;101
8;1;362964;07/04/2004;101
8;1;362972;08/04/2004;101
8;1;362980;08/04/2004;101
8;1;362999;10/04/2004;101
8;1;363006;10/04/2004;101
8;1;363014;12/04/2004;101
8;1;363022;12/04/2004;101
8;1;363030;12/04/2004;101
8;1;363049;13/04/2004;101
8;1;363057;15/04/2004;101
8;1;363065;16/04/2004;101
8;1;363073;19/04/2004;101
8;1;363081;05/04/2004;101
8;1;363090;05/04/2004;101
8;1;363103;05/04/2004;101
8;1;363111;19/04/2004;101
8;1;363120;19/04/2004;101
8;1;363138;14/02/1997;101
8;1;363146;05/04/2004;101
8;1;363154;20/04/2004;101
8;1;363162;20/04/2004;101
8;1;363170;12/04/2004;101
8;1;363189;12/04/2004;101
8;1;363197;12/04/2004;101
8;1;363200;26/04/2004;101
8;1;363219;03/05/2004;103
8;1;363227;03/05/2004;103
8;1;363235;03/05/2004;101
8;1;363243;03/05/2004;101
8;1;363251;03/05/2004;101
8;1;363260;03/05/2004;101
8;1;363278;03/05/2004;101
8;1;363286;03/05/2004;101
8;1;363294;03/05/2004;101
8;1;363308;03/05/2004;101
8;1;363316;03/05/2004;101
8;1;363324;03/05/2004;101
8;1;363332;03/05/2004;101
8;1;363340;03/05/2004;101
8;1;363359;04/05/2004;101
8;1;363367;05/05/2004;101
8;1;363375;05/05/2004;101
8;1;363383;03/05/2004;101
8;1;363391;03/05/2004;101
8;1;363405;03/05/2004;101
8;1;363413;10/05/2004;101
8;1;363421;11/05/2004;101
4;1;363430;06/05/2004;101
8;1;363448;03/05/2004;101
8;1;363456;11/05/2004;101
8;1;363464;12/05/2004;101
8;1;363472;10/05/2004;101
8;1;363480;11/05/2004;101
8;1;363499;17/05/2004;101
8;1;363502;17/05/2004;101
8;1;363510;01/06/2004;103
8;1;363529;01/06/2004;103
8;1;363537;01/06/2004;103
8;1;363545;01/06/2004;101
8;1;363570;24/05/2004;101
8;1;363588;17/05/2004;101
8;1;363596;18/05/2004;101
8;1;363600;18/05/2004;101
8;1;363618;18/05/2004;101
8;1;363626;18/05/2004;101
8;1;363634;19/05/2004;101
8;1;363642;20/05/2004;101
8;1;363650;20/05/2004;101
8;1;363669;19/05/2004;101
8;1;363677;21/05/2004;101
8;1;363685;21/05/2004;101
8;1;363693;01/06/2004;101
8;1;363707;01/06/2004;101
8;1;363715;01/06/2004;101
8;1;363723;01/06/2004;101
8;1;363731;01/06/2004;101
8;1;363740;01/06/2004;101
8;1;363758;01/06/2004;101
8;1;363766;01/06/2004;101
8;1;363774;01/06/2004;101
8;1;363782;01/06/2004;101
8;1;363790;01/06/2004;101
8;1;363804;01/06/2004;101
8;1;363812;01/06/2004;101
8;1;363820;01/06/2004;101
8;1;363839;01/06/2004;101
8;1;363847;03/06/2004;101
8;1;363855;01/06/2004;101
8;1;363863;01/06/2004;101
8;1;363871;03/06/2004;101
8;1;363880;01/06/2004;101
8;1;363898;02/06/2004;101
8;1;363901;05/06/2004;101
8;1;363910;07/06/2004;101
8;1;363928;01/06/2004;101
8;1;363936;07/06/2004;101
8;1;363944;03/06/2004;101
8;1;363952;01/06/2004;101
8;1;363960;07/06/2004;101
8;1;363979;07/06/2004;101
8;1;363987;07/06/2004;101
8;1;363995;07/06/2004;101
8;1;364002;08/06/2004;101
8;1;364010;08/06/2004;101
8;1;364029;08/06/2004;101
8;1;364037;08/06/2004;101
8;1;364045;08/06/2004;101
8;1;364053;09/06/2004;101
8;1;364061;09/06/2004;101
8;1;364070;09/06/2004;101
8;1;364088;11/06/2004;101
8;1;364096;11/06/2004;101
8;1;364100;11/06/2004;101
8;1;364118;11/06/2004;101
8;1;364126;14/06/2004;101
8;1;364134;01/06/2004;101
8;1;364142;12/06/2004;101
8;1;364150;15/06/2004;101
8;1;364169;12/06/2004;101
8;1;364177;12/06/2004;101
8;1;364185;12/06/2004;101
8;1;364193;11/06/2004;101
8;1;364207;14/06/2004;101
8;1;364215;15/06/2004;101
8;1;364223;15/06/2004;101
8;1;364231;15/06/2004;101
8;1;364240;15/06/2004;101
8;1;364258;16/06/2004;101
8;1;364266;16/06/2004;101
8;1;364274;16/06/2004;101
8;1;364282;16/06/2004;101
4;1;364290;14/06/2004;101
8;1;364304;19/06/2004;101
8;1;364312;23/06/2004;101
8;1;364320;17/06/2004;101
8;1;364339;18/06/2004;101
8;1;364347;22/06/2004;101
8;1;364355;12/07/2004;103
8;1;364363;01/07/2004;101
8;1;364371;01/07/2004;101
8;1;364380;01/07/2004;101
8;1;364398;01/07/2004;101
8;1;364401;01/07/2004;101
8;1;364410;01/07/2004;101
8;1;364428;01/07/2004;101
8;1;364436;01/07/2004;101
8;1;364444;01/07/2004;101
8;1;364452;01/07/2004;101
8;1;364460;02/07/2004;101
8;1;364479;05/07/2004;101
8;1;364487;05/07/2004;101
8;1;364495;05/07/2004;101
8;1;364509;05/07/2004;101
8;1;364517;05/07/2004;101
8;1;364525;05/07/2004;101
8;1;364533;05/07/2004;101
8;1;364541;07/07/2004;101
8;1;364550;12/07/2004;101
8;1;364568;05/07/2004;101
8;1;364576;05/07/2004;101
8;1;364584;02/07/2004;101
8;1;364592;08/07/2004;101
8;1;364606;08/07/2004;101
8;1;364614;08/07/2004;101
8;1;364622;09/07/2004;101
8;1;364630;09/07/2004;101
8;1;364649;12/07/2004;101
8;1;364657;08/07/2004;101
8;1;364665;10/07/2004;101
8;1;364673;13/07/2004;101
8;1;364681;13/07/2004;101
8;1;364690;14/07/2004;101
8;1;364703;14/07/2004;101
8;1;364711;20/07/2004;101
8;1;364720;12/07/2004;101
8;1;364738;12/07/2004;101
8;1;364746;16/07/2004;101
8;1;364754;20/07/2004;101
8;1;364762;20/07/2004;101
8;1;364770;21/07/2004;101
8;1;364789;21/07/2004;101
276;1;364797;15/07/2004;101
276;1;364800;20/07/2004;101
276;1;364819;13/07/2004;101
276;1;364827;22/07/2004;101
276;1;364835;20/07/2004;101
276;1;364843;15/07/2004;101
276;1;364851;15/07/2004;101
276;1;364860;13/07/2004;101
276;1;364878;20/07/2004;101
276;1;364886;15/07/2004;101
276;1;364894;15/07/2004;101
276;1;364908;01/07/2004;722
276;1;364916;01/07/2004;722
276;1;364924;01/07/2004;722
276;1;364932;01/07/2004;722
276;1;364940;02/08/2004;101
276;1;364959;02/08/2004;101
4;1;364967;02/08/2004;101
8;1;364967;02/08/2004;101
8;1;364975;02/08/2004;101
8;1;364983;02/08/2004;101
8;1;364991;02/08/2004;101
8;1;365009;02/08/2004;101
8;1;365017;02/08/2004;101
8;1;365025;02/08/2004;101
8;1;365033;02/08/2004;101
8;1;365041;13/09/2004;103
8;1;365050;05/08/2004;101
8;1;365068;05/08/2004;101
8;1;365076;06/08/2004;101
8;1;365084;09/08/2004;101
8;1;365092;09/08/2004;101
8;1;365106;09/08/2004;101
8;1;365114;09/08/2004;101
8;1;365122;09/08/2004;101
8;1;365130;10/08/2004;101
8;1;365149;10/08/2004;101
8;1;365157;11/08/2004;101
8;1;365165;02/08/2004;101
8;1;365173;02/08/2004;101
8;1;365181;02/08/2004;101
8;1;365190;23/08/2004;101
8;1;365203;02/08/2004;101
8;1;365211;02/08/2004;101
8;1;365220;02/08/2004;101
8;1;365238;10/08/2004;101
8;1;365246;10/08/2004;101
282;1;365246;10/08/2004;101
8;1;365254;11/08/2004;101
8;1;365262;11/08/2004;101
8;1;365270;11/08/2004;101
8;1;365289;11/08/2004;101
8;1;365297;12/08/2004;101
8;1;365300;12/08/2004;101
8;1;365319;12/08/2004;101
8;1;365327;16/08/2004;101
8;1;365335;17/08/2004;101
8;1;365343;17/08/2004;101
8;1;365351;17/08/2004;101
8;1;365360;23/08/2004;101
8;1;365378;19/08/2004;101
8;1;365386;17/08/2004;101
8;1;365394;18/08/2004;101
8;1;365408;18/08/2004;101
8;1;365416;19/08/2004;101
8;1;365424;20/08/2004;101
8;1;365432;18/08/2004;101
8;1;365440;19/08/2004;101
8;1;365459;23/08/2004;101
280;1;365467;01/07/2004;722
280;1;365475;01/07/2004;722
8;1;365483;19/08/2004;101
8;1;365491;23/08/2004;101
8;1;365505;24/08/2004;101
8;1;365513;23/08/2004;101
8;1;365521;13/09/2004;103
8;1;365530;01/09/2004;101
8;1;365548;01/09/2004;101
8;1;365556;01/09/2004;101
8;1;365564;01/09/2004;101
8;1;365572;01/09/2004;101
8;1;365580;01/09/2004;101
8;1;365599;01/09/2004;101
8;1;365602;01/09/2004;101
8;1;365610;01/09/2004;101
8;1;365629;01/09/2004;101
8;1;365637;01/09/2004;101
8;1;365645;01/09/2004;101
8;1;365653;01/09/2004;101
8;1;365661;02/09/2004;101
8;1;365670;04/09/2004;101
8;1;365688;04/09/2004;101
8;1;365696;04/09/2004;101
8;1;365700;06/09/2004;101
4;1;365718;06/09/2004;101
8;1;365718;06/09/2004;101
8;1;365726;06/09/2004;101
8;1;365734;06/09/2004;101
8;1;365742;06/09/2004;101
8;1;365750;09/09/2004;101
8;1;365769;09/09/2004;101
8;1;365777;09/09/2004;101
8;1;365785;10/09/2004;101
8;1;365793;13/09/2004;101
8;1;365807;14/09/2004;101
8;1;365815;14/09/2004;101
8;1;365823;14/09/2004;101
8;1;365831;14/09/2004;101
8;1;365840;14/09/2004;101
8;1;365858;15/09/2004;101
8;1;365866;15/09/2004;101
8;1;365874;15/09/2004;101
8;1;365882;15/09/2004;101
8;1;365890;16/09/2004;101
8;1;365904;15/09/2004;101
8;1;365912;15/09/2004;101
8;1;365920;15/09/2004;101
8;1;365939;17/09/2004;101
8;1;365947;16/09/2004;101
8;1;365955;17/09/2004;101
8;1;365963;17/09/2004;101
8;1;365971;13/09/2004;101
8;1;365980;21/09/2004;101
8;1;365998;21/09/2004;101
8;1;366005;24/09/2004;101
8;1;366013;27/09/2004;101
8;1;366021;01/10/2004;101
8;1;366030;01/10/2004;101
8;1;366048;01/10/2004;101
8;1;366056;01/10/2004;101
8;1;366064;01/10/2004;101
276;1;366072;14/10/2004;101
8;1;366080;07/10/2004;101
8;1;366099;01/10/2004;101
8;1;366102;01/10/2004;101
8;1;366110;01/10/2004;101
8;1;366129;04/10/2004;101
8;1;366137;04/10/2004;101
8;1;366145;04/10/2004;101
8;1;366153;05/10/2004;101
8;1;366161;05/10/2004;101
8;1;366170;06/10/2004;101
8;1;366188;06/10/2004;101
8;1;366196;06/10/2004;101
8;1;366200;06/10/2004;101
8;1;366218;07/10/2004;101
8;1;366226;07/10/2004;101
8;1;366234;08/10/2004;101
8;1;366242;08/10/2004;101
8;1;366250;11/10/2004;101
4;1;366269;13/10/2004;101
8;1;366277;14/10/2004;101
8;1;366285;14/10/2004;101
8;1;366293;14/10/2004;101
8;1;366307;14/10/2004;101
8;1;366315;15/10/2004;101
8;1;366323;18/10/2004;101
8;1;366331;01/10/2004;101
8;1;366340;19/10/2004;101
8;1;366358;15/10/2004;101
8;1;366366;16/10/2004;101
8;1;366374;19/10/2004;101
8;1;366382;19/10/2004;101
8;1;366390;20/10/2004;101
8;1;366404;20/10/2004;101
8;1;366412;20/10/2004;101
8;1;366420;21/10/2004;101
276;1;366439;01/10/2004;101
8;1;366447;21/10/2004;101
8;1;366455;21/10/2004;101
8;1;366463;25/10/2004;101
8;1;366471;01/11/2004;101
8;1;366480;01/11/2004;101
8;1;366498;01/11/2004;101
8;1;366501;01/11/2004;101
8;1;366510;01/11/2004;101
8;1;366528;01/11/2004;101
8;1;366536;01/11/2004;101
8;1;366544;01/11/2004;101
8;1;366552;01/11/2004;101
8;1;366560;01/11/2004;101
8;1;366579;09/11/2004;101
8;1;366587;03/11/2004;101
8;1;366595;03/11/2004;101
8;1;366609;03/11/2004;101
8;1;366617;03/11/2004;101
8;1;366625;03/11/2004;101
8;1;366633;03/11/2004;101
4;1;366641;05/11/2004;101
8;1;366650;04/11/2004;101
8;1;366668;04/11/2004;101
8;1;366676;04/11/2004;101
8;1;366684;04/11/2004;101
8;1;366692;04/11/2004;101
8;1;366706;04/11/2004;101
8;1;366714;04/11/2004;101
8;1;366722;04/11/2004;101
8;1;366730;05/11/2004;101
8;1;366749;08/11/2004;101
8;1;366757;12/11/2004;101
8;1;366765;12/11/2004;101
8;1;366773;22/11/2004;101
8;1;366781;22/11/2004;101
8;1;366790;16/11/2004;101
8;1;366803;17/11/2004;101
8;1;366811;19/11/2004;101
8;1;366820;17/11/2004;101
8;1;366838;18/11/2004;101
8;1;366846;18/11/2004;101
8;1;366854;18/11/2004;101
8;1;366862;18/11/2004;101
8;1;366870;19/11/2004;101
8;1;366889;20/11/2004;101
8;1;366897;22/11/2004;101
8;1;366900;22/11/2004;101
8;1;366919;22/11/2004;101
8;1;366927;22/11/2004;101
8;1;366935;22/11/2004;101
8;1;366943;22/11/2004;101
282;1;366951;01/07/2004;722
282;1;366960;01/07/2004;722
8;1;366978;01/11/2004;101
8;1;366986;22/11/2004;101
8;1;366994;23/11/2004;101
8;1;367001;10/12/2004;101
8;1;367010;10/12/2004;101
8;1;367028;10/12/2004;101
8;1;367044;10/12/2004;101
8;1;367052;10/12/2004;101
8;1;367060;10/12/2004;101
8;1;367079;10/12/2004;101
8;1;367087;04/12/2004;101
8;1;367095;04/12/2004;101
8;1;367109;04/12/2004;101
8;1;367117;04/12/2004;101
8;1;367125;04/12/2004;101
8;1;367133;04/12/2004;101
8;1;367141;04/12/2004;101
8;1;367150;04/12/2004;101
8;1;367168;01/12/2004;101
8;1;367176;01/12/2004;101
8;1;367184;01/12/2004;101
8;1;367192;01/12/2004;101
8;1;367206;01/12/2004;101
8;1;367214;01/12/2004;101
8;1;367222;01/12/2004;101
8;1;367230;01/12/2004;101
8;1;367249;01/12/2004;101
8;1;367257;01/12/2004;101
8;1;367265;01/12/2004;101
8;1;367273;01/12/2004;101
8;1;367290;01/12/2004;101
8;1;367303;01/12/2004;101
8;1;367311;10/12/2004;101
8;1;367320;10/12/2004;101
8;1;367338;10/12/2004;101
8;1;367346;10/12/2004;101
8;1;367354;07/12/2004;101
8;1;367362;07/12/2004;101
8;1;367370;07/12/2004;101
8;1;367389;07/12/2004;101
8;1;367397;07/12/2004;101
8;1;367400;07/12/2004;101
8;1;367419;07/12/2004;101
8;1;367427;07/12/2004;101
8;1;367435;07/12/2004;101
8;1;367443;07/12/2004;101
8;1;367451;07/12/2004;101
8;1;367460;07/12/2004;101
8;1;367478;07/12/2004;101
8;1;367486;07/12/2004;101
8;1;367494;10/12/2004;101
8;1;367508;10/12/2004;101
8;1;367516;10/12/2004;101
8;1;367524;10/12/2004;101
8;1;367532;10/12/2004;101
8;1;367540;10/12/2004;101
8;1;367559;10/12/2004;101
8;1;367567;10/12/2004;101
8;1;367575;10/12/2004;101
8;1;367583;01/12/2004;101
8;1;367591;10/12/2004;101
8;1;367613;10/12/2004;101
8;1;367621;10/12/2004;101
8;1;367630;01/12/2004;101
8;1;367648;01/12/2004;101
8;1;367656;01/12/2004;101
8;1;367664;01/12/2004;101
8;1;367672;01/12/2004;101
8;1;367680;01/12/2004;101
8;1;367699;10/12/2004;101
8;1;367702;10/12/2004;101
8;1;367710;10/12/2004;101
8;1;367729;10/12/2004;101
8;1;367737;10/12/2004;101
8;1;367745;10/12/2004;101
8;1;367753;10/12/2004;101
8;1;367761;10/12/2004;101
8;1;367788;10/12/2004;101
8;1;367796;10/12/2004;101
8;1;367800;10/12/2004;101
8;1;367818;10/12/2004;101
8;1;367826;10/12/2004;101
8;1;367834;10/12/2004;101
8;1;367842;10/12/2004;101
8;1;367850;10/12/2004;101
8;1;367877;08/12/2004;101
8;1;367885;10/12/2004;101
8;1;367893;10/12/2004;101
8;1;367907;10/12/2004;101
8;1;367923;10/12/2004;101
8;1;367931;10/12/2004;101
8;1;367940;10/12/2004;101
8;1;367958;01/12/2004;101
8;1;367966;01/12/2004;101
8;1;367982;01/12/2004;101
8;1;367990;01/12/2004;101
8;1;368008;01/12/2004;101
8;1;368016;01/12/2004;101
8;1;368024;10/12/2004;101
8;1;368032;10/12/2004;101
8;1;368040;10/12/2004;101
8;1;368059;10/12/2004;101
8;1;368075;01/12/2004;101
8;1;368083;01/12/2004;101
8;1;368091;01/12/2004;101
8;1;368105;07/12/2004;101
8;1;368113;10/12/2004;101
8;1;368121;01/12/2004;101
8;1;368130;02/12/2004;101
8;1;368148;06/12/2004;101
8;1;368156;10/12/2004;101
8;1;368164;08/12/2004;101
8;1;368172;10/12/2004;101
8;1;368180;08/12/2004;101
8;1;368199;06/12/2004;101
8;1;368202;08/12/2004;101
8;1;368210;10/12/2004;101
8;1;368229;10/12/2004;101
8;1;368237;10/12/2004;101
8;1;368245;10/12/2004;101
8;1;368253;10/12/2004;101
8;1;368261;10/12/2004;101
8;1;368270;10/12/2004;101
8;1;368288;10/12/2004;101
8;1;368296;10/12/2004;101
8;1;368300;01/12/2004;101
8;1;368318;10/12/2004;101
8;1;368326;10/12/2004;101
8;1;368334;10/12/2004;101
8;1;368342;01/12/2004;101
8;1;368350;01/12/2004;101
8;1;368369;01/12/2004;101
8;1;368377;10/12/2004;101
8;1;368385;01/12/2004;101
8;1;368393;10/12/2004;101
8;1;368407;01/12/2004;101
8;1;368415;10/12/2004;101
8;1;368423;10/12/2004;101
8;1;368431;10/12/2004;101
8;1;368440;10/12/2004;101
8;1;368458;10/12/2004;101
8;1;368466;10/12/2004;101
8;1;368474;10/12/2004;101
8;1;368482;01/12/2004;101
8;1;368490;01/12/2004;101
8;1;368504;01/12/2004;101
8;1;368512;01/12/2004;101
8;1;368520;10/12/2004;101
8;1;368539;01/12/2004;101
8;1;368547;01/12/2004;101
8;1;368555;01/12/2004;101
8;1;368563;01/12/2004;101
8;1;368571;01/12/2004;101
8;1;368601;01/12/2004;101
8;1;368628;01/12/2004;101
8;1;368636;01/12/2004;101
8;1;368644;01/12/2004;101
8;1;368652;01/12/2004;101
8;1;368660;01/12/2004;101
8;1;368679;01/12/2004;101
8;1;368695;01/12/2004;101
8;1;368709;01/12/2004;101
8;1;368717;01/12/2004;101
8;1;368725;01/12/2004;101
8;1;368733;01/12/2004;101
8;1;368741;10/12/2004;101
8;1;368750;01/12/2004;101
8;1;368768;10/12/2004;101
8;1;368776;01/12/2004;101
8;1;368784;01/12/2004;101
8;1;368792;01/12/2004;101
8;1;368806;10/12/2004;101
8;1;368814;01/12/2004;101
8;1;368822;10/12/2004;101
8;1;368830;01/12/2004;101
8;1;368849;01/12/2004;101
8;1;368857;01/12/2004;101
8;1;368865;01/12/2004;101
8;1;368881;01/12/2004;101
8;1;368890;01/12/2004;101
8;1;368903;01/12/2004;101
8;1;368911;01/12/2004;101
8;1;368920;01/12/2004;101
8;1;368938;01/12/2004;101
8;1;368946;01/12/2004;101
8;1;368954;01/12/2004;101
8;1;368962;01/12/2004;101
8;1;368970;01/12/2004;101
8;1;368989;01/12/2004;101
8;1;368997;01/12/2004;101
8;1;369004;01/12/2004;101
8;1;369012;01/12/2004;101
8;1;369020;01/12/2004;101
8;1;369039;01/12/2004;101
8;1;369047;01/12/2004;101
8;1;369055;01/12/2004;101
8;1;369063;01/12/2004;101
8;1;369071;01/12/2004;101
8;1;369080;01/12/2004;101
8;1;369098;01/12/2004;101
8;1;369101;01/12/2004;101
8;1;369110;01/12/2004;101
8;1;369128;01/12/2004;101
8;1;369136;01/12/2004;101
8;1;369144;01/12/2004;101
8;1;369152;01/12/2004;101
8;1;369160;01/12/2004;101
8;1;369179;01/12/2004;101
8;1;369187;01/12/2004;101
8;1;369195;01/12/2004;101
8;1;369209;01/12/2004;101
8;1;369217;01/12/2004;101
8;1;369225;01/12/2004;101
8;1;369233;01/12/2004;101
8;1;369241;01/12/2004;101
8;1;369250;01/12/2004;101
8;1;369268;01/12/2004;101
8;1;369276;01/12/2004;101
8;1;369284;13/12/2004;101
8;1;369292;01/12/2004;101
8;1;369306;01/12/2004;101
8;1;369314;01/12/2004;101
8;1;369322;01/12/2004;101
8;1;369330;01/12/2004;101
8;1;369357;01/12/2004;101
8;1;369365;01/12/2004;101
8;1;369373;01/12/2004;101
8;1;369381;01/12/2004;101
8;1;369390;01/12/2004;101
8;1;369403;01/12/2004;101
8;1;369411;01/12/2004;101
8;1;369420;01/12/2004;101
8;1;369438;01/12/2004;101
8;1;369446;01/12/2004;101
8;1;369454;01/12/2004;101
8;1;369462;01/12/2004;101
8;1;369470;01/12/2004;101
8;1;369489;01/12/2004;101
8;1;369497;01/12/2004;101
8;1;369500;01/12/2004;101
8;1;369519;01/12/2004;101
8;1;369527;01/12/2004;101
8;1;369535;01/12/2004;101
8;1;369543;01/12/2004;101
8;1;369551;01/12/2004;101
8;1;369560;01/12/2004;101
8;1;369578;01/12/2004;101
8;1;369586;01/12/2004;101
8;1;369594;01/12/2004;101
8;1;369608;01/12/2004;101
8;1;369616;01/12/2004;101
8;1;369624;01/12/2004;101
8;1;369632;01/12/2004;101
8;1;369640;01/12/2004;101
8;1;369659;01/12/2004;101
8;1;369667;01/12/2004;101
8;1;369675;01/12/2004;101
8;1;369683;01/12/2004;101
8;1;369691;01/12/2004;101
8;1;369705;01/12/2004;101
8;1;369713;01/12/2004;101
8;1;369721;01/12/2004;101
8;1;369730;01/12/2004;101
8;1;369748;01/12/2004;101
8;1;369756;01/12/2004;101
8;1;369764;01/12/2004;101
8;1;369772;01/12/2004;101
8;1;369780;01/12/2004;101
8;1;369799;01/12/2004;101
8;1;369802;01/12/2004;101
8;1;369810;01/12/2004;101
8;1;369829;01/12/2004;101
8;1;369845;01/12/2004;101
8;1;369853;01/12/2004;101
8;1;369861;01/12/2004;101
8;1;369870;01/12/2004;101
8;1;369888;01/12/2004;101
8;1;369896;01/12/2004;101
8;1;369900;01/12/2004;101
8;1;369918;01/12/2004;101
8;1;369926;01/12/2004;101
8;1;369934;01/12/2004;101
8;1;369942;01/12/2004;101
8;1;369969;10/12/2004;101
8;1;369977;10/12/2004;101
8;1;369985;10/12/2004;101
8;1;369993;10/12/2004;101
8;1;370002;01/12/2004;101
276;1;370010;01/12/2004;101
8;1;370029;10/12/2004;101
8;1;370037;03/12/2004;101
8;1;370045;08/12/2004;101
8;1;370053;13/12/2004;101
8;1;370061;01/12/2004;101
8;1;370070;01/12/2004;101
8;1;370088;10/12/2004;101
8;1;370096;01/12/2004;101
8;1;370100;10/12/2004;101
8;1;370118;01/12/2004;101
8;1;370126;04/12/2004;101
8;1;370134;04/12/2004;101
8;1;370142;04/12/2004;101
8;1;370150;04/12/2004;101
8;1;370169;04/12/2004;101
8;1;370177;04/12/2004;101
8;1;370185;10/12/2004;101
8;1;370193;10/12/2004;101
8;1;370207;10/12/2004;101
8;1;370215;10/12/2004;101
8;1;370223;10/12/2004;101
8;1;370231;10/12/2004;101
8;1;370240;10/12/2004;101
8;1;370258;10/12/2004;101
8;1;370274;10/12/2004;101
8;1;370282;10/12/2004;101
8;1;370290;10/12/2004;101
8;1;370304;10/12/2004;101
8;1;370312;10/12/2004;101
8;1;370320;10/12/2004;101
8;1;370339;04/12/2004;101
8;1;370347;01/12/2004;101
8;1;370355;04/12/2004;101
8;1;370363;04/12/2004;101
8;1;370371;04/12/2004;101
8;1;370380;04/12/2004;101
8;1;370398;04/12/2004;101
8;1;370401;04/12/2004;101
8;1;370410;01/12/2004;101
8;1;370428;01/12/2004;101
8;1;370436;01/12/2004;101
8;1;370444;01/12/2004;101
8;1;370460;01/12/2004;101
8;1;370479;01/12/2004;101
8;1;370487;01/12/2004;101
8;1;370495;01/12/2004;101
8;1;370509;04/12/2004;101
8;1;370517;04/12/2004;101
8;1;370525;01/12/2004;101
8;1;370533;10/12/2004;101
8;1;370541;10/12/2004;101
8;1;370550;10/12/2004;101
8;1;370568;10/12/2004;101
8;1;370576;10/12/2004;101
8;1;370584;10/12/2004;101
8;1;370592;10/12/2004;101
8;1;370606;10/12/2004;101
8;1;370614;10/12/2004;101
8;1;370622;10/12/2004;101
8;1;370630;10/12/2004;101
8;1;370649;10/12/2004;101
8;1;370657;10/12/2004;101
8;1;370665;10/12/2004;101
8;1;370673;10/12/2004;101
8;1;370681;10/12/2004;101
8;1;370703;10/12/2004;101
8;1;370711;01/12/2004;101
8;1;370720;10/12/2004;101
8;1;370738;10/12/2004;101
8;1;370746;10/12/2004;101
8;1;370754;10/12/2004;101
8;1;370762;10/12/2004;101
8;1;370770;01/12/2004;101
8;1;370789;01/12/2004;101
8;1;370797;01/12/2004;101
8;1;370800;01/12/2004;101
8;1;370819;10/12/2004;101
8;1;370827;10/12/2004;101
8;1;370835;10/12/2004;101
8;1;370843;01/12/2004;101
8;1;370851;01/12/2004;101
8;1;370860;10/12/2004;101
8;1;370878;01/12/2004;101
8;1;370886;01/12/2004;101
8;1;370894;10/12/2004;101
8;1;370908;10/12/2004;101
8;1;370916;10/12/2004;101
8;1;370924;10/12/2004;101
8;1;370932;01/12/2004;101
8;1;370940;10/12/2004;101
8;1;370959;10/12/2004;101
8;1;370967;10/12/2004;101
8;1;370975;13/12/2004;101
8;1;370983;10/12/2004;101
8;1;370991;10/12/2004;101
8;1;371009;10/12/2004;101
8;1;371017;10/12/2004;101
8;1;371025;10/12/2004;101
8;1;371033;07/12/2004;101
8;1;371041;10/12/2004;101
8;1;371050;01/12/2004;101
8;1;371068;01/12/2004;101
8;1;371076;02/12/2004;101
8;1;371084;10/12/2004;101
8;1;371092;07/12/2004;101
8;1;371106;01/12/2004;101
8;1;371114;01/12/2004;101
8;1;371122;10/12/2004;101
8;1;371149;03/12/2004;101
8;1;371157;10/12/2004;101
8;1;371165;03/12/2004;101
8;1;371173;01/12/2004;101
8;1;371181;01/12/2004;101
8;1;371190;01/12/2004;101
8;1;371203;13/12/2004;101
8;1;371211;13/12/2004;101
8;1;371220;13/12/2004;101
8;1;371238;01/12/2004;101
8;1;371246;01/12/2004;101
8;1;371254;01/12/2004;101
8;1;371262;01/12/2004;101
8;1;371270;01/12/2004;101
8;1;371289;13/12/2004;101
8;1;371297;10/12/2004;101
8;1;371300;13/12/2004;101
8;1;371319;10/12/2004;101
8;1;371327;01/12/2004;101
8;1;371335;10/12/2004;101
8;1;371343;20/12/2004;101
8;1;371351;07/12/2004;101
8;1;371360;14/12/2004;101
8;1;371378;13/12/2004;101
8;1;371386;14/12/2004;101
8;1;371408;20/12/2004;101
8;1;371424;15/12/2004;101
8;1;371432;24/12/2004;101
8;1;371440;28/12/2004;101
4;1;371564;15/12/2004;101
8;1;371564;15/12/2004;101
8;1;371572;21/12/2004;101
8;1;371580;20/12/2004;101
8;1;371599;18/12/2004;101
8;1;371602;20/12/2004;101
8;1;371610;03/01/2005;101
8;1;371629;21/12/2004;101
8;1;371637;11/01/2005;101
8;1;371645;11/01/2005;101
8;1;371653;05/01/2005;101
8;1;371661;05/01/2005;101
8;1;371670;04/01/2005;101
8;1;371688;05/01/2005;101
8;1;371696;05/01/2005;101
8;1;371700;15/01/2005;101
8;1;371718;03/01/2005;101
8;1;371726;11/01/2005;101
276;1;371734;01/01/2005;101
8;1;371742;24/01/2005;101
8;1;371750;21/01/2005;101
8;1;371769;17/01/2005;101
8;1;371777;17/01/2005;101
8;1;371785;17/01/2005;101
8;1;371793;20/01/2005;101
8;1;371807;21/02/2005;103
8;1;371815;21/02/2005;103
8;1;371823;21/02/2005;103
8;1;371831;21/02/2005;103
8;1;371840;21/02/2005;103
8;1;371858;21/02/2005;103
8;1;371866;21/02/2005;103
8;1;371874;21/02/2005;103
8;1;371882;21/02/2005;103
8;1;371890;21/02/2005;103
8;1;371904;21/02/2005;103
8;1;371912;21/02/2005;103
8;1;371920;21/02/2005;103
8;1;371939;01/02/2005;101
8;1;371947;02/02/2005;101
8;1;371955;01/02/2005;101
8;1;371963;03/02/2005;101
8;1;371971;07/02/2005;101
8;1;371980;07/02/2005;101
8;1;371998;07/02/2005;101
8;1;372005;09/02/2005;101
8;1;372013;09/02/2005;101
8;1;372021;09/02/2005;101
8;1;372030;09/02/2005;101
8;1;372048;09/02/2005;101
8;1;372056;14/02/2005;101
8;1;372064;14/02/2005;101
8;1;372072;01/02/2005;101
4;1;372080;16/02/2005;101
8;1;372099;15/02/2005;101
8;1;372102;18/02/2005;101
8;1;372110;19/02/2005;101
8;1;372129;21/02/2005;101
8;1;372137;21/02/2005;101
8;1;372145;21/02/2005;101
8;1;372153;21/02/2005;101
8;1;372161;16/02/2005;101
8;1;372170;15/02/2005;101
8;1;372188;15/02/2005;101
8;1;372196;15/02/2005;101
276;1;372200;01/02/2005;101
276;1;372218;01/02/2005;101
276;1;372226;01/02/2005;101
276;1;372234;01/02/2005;101
8;1;372242;01/03/2005;101
276;1;372250;01/02/2005;101
276;1;372269;03/02/2005;101
276;1;372277;03/02/2005;101
276;1;372285;03/02/2005;101
8;1;372293;07/03/2005;103
8;1;372307;04/03/2005;103
8;1;372315;01/03/2005;101
8;1;372323;01/03/2005;101
8;1;372331;01/03/2005;101
8;1;372340;01/03/2005;101
8;1;372358;01/03/2005;101
8;1;372366;02/03/2005;101
8;1;372374;03/03/2005;101
8;1;372382;03/03/2005;101
8;1;372390;04/03/2005;101
8;1;372404;04/03/2005;101
8;1;372412;01/03/2005;103
8;1;372420;08/03/2005;101
8;1;372439;01/03/2005;101
8;1;372455;15/03/2005;101
8;1;372463;02/03/2005;101
8;1;372471;04/03/2005;101
8;1;372480;08/03/2005;101
8;1;372498;08/03/2005;101
8;1;372501;10/03/2005;101
8;1;372510;11/03/2005;101
8;1;372528;11/03/2005;101
8;1;372536;15/03/2005;101
8;1;372544;07/03/2005;103
8;1;372552;07/03/2005;103
8;1;372560;07/03/2005;103
8;1;372579;02/03/2005;101
8;1;372587;14/03/2005;103
276;1;372595;01/03/2005;101
8;1;372609;14/03/2005;101
8;1;372617;15/03/2005;101
8;1;372625;19/03/2005;101
8;1;372633;09/03/2005;101
8;1;372641;18/03/2005;101
8;1;372650;01/04/2005;101
8;1;372668;01/03/2005;103
276;1;372676;09/03/2005;101
8;1;372684;18/03/2005;101
4;1;372692;21/03/2005;101
8;1;372706;22/03/2005;101
8;1;372714;17/03/2005;101
8;1;372722;22/03/2005;101
276;1;372730;01/03/2005;101
8;1;372749;24/03/2005;101
276;1;372757;07/03/2005;101
8;1;372765;22/03/2005;101
8;1;372773;01/03/2005;103
8;1;372781;01/04/2005;101
8;1;372790;01/04/2005;101
8;1;372803;01/04/2005;101
8;1;372811;01/04/2005;101
8;1;372820;01/04/2005;101
8;1;372838;01/04/2005;101
8;1;372846;01/04/2005;101
8;1;372854;01/04/2005;101
8;1;372862;01/04/2005;101
8;1;372870;01/04/2005;101
8;1;372889;01/04/2005;101
8;1;372897;01/04/2005;101
8;1;372900;01/04/2005;101
8;1;372919;04/04/2005;101
8;1;372927;04/04/2005;101
8;1;372935;04/04/2005;101
8;1;372943;04/04/2005;101
8;1;372951;04/04/2005;101
8;1;372960;05/04/2005;101
8;1;372978;06/04/2005;101
8;1;372986;06/04/2005;101
8;1;372994;05/04/2005;101
8;1;373001;06/04/2005;101
8;1;373010;07/04/2005;101
8;1;373028;11/04/2005;101
8;1;373036;11/04/2005;101
8;1;373044;11/04/2005;101
8;1;373052;11/04/2005;101
8;1;373060;11/04/2005;101
8;1;373079;12/04/2005;101
8;1;373087;11/04/2005;101
8;1;373095;12/04/2005;101
8;1;373109;12/04/2005;101
8;1;373117;13/04/2005;101
8;1;373125;13/04/2005;101
8;1;373133;12/04/2005;101
8;1;373141;13/04/2005;101
8;1;373150;13/04/2005;101
8;1;373168;13/04/2005;101
8;1;373176;13/04/2005;101
8;1;373184;15/04/2005;101
8;1;373192;14/04/2005;101
8;1;373206;16/04/2005;101
8;1;373214;14/04/2005;101
8;1;373222;15/04/2005;101
8;1;373230;18/04/2005;101
8;1;373249;18/04/2005;101
8;1;373257;18/04/2005;101
8;1;373265;15/04/2005;101
8;1;373273;15/04/2005;101
8;1;373281;18/04/2005;101
4;1;373290;20/04/2005;101
276;1;373303;01/04/2005;101
8;1;373311;18/04/2005;101
8;1;373320;19/04/2005;101
8;1;373338;19/04/2005;101
8;1;373346;20/04/2005;101
8;1;373354;20/04/2005;101
8;1;373362;22/04/2005;101
8;1;373370;22/04/2005;101
8;1;373389;26/04/2005;101
8;1;373397;26/04/2005;101
8;1;373400;25/04/2005;101
8;1;373419;25/04/2005;101
8;1;373427;25/04/2005;101
8;1;373435;12/04/2005;722
8;1;373443;12/04/2005;722
8;1;373451;12/04/2005;722
280;1;373460;01/04/2005;722
2;1;373478;14/04/2005;722
282;1;373486;01/04/2005;722
8;1;373494;02/05/2005;101
8;1;373508;02/05/2005;101
8;1;373516;02/05/2005;101
8;1;373524;02/05/2005;101
8;1;373532;02/05/2005;101
8;1;373540;02/05/2005;101
8;1;373559;02/05/2005;101
8;1;373567;02/05/2005;101
8;1;373575;02/05/2005;101
8;1;373583;02/05/2005;101
8;1;373591;03/05/2005;101
8;1;373605;02/05/2005;101
8;1;373613;05/05/2005;101
8;1;373621;06/05/2005;101
8;1;373630;10/05/2005;101
8;1;373648;10/05/2005;101
8;1;373656;10/05/2005;101
8;1;373664;10/05/2005;101
8;1;373672;06/05/2005;101
8;1;373680;06/05/2005;101
8;1;373699;06/05/2005;101
8;1;373702;10/05/2005;101
8;1;373710;11/05/2005;101
8;1;373729;23/05/2005;101
8;1;373737;02/05/2005;101
8;1;373745;02/05/2005;101
8;1;373753;02/05/2005;101
8;1;373761;02/05/2005;101
8;1;373770;02/05/2005;101
8;1;373788;03/05/2005;101
8;1;373796;04/05/2005;101
8;1;373800;16/05/2005;101
8;1;373818;16/05/2005;101
8;1;373826;02/05/2005;101
8;1;373834;17/05/2005;101
8;1;373842;17/05/2005;101
8;1;373850;20/05/2005;101
276;1;373869;10/05/2005;101
276;1;373877;17/05/2005;101
8;1;373885;19/05/2005;101
8;1;373893;23/05/2005;103
4;1;373907;01/05/2005;722
4;1;373915;02/06/2005;101
8;1;373923;01/06/2005;101
8;1;373931;08/06/2005;101
8;1;373940;06/06/2005;101
8;1;373958;07/06/2005;101
8;1;373966;01/06/2005;101
4;1;373974;08/06/2005;101
8;1;373982;06/06/2005;101
8;1;373990;10/06/2005;101
8;1;374008;10/06/2005;101
4;1;374014;14/03/2005;101
276;1;374022;01/02/2005;101
8;1;374032;01/06/2005;101
8;1;374040;13/06/2005;101
8;1;374059;13/06/2005;101
276;1;374067;02/06/2005;101
8;1;374075;13/06/2005;101
8;1;374083;14/06/2005;101
8;1;374091;08/06/2005;101
8;1;374105;10/06/2005;101
8;1;374113;15/06/2005;101
8;1;374121;16/06/2005;101
4;1;374130;22/06/2005;101
6;1;374144;09/05/2005;101
2;1;374159;16/10/1972;722
8;1;374161;01/11/1967;101
8;1;374177;01/11/1996;101
8;1;374182;02/12/1996;101
8;1;374195;02/05/1997;101
8;1;374203;08/09/1997;101
8;1;374210;09/09/1997;101
8;1;374223;15/09/1997;101
8;1;374238;19/09/1997;101
8;1;374248;20/10/1997;101
8;1;374256;01/12/1997;101
8;1;374266;04/02/1998;101
8;1;374277;12/02/1998;101
8;1;374289;05/03/1998;101
8;1;374297;16/03/1998;101
8;1;374309;01/04/1998;101
8;1;374316;01/04/1998;103
8;1;374324;08/06/1998;101
8;1;374331;20/06/1998;101
8;1;374340;16/07/1998;101
8;1;374351;04/11/1998;101
8;1;374366;03/12/1998;101
8;1;374377;10/12/1998;101
8;1;374389;02/01/1999;101
8;1;374396;12/02/1999;101
8;1;374400;15/03/1999;101
8;1;374410;22/04/1999;101
8;1;374420;20/10/1999;101
8;1;374433;27/12/1999;101
8;1;374440;01/07/2005;101
8;1;374458;01/07/2005;101
8;1;374466;01/07/2005;101
8;1;374474;01/07/2005;101
8;1;374482;01/07/2005;101
8;1;374490;04/07/2005;101
8;1;374504;04/07/2005;101
8;1;374512;04/07/2005;101
8;1;374520;04/07/2005;101
8;1;374539;04/07/2005;101
8;1;374547;04/07/2005;101
8;1;374555;04/07/2005;101
8;1;374563;04/07/2005;101
8;1;374571;04/07/2005;101
8;1;374580;04/07/2005;101
8;1;374598;04/07/2005;101
8;1;374601;01/07/2005;101
8;1;374610;08/07/2005;101
8;1;374628;11/07/2005;101
8;1;374636;13/07/2005;101
8;1;374644;14/07/2005;101
8;1;374652;15/07/2005;101
8;1;374660;13/07/2005;101
8;1;374679;19/07/2005;101
8;1;374687;20/07/2005;101
8;1;374695;22/07/2005;101
276;1;374717;13/07/2005;101
4;1;374725;01/08/2005;101
8;1;374733;01/08/2005;101
8;1;374741;01/08/2005;101
8;1;374750;01/08/2005;101
8;1;374768;01/08/2005;101
8;1;374776;01/08/2005;101
8;1;374784;01/08/2005;101
8;1;374792;01/08/2005;101
8;1;374806;01/08/2005;101
8;1;374814;01/08/2005;101
8;1;374822;02/08/2005;101
8;1;374830;02/08/2005;101
8;1;374849;03/08/2005;101
8;1;374857;03/08/2005;101
8;1;374865;05/08/2005;101
8;1;374873;05/08/2005;101
8;1;374881;08/08/2005;101
8;1;374890;08/08/2005;101
8;1;374900;05/08/2005;101
8;1;374911;15/08/2005;103
8;1;374920;15/08/2005;101
8;1;374938;16/08/2005;101
8;1;374946;22/08/2005;101
8;1;374954;22/08/2005;101
8;1;374962;22/08/2005;101
8;1;374970;22/08/2005;101
8;1;374989;22/08/2005;101
8;1;374997;22/08/2005;101
8;1;375004;22/08/2005;101
8;1;375012;22/08/2005;101
8;1;375020;22/08/2005;101
8;1;375039;22/08/2005;101
8;1;375047;22/08/2005;101
276;1;375055;22/08/2005;101
8;1;375063;02/01/2002;101
8;1;375071;01/09/2005;101
8;1;375080;01/09/2005;101
8;1;375098;01/09/2005;101
8;1;375101;01/09/2005;101
8;1;375110;01/09/2005;101
8;1;375128;01/09/2005;101
8;1;375136;01/09/2005;101
8;1;375144;01/09/2005;101
8;1;375152;01/09/2005;101
8;1;375160;01/09/2005;101
8;1;375179;02/09/2005;101
8;1;375187;05/09/2005;101
8;1;375195;05/09/2005;101
8;1;375209;05/09/2005;101
8;1;375217;01/09/2005;101
8;1;375225;05/09/2005;101
8;1;375233;05/09/2005;101
8;1;375241;05/09/2005;101
8;1;375250;06/09/2005;101
8;1;375268;12/09/2005;101
8;1;375276;13/09/2005;101
8;1;375284;13/09/2005;101
8;1;375292;14/09/2005;101
8;1;375306;12/09/2005;101
8;1;375314;12/09/2005;101
8;1;375322;12/09/2005;101
8;1;375330;15/09/2005;101
8;1;375349;14/09/2005;101
8;1;375357;19/09/2005;101
8;1;375365;19/09/2005;101
8;1;375373;26/09/2005;101
8;1;375381;26/09/2005;101
276;1;375390;19/09/2005;101
8;1;375403;03/10/2005;103
8;1;375411;05/10/2005;101
8;1;375420;01/10/2005;101
8;1;375438;01/10/2005;101
8;1;375446;03/10/2005;101
8;1;375454;03/10/2005;101
8;1;375462;13/10/2005;101
8;1;375470;03/10/2005;101
8;1;375489;03/10/2005;101
8;1;375497;03/10/2005;101
8;1;375500;03/10/2005;101
8;1;375519;04/10/2005;101
8;1;375527;05/10/2005;101
8;1;375535;05/10/2005;101
8;1;375543;07/10/2005;101
8;1;375551;07/10/2005;101
8;1;375560;01/10/2005;101
8;1;375578;10/10/2005;101
8;1;375586;10/10/2005;101
4;1;375608;19/10/2005;101
4;1;375616;19/10/2005;101
8;1;375624;10/10/2005;101
8;1;375632;11/10/2005;101
8;1;375640;17/10/2005;101
8;1;375659;17/10/2005;101
8;1;375667;17/10/2005;101
8;1;375675;17/10/2005;101
8;1;375683;17/10/2005;101
8;1;375691;17/10/2005;101
8;1;375705;17/10/2005;101
8;1;375713;18/10/2005;101
8;1;375721;18/10/2005;101
8;1;375730;18/10/2005;101
8;1;375748;19/10/2005;101
8;1;375756;20/10/2005;101
8;1;375764;20/10/2005;101
8;1;375772;20/10/2005;101
8;1;375780;20/10/2005;722
8;1;375799;21/10/2005;101
8;1;375802;17/10/2005;101
8;1;375810;01/11/2005;101
8;1;375829;01/11/2005;101
8;1;375837;01/11/2005;101
8;1;375845;01/11/2005;101
8;1;375853;01/11/2005;101
8;1;375861;01/11/2005;101
8;1;375870;01/11/2005;101
8;1;375888;01/11/2005;101
8;1;375896;01/11/2005;101
8;1;375900;01/11/2005;101
8;1;375918;01/11/2005;101
8;1;375926;01/11/2005;101
8;1;375934;01/11/2005;101
8;1;375942;04/11/2005;101
8;1;375950;07/11/2005;101
8;1;375969;07/11/2005;101
8;1;375977;07/11/2005;101
8;1;375985;07/11/2005;101
276;1;375993;07/11/2005;101
8;1;376000;07/11/2005;101
8;1;376019;08/11/2005;101
8;1;376027;08/11/2005;101
8;1;376035;10/11/2005;101
8;1;376043;10/11/2005;101
8;1;376051;10/11/2005;101
8;1;376060;11/11/2005;101
8;1;376078;11/11/2005;101
8;1;376086;12/11/2005;101
8;1;376094;14/11/2005;101
8;1;376108;14/11/2005;101
8;1;376116;16/11/2005;101
8;1;376124;21/11/2005;101
8;1;376132;22/11/2005;101
8;1;376140;21/11/2005;101
8;1;376159;16/11/2005;101
8;1;376167;16/11/2005;101
8;1;376175;16/11/2005;101
8;1;376183;21/11/2005;101
8;1;376191;16/11/2005;101
8;1;376205;24/11/2005;101
8;1;376213;06/10/2004;101
8;1;376221;11/02/2005;101
8;1;376222;01/12/2005;101
4;1;376223;05/12/2005;101
8;1;376224;01/12/2005;101
4;1;376224;01/12/2005;101
8;1;376225;01/12/2005;101
8;1;376226;05/12/2005;101
8;1;376227;05/12/2005;101
8;1;376228;01/12/2005;101
8;1;376229;01/12/2005;101
8;1;376230;01/12/2005;101
8;1;376231;01/12/2005;101
8;1;376232;07/12/2005;101
8;1;376233;01/12/2005;101
8;1;376234;01/12/2005;101
8;1;376235;01/12/2005;101
8;1;376236;01/12/2005;101
8;1;376237;01/12/2005;101
8;1;376238;01/12/2005;101
8;1;376239;01/12/2005;101
8;1;376240;01/12/2005;101
8;1;376241;09/12/2005;101
8;1;376242;06/12/2005;101
8;1;376243;06/12/2005;101
8;1;376244;06/12/2005;101
8;1;376245;07/12/2005;101
8;1;376246;07/12/2005;101
8;1;376247;09/12/2005;101
8;1;376249;13/12/2005;101
8;1;376250;19/12/2005;101
8;1;376251;13/12/2005;101
8;1;376252;13/12/2005;101
8;1;376253;13/12/2005;101
8;1;376254;13/12/2005;101
8;1;376255;13/12/2005;101
8;1;376256;01/12/2005;101
8;1;376257;01/12/2005;101
8;1;376258;13/12/2005;101
8;1;376259;13/12/2005;101
8;1;376260;01/12/2005;101
8;1;376261;13/12/2005;101
8;1;376262;07/12/2005;101
8;1;376263;12/12/2005;101
8;1;376264;13/12/2005;101
8;1;376265;13/12/2005;101
8;1;376266;13/12/2005;101
8;1;376267;13/12/2005;101
4;1;376268;01/12/2005;101
8;1;376268;01/12/2005;101
8;1;376269;01/12/2005;101
8;1;376270;12/12/2005;101
8;1;376271;13/12/2005;101
8;1;376272;05/12/2005;101
8;1;376273;07/12/2005;101
8;1;376274;01/12/2005;101
8;1;376275;13/12/2005;101
8;1;376276;01/12/2005;101
8;1;376277;13/12/2005;101
8;1;376278;13/12/2005;101
8;1;376279;05/12/2005;101
8;1;376280;13/12/2005;101
8;1;376281;13/12/2005;101
8;1;376282;13/12/2005;101
8;1;376283;13/12/2005;101
8;1;376284;02/12/2005;101
8;1;376285;13/12/2005;101
8;1;376286;13/12/2005;101
8;1;376287;13/12/2005;101
8;1;376288;13/12/2005;101
8;1;376289;13/12/2005;101
8;1;376290;13/12/2005;101
8;1;376291;13/12/2005;101
8;1;376292;01/12/2005;101
8;1;376293;01/12/2005;101
8;1;376294;01/12/2005;101
8;1;376295;13/12/2005;101
8;1;376296;13/12/2005;101
8;1;376297;13/12/2005;101
8;1;376298;13/12/2005;101
8;1;376299;13/12/2005;101
8;1;376300;13/12/2005;101
8;1;376301;13/12/2005;101
8;1;376302;13/12/2005;101
8;1;376303;13/12/2005;101
8;1;376304;13/12/2005;101
8;1;376305;13/12/2005;101
276;1;376306;15/12/2005;101
8;1;376307;20/12/2005;101
8;1;376308;21/12/2005;101
8;1;376309;13/12/2005;101
8;1;376310;04/01/2006;101
8;1;376311;02/01/2006;101
8;1;376312;02/01/2006;101
8;1;376313;02/01/2006;101
8;1;376314;02/01/2006;101
8;1;376315;02/01/2006;101
8;1;376316;04/01/2006;101
8;1;376317;04/01/2006;101
8;1;376318;04/01/2006;101
8;1;376319;05/01/2006;101
8;1;376320;02/01/2006;101
4;1;376321;09/01/2006;101
8;1;376322;02/01/2006;101
8;1;376323;02/01/2006;101
8;1;376324;02/01/2006;101
8;1;376325;05/01/2006;101
8;1;376326;02/01/2006;101
8;1;376327;02/01/2006;101
8;1;376328;02/01/2006;101
8;1;376329;02/01/2006;101
8;1;376330;02/01/2006;101
8;1;376331;02/01/2006;101
8;1;376332;03/01/2006;101
8;1;376333;03/01/2006;101
8;1;376334;04/01/2006;101
8;1;376335;04/01/2006;101
8;1;376336;05/01/2006;101
8;1;376337;05/01/2006;101
8;1;376338;05/01/2006;101
8;1;376339;02/01/2006;101
8;1;376340;05/01/2006;101
8;1;376341;05/01/2006;101
8;1;376342;10/01/2006;101
8;1;376343;10/01/2006;101
4;1;376344;19/01/2006;101
276;1;376346;16/01/2006;101
8;1;376347;20/01/2006;101
8;1;376348;13/01/2006;101
8;1;376349;25/01/2006;101
8;1;376350;23/01/2006;101
8;1;376351;19/01/2006;101
4;1;376352;01/02/2006;101
8;1;376353;06/03/2006;103
8;1;376354;01/02/2006;101
8;1;376355;01/02/2006;101
8;1;376356;01/02/2006;101
8;1;376357;01/02/2006;101
8;1;376358;01/02/2006;101
8;1;376359;01/02/2006;101
8;1;376360;01/02/2006;101
8;1;376361;01/02/2006;101
8;1;376362;01/02/2006;101
8;1;376363;01/02/2006;101
8;1;376364;04/02/2006;101
8;1;376365;04/02/2006;101
8;1;376366;01/03/2006;103
8;1;376367;04/02/2006;101
8;1;376368;06/02/2006;101
8;1;376369;08/02/2006;101
8;1;376370;08/02/2006;101
8;1;376371;07/02/2006;101
8;1;376372;08/02/2006;101
8;1;376373;10/02/2006;101
8;1;376374;10/02/2006;101
8;1;376375;10/02/2006;101
4;1;376376;17/02/2006;101
8;1;376377;08/02/2006;101
8;1;376378;11/02/2006;101
8;1;376379;14/02/2006;101
8;1;376380;15/02/2006;101
8;1;376381;15/02/2006;101
8;1;376382;15/02/2006;101
8;1;376383;06/02/2006;101
276;1;376384;09/02/2006;101
8;1;376385;16/02/2006;101
8;1;376386;17/02/2006;101
8;1;376387;22/02/2006;101
8;1;376388;22/02/2006;101
8;1;376389;22/02/2006;101
8;1;376390;06/02/2006;103
8;1;376391;06/02/2006;103
8;1;376392;06/02/2006;103
8;1;376393;06/02/2006;103
8;1;376394;06/02/2006;103
8;1;376395;06/02/2006;103
8;1;376396;06/02/2006;103
8;1;376397;06/02/2006;103
8;1;376399;06/02/2006;101
8;1;376400;23/02/2006;101
8;1;376401;06/02/2006;101
8;1;376402;06/02/2006;101
8;1;376403;06/02/2006;101
8;1;376404;06/02/2006;101
8;1;376405;06/02/2006;101
8;1;376406;06/02/2006;101
8;1;376407;06/02/2006;101
8;1;376408;06/03/2006;103
8;1;376409;06/03/2006;103
8;1;376410;06/03/2006;103
8;1;376411;06/03/2006;103
8;1;376412;13/03/2006;103
8;1;376413;01/03/2006;101
8;1;376414;01/03/2006;101
8;1;376415;01/03/2006;101
4;1;376416;14/03/2006;101
8;1;376417;01/03/2006;101
4;1;376418;14/03/2006;101
4;1;376419;13/03/2006;101
8;1;376420;01/03/2006;101
8;1;376421;04/03/2006;101
8;1;376422;04/03/2006;101
8;1;376423;06/03/2006;101
8;1;376424;06/03/2006;101
8;1;376425;07/03/2006;101
8;1;376426;07/03/2006;101
8;1;376427;07/03/2006;101
8;1;376428;09/03/2006;101
8;1;376429;09/03/2006;101
8;1;376430;09/03/2006;101
8;1;376431;09/03/2006;101
8;1;376432;09/03/2006;101
8;1;376433;09/03/2006;101
8;1;376434;09/03/2006;101
8;1;376435;13/03/2006;101
8;1;376436;13/03/2006;101
8;1;376437;09/03/2006;101
8;1;376438;09/03/2006;101
8;1;376439;09/03/2006;101
8;1;376440;09/03/2006;101
8;1;376441;09/03/2006;101
8;1;376442;09/03/2006;101
8;1;376443;09/03/2006;101
8;1;376444;09/03/2006;101
8;1;376445;09/03/2006;101
8;1;376446;13/03/2006;101
8;1;376447;09/03/2006;101
8;1;376448;15/03/2006;101
8;1;376449;16/03/2006;101
8;1;376450;20/03/2006;101
8;1;376451;16/03/2006;101
8;1;376452;20/03/2006;101
8;1;376453;06/03/2006;101
8;1;376454;06/03/2006;101
8;1;376455;23/03/2006;101
8;1;376456;21/03/2006;101
8;1;376457;20/03/2006;101
8;1;376458;06/03/2006;101
8;1;376459;23/03/2006;101
8;1;376460;22/03/2006;101
8;1;376461;06/03/2006;101
8;1;376462;06/03/2006;101
8;1;376463;23/03/2006;101
8;1;376464;01/04/2006;103
8;1;376465;01/04/2006;101
8;1;376466;01/04/2006;101
8;1;376467;01/04/2006;101
8;1;376468;01/04/2006;101
8;1;376469;03/04/2006;101
8;1;376470;03/04/2006;101
8;1;376471;03/04/2006;101
8;1;376472;04/04/2006;101
8;1;376473;04/04/2006;101
8;1;376474;05/04/2006;101
8;1;376475;06/04/2006;101
8;1;376476;07/04/2006;101
8;1;376477;07/04/2006;101
8;1;376478;08/04/2006;101
8;1;376479;10/04/2006;101
8;1;376480;10/04/2006;101
8;1;376481;10/04/2006;101
8;1;376482;10/04/2006;101
8;1;376483;11/04/2006;101
8;1;376484;12/04/2006;101
8;1;376485;12/04/2006;101
8;1;376486;11/04/2006;101
8;1;376487;15/04/2006;101
8;1;376488;03/04/2006;101
8;1;376489;03/04/2006;101
8;1;376490;03/04/2006;101
8;1;376491;17/04/2006;101
8;1;376492;13/04/2006;101
8;1;376493;12/04/2006;101
8;1;376494;12/04/2006;101
8;1;376495;15/04/2006;101
8;1;376496;17/04/2006;101
8;1;376497;24/04/2006;101
8;1;376498;24/04/2006;101
8;1;376499;04/04/2006;103
8;1;376500;24/04/2006;101
8;1;376501;02/05/2006;101
8;1;376502;02/05/2006;101
8;1;376503;02/05/2006;101
8;1;376504;04/05/2006;101
8;1;376505;02/05/2006;101
8;1;376506;02/05/2006;101
8;1;376507;02/05/2006;101
8;1;376508;02/05/2006;101
8;1;376509;03/05/2006;101
8;1;376510;03/05/2006;101
8;1;376511;04/05/2006;101
8;1;376512;09/05/2006;101
8;1;376513;04/05/2006;101
8;1;376514;02/05/2006;101
8;1;376515;04/05/2006;101
8;1;376516;04/05/2006;101
8;1;376517;05/05/2006;101
8;1;376518;05/05/2006;101
8;1;376519;16/05/2006;101
8;1;376520;16/05/2006;101
8;1;376521;05/05/2006;101
8;1;376522;05/05/2006;101
8;1;376523;05/05/2006;101
8;1;376524;09/05/2006;101
8;1;376525;11/05/2006;101
8;1;376526;12/05/2006;101
8;1;376527;11/05/2006;101
8;1;376528;12/05/2006;101
8;1;376529;15/05/2006;101
8;1;376530;15/05/2006;101
8;1;376531;02/05/2006;101
8;1;376532;02/05/2006;101
8;1;376533;04/05/2006;101
8;1;376534;05/05/2006;101
8;1;376535;12/05/2006;101
4;1;376536;25/05/2006;101
8;1;376537;15/05/2006;101
8;1;376538;24/05/2006;101
8;1;376539;24/05/2006;101
8;1;376540;01/05/2006;101
8;1;376541;25/05/2006;101
8;1;376542;04/05/2006;101
276;1;376543;02/05/2006;101
276;1;376544;02/05/2006;101
276;1;376545;02/05/2006;101
8;1;376546;01/06/2006;103
8;1;376547;01/06/2006;101
8;1;376548;05/06/2006;101
8;1;376549;01/06/2006;101
8;1;376550;01/06/2006;101
8;1;376551;01/06/2006;101
8;1;376552;01/06/2006;101
8;1;376553;01/06/2006;101
8;1;376554;01/06/2006;101
8;1;376555;01/06/2006;101
8;1;376556;01/06/2006;101
8;1;376557;01/06/2006;101
8;1;376558;01/06/2006;101
8;1;376559;01/06/2006;101
8;1;376560;01/06/2006;101
282;1;376560;01/06/2006;101
8;1;376561;01/06/2006;101
8;1;376562;01/06/2006;101
8;1;376563;01/06/2006;101
8;1;376564;01/06/2006;101
8;1;376565;01/06/2006;101
8;1;376566;01/06/2006;101
8;1;376567;01/06/2006;101
8;1;376568;01/06/2006;101
8;1;376569;01/06/2006;101
8;1;376570;01/06/2006;101
8;1;376571;01/06/2006;101
8;1;376572;01/06/2006;101
8;1;376573;01/06/2006;101
8;1;376574;01/06/2006;101
8;1;376575;01/06/2006;101
8;1;376576;01/06/2006;101
8;1;376577;01/06/2006;101
8;1;376578;02/06/2006;101
8;1;376579;05/06/2006;101
8;1;376580;06/06/2006;101
8;1;376581;07/06/2006;101
8;1;376582;08/06/2006;101
8;1;376583;08/06/2006;101
8;1;376584;09/06/2006;101
8;1;376585;12/06/2006;101
8;1;376586;09/06/2006;101
8;1;376587;09/06/2006;101
8;1;376588;10/06/2006;101
8;1;376589;08/06/2006;101
8;1;376590;01/06/2006;101
8;1;376591;01/06/2006;101
8;1;376592;01/06/2006;101
8;1;376593;05/06/2006;101
8;1;376594;05/06/2006;101
8;1;376595;05/06/2006;101
8;1;376596;06/06/2006;101
8;1;376597;06/06/2006;101
8;1;376598;08/06/2006;101
8;1;376599;12/06/2006;101
8;1;376600;07/06/2006;101
8;1;376601;07/06/2006;101
8;1;376602;09/06/2006;101
8;1;376603;09/06/2006;101
8;1;376604;09/06/2006;101
8;1;376605;17/06/2006;101
8;1;376606;01/06/2006;101
8;1;376607;05/06/2006;101
8;1;376608;07/06/2006;101
8;1;376609;19/06/2006;101
8;1;376610;19/06/2006;101
8;1;376611;19/06/2006;101
8;1;376612;01/06/2006;101
8;1;376613;10/06/2006;101
8;1;376615;19/06/2006;101
8;1;376616;07/06/2006;101
8;1;376617;19/06/2006;101
8;1;376618;07/06/2006;101
8;1;376619;19/06/2006;101
8;1;376620;07/06/2006;101
8;1;376621;19/06/2006;101
276;1;376623;01/06/2006;101
8;1;376624;17/06/2006;101
8;1;376625;19/06/2006;101
8;1;376626;19/06/2006;101
8;1;376627;20/06/2006;101
8;1;376628;08/06/2006;101
8;1;376629;08/06/2006;101
4;1;376630;22/06/2006;103
4;1;376631;22/06/2006;103
8;1;376632;22/06/2006;103
8;1;376633;22/06/2006;103
8;1;376634;22/06/2006;103
8;1;376635;03/07/2006;103
8;1;376636;03/07/2006;103
8;1;376637;03/07/2006;103
8;1;376638;03/07/2006;103
8;1;376639;01/07/2006;101
8;1;376640;01/07/2006;101
8;1;376641;01/07/2006;101
8;1;376642;01/07/2006;101
8;1;376643;01/07/2006;101
8;1;376644;01/07/2006;101
8;1;376645;01/07/2006;101
8;1;376646;03/07/2006;101
8;1;376647;03/07/2006;101
8;1;376648;05/07/2006;101
8;1;376649;01/07/2006;101
8;1;376650;01/07/2006;101
8;1;376651;11/07/2006;101
8;1;376652;03/07/2006;101
8;1;376653;07/07/2006;101
8;1;376654;12/07/2006;101
8;1;376655;05/07/2006;101
8;1;376656;05/07/2006;101
8;1;376657;03/07/2006;101
8;1;376658;14/07/2006;101
8;1;376659;11/07/2006;101
8;1;376660;03/07/2006;101
8;1;376661;11/07/2006;101
8;1;376662;12/07/2006;101
8;1;376663;03/07/2006;101
8;1;376664;12/07/2006;101
8;1;376665;03/07/2006;101
8;1;376666;12/07/2006;101
8;1;376667;03/07/2006;101
8;1;376668;10/07/2006;101
8;1;376669;03/07/2006;101
8;1;376670;03/07/2006;101
8;1;376671;07/07/2006;101
8;1;376672;05/07/2006;101
8;1;376673;14/07/2006;101
8;1;376674;14/07/2006;101
8;1;376675;20/07/2006;101
8;1;376676;01/07/2006;101
8;1;376678;17/07/2006;101
8;1;376679;17/07/2006;101
8;1;376680;17/07/2006;101
8;1;376681;01/07/2006;101
8;1;376682;13/07/2006;101
8;1;376683;17/07/2006;101
8;1;376684;14/07/2006;101
8;1;376685;03/07/2006;101
8;1;376686;05/07/2006;101
8;1;376687;01/07/2006;101
8;1;376688;06/07/2006;101
8;1;376689;20/07/2006;101
8;1;376690;20/07/2006;101
8;1;376691;17/07/2006;103
8;1;376692;20/07/2006;101
8;1;376693;18/07/2006;101
8;1;376694;19/07/2006;101
8;1;376695;03/07/2006;101
8;1;376696;24/07/2006;101
8;1;376697;24/07/2006;101
8;1;376698;24/07/2006;101
8;1;376699;24/07/2006;101
8;1;376700;24/07/2006;101
8;1;376701;24/07/2006;101
8;1;376702;24/07/2006;101
8;1;376703;24/07/2006;101
8;1;376704;24/07/2006;101
8;1;376705;24/07/2006;101
8;1;376706;24/07/2006;101
8;1;376707;24/07/2006;101
8;1;376708;10/07/2006;101
8;1;376709;11/07/2006;101
8;1;376710;24/07/2006;101
8;1;376711;24/07/2006;101
8;1;376712;24/07/2006;101
8;1;376713;25/07/2006;101
8;1;376714;19/07/2006;101
8;1;376715;01/08/2006;101
8;1;376716;01/08/2006;101
8;1;376717;01/08/2006;101
8;1;376718;01/08/2006;101
8;1;376719;01/08/2006;101
8;1;376720;01/08/2006;101
8;1;376721;01/08/2006;101
8;1;376722;01/08/2006;101
8;1;376723;01/08/2006;101
8;1;376724;01/08/2006;101
8;1;376725;01/08/2006;101
8;1;376726;01/08/2006;101
8;1;376727;01/08/2006;101
8;1;376728;01/08/2006;101
8;1;376729;01/08/2006;101
8;1;376730;01/08/2006;101
8;1;376731;01/08/2006;101
8;1;376732;03/08/2006;101
8;1;376733;01/08/2006;101
8;1;376734;01/08/2006;101
8;1;376735;03/08/2006;101
8;1;376736;03/08/2006;101
8;1;376737;03/08/2006;101
8;1;376738;03/08/2006;101
8;1;376739;03/08/2006;101
8;1;376740;04/08/2006;101
8;1;376741;05/08/2006;101
8;1;376742;07/08/2006;103
8;1;376743;07/08/2006;101
8;1;376744;07/08/2006;101
8;1;376745;07/08/2006;101
8;1;376746;07/08/2006;101
276;1;376747;07/08/2006;101
276;1;376748;07/08/2006;101
8;1;376749;07/08/2006;101
8;1;376750;08/08/2006;101
8;1;376751;08/08/2006;101
8;1;376752;08/08/2006;101
8;1;376753;08/08/2006;101
8;1;376754;08/08/2006;101
8;1;376755;08/08/2006;101
8;1;376756;09/08/2006;101
8;1;376757;10/08/2006;101
8;1;376758;10/08/2006;101
8;1;376759;10/08/2006;101
8;1;376760;10/08/2006;101
8;1;376761;10/08/2006;101
8;1;376762;10/08/2006;101
8;1;376763;11/08/2006;101
8;1;376764;11/08/2006;101
8;1;376765;11/08/2006;101
8;1;376766;11/08/2006;101
8;1;376767;11/08/2006;101
8;1;376768;14/08/2006;101
8;1;376769;15/08/2006;101
8;1;376770;15/08/2006;101
8;1;376771;15/08/2006;101
8;1;376772;15/08/2006;101
8;1;376773;16/08/2006;101
8;1;376774;16/08/2006;101
8;1;376775;17/08/2006;101
8;1;376776;17/08/2006;101
8;1;376777;17/08/2006;101
8;1;376778;18/08/2006;101
8;1;376779;18/08/2006;101
8;1;376780;18/08/2006;101
276;1;376781;21/08/2006;101
8;1;376782;19/08/2006;101
8;1;376783;28/08/2006;101
8;1;376784;28/08/2006;101
8;1;376785;28/08/2006;101
8;1;376786;28/08/2006;101
8;1;376787;28/08/2006;101
8;1;376788;22/08/2006;101
8;1;376789;25/08/2006;101
8;1;376790;25/08/2006;101
276;1;376791;22/08/2006;101
8;1;376792;01/08/2006;722
8;1;376793;22/08/2006;101
8;1;376794;23/08/2006;101
8;1;376795;28/08/2006;101
8;1;376796;28/08/2006;101
8;1;376797;28/08/2006;101
8;1;376798;28/08/2006;101
8;1;376799;28/08/2006;101
8;1;376800;28/08/2006;101
8;1;376801;28/08/2006;101
8;1;376802;01/09/2006;101
8;1;376803;01/09/2006;101
8;1;376804;01/09/2006;101
8;1;376805;01/09/2006;101
8;1;376806;01/09/2006;101
8;1;376807;01/09/2006;101
8;1;376808;01/09/2006;101
8;1;376809;01/09/2006;101
8;1;376810;01/09/2006;101
8;1;376811;01/09/2006;101
8;1;376812;01/09/2006;101
8;1;376813;01/09/2006;101
8;1;376814;04/09/2006;101
8;1;376815;05/09/2006;101
8;1;376816;05/09/2006;101
8;1;376817;04/09/2006;101
8;1;376818;04/09/2006;101
8;1;376819;06/09/2006;101
8;1;376820;08/09/2006;101
8;1;376821;08/09/2006;101
8;1;376822;06/09/2006;101
8;1;376823;01/09/2006;101
8;1;376824;01/09/2006;103
8;1;376825;05/09/2006;101
8;1;376826;13/09/2006;101
4;1;376827;01/09/2006;101
8;1;376828;11/09/2006;101
8;1;376829;11/09/2006;101
8;1;376830;12/09/2006;101
8;1;376831;08/09/2006;101
4;1;376832;01/09/2006;101
8;1;376833;08/09/2006;101
8;1;376834;08/09/2006;101
276;1;376835;08/09/2006;101
8;1;376836;08/09/2006;101
8;1;376837;09/09/2006;101
8;1;376838;12/09/2006;101
8;1;376839;13/09/2006;101
8;1;376840;01/09/2006;101
8;1;376841;18/09/2006;101
8;1;376842;19/09/2006;101
8;1;376843;18/09/2006;101
8;1;376844;15/09/2006;101
8;1;376845;15/09/2006;101
8;1;376846;15/09/2006;101
8;1;376847;25/09/2006;101
8;1;376848;25/09/2006;101
8;1;376849;25/09/2006;101
8;1;376850;25/09/2006;101
8;1;376851;21/09/2006;101
8;1;376852;22/09/2006;101
8;1;376853;20/09/2006;101
8;1;376854;25/09/2006;101
8;1;376855;21/09/2006;103
8;1;376856;26/09/2006;101
8;1;376857;26/09/2006;101
8;1;376858;26/09/2006;101
8;1;376859;26/09/2006;101
4;1;376860;02/10/2006;101
4;1;376861;06/10/2006;101
8;1;376862;10/10/2006;101
4;1;376862;10/10/2006;101
8;1;376863;02/10/2006;101
8;1;376864;02/10/2006;101
8;1;376865;02/10/2006;101
8;1;376866;02/10/2006;101
8;1;376867;02/10/2006;101
8;1;376868;02/10/2006;101
8;1;376869;02/10/2006;101
8;1;376870;02/10/2006;101
8;1;376871;02/10/2006;101
8;1;376872;02/10/2006;101
8;1;376873;02/10/2006;101
8;1;376874;02/10/2006;101
8;1;376875;02/10/2006;101
8;1;376876;02/10/2006;101
8;1;376877;02/10/2006;101
8;1;376878;03/10/2006;101
8;1;376879;09/10/2006;101
8;1;376880;05/10/2006;101
8;1;376881;10/10/2006;101
8;1;376882;10/10/2006;101
8;1;376883;03/10/2006;101
8;1;376884;03/10/2006;101
8;1;376885;03/10/2006;101
8;1;376886;03/10/2006;101
8;1;376887;04/10/2006;101
8;1;376888;04/10/2006;101
8;1;376889;06/10/2006;101
8;1;376890;06/10/2006;101
8;1;376891;09/10/2006;101
8;1;376892;09/10/2006;101
8;1;376893;09/10/2006;101
8;1;376894;10/10/2006;101
8;1;376895;13/10/2006;101
8;1;376896;15/10/2006;101
8;1;376897;18/10/2006;101
8;1;376898;14/10/2006;101
8;1;376899;17/10/2006;101
8;1;376900;17/10/2006;101
8;1;376901;17/10/2006;101
8;1;376902;18/10/2006;101
8;1;376903;19/10/2006;101
8;1;376904;19/10/2006;101
8;1;376905;16/10/2006;101
8;1;376906;16/10/2006;101
8;1;376907;16/10/2006;101
8;1;376908;16/10/2006;101
8;1;376909;20/10/2006;101
8;1;376910;16/10/2006;101
8;1;376911;16/10/2006;101
8;1;376912;16/10/2006;101
8;1;376913;16/10/2006;101
8;1;376914;16/10/2006;101
8;1;376915;16/10/2006;101
8;1;376916;16/10/2006;101
8;1;376917;16/10/2006;101
8;1;376918;16/10/2006;101
8;1;376919;16/10/2006;101
8;1;376920;16/10/2006;101
8;1;376921;16/10/2006;101
8;1;376922;16/10/2006;101
8;1;376923;16/10/2006;103
8;1;376924;25/10/2006;101
8;1;376925;24/10/2006;101
8;1;376926;26/10/2006;101
8;1;376927;25/10/2006;101
8;1;376928;03/11/2006;101
8;1;376929;01/11/2006;101
8;1;376930;06/11/2006;101
8;1;376931;01/11/2006;101
8;1;376932;01/11/2006;101
8;1;376933;01/11/2006;101
8;1;376934;01/11/2006;101
8;1;376935;01/11/2006;101
8;1;376936;01/11/2006;101
8;1;376937;01/11/2006;101
8;1;376938;01/11/2006;101
8;1;376939;01/11/2006;101
8;1;376940;09/11/2006;101
8;1;376941;01/11/2006;101
8;1;376942;01/11/2006;101
8;1;376943;03/11/2006;101
8;1;376944;03/11/2006;101
8;1;376945;03/11/2006;101
8;1;376946;03/11/2006;101
8;1;376947;03/11/2006;101
8;1;376948;03/11/2006;101
8;1;376949;03/11/2006;101
8;1;376950;03/11/2006;101
8;1;376951;03/11/2006;101
8;1;376952;06/11/2006;101
8;1;376953;06/11/2006;101
8;1;376954;03/11/2006;101
276;1;376955;06/11/2006;101
8;1;376956;07/11/2006;101
8;1;376957;07/11/2006;101
8;1;376958;10/11/2006;101
8;1;376959;10/11/2006;101
8;1;376960;11/11/2006;101
4;1;376962;13/11/2006;722
8;1;376963;13/11/2006;101
8;1;376964;11/11/2006;101
8;1;376965;14/11/2006;101
8;1;376966;14/11/2006;101
8;1;376967;14/11/2006;101
8;1;376968;14/11/2006;101
8;1;376969;16/11/2006;101
8;1;376970;16/11/2006;101
8;1;376971;16/11/2006;101
8;1;376972;16/11/2006;101
8;1;376973;16/11/2006;101
8;1;376974;16/11/2006;101
8;1;376975;17/11/2006;101
8;1;376976;17/11/2006;101
8;1;376977;13/11/2006;101
8;1;376979;20/11/2006;101
8;1;376980;13/11/2006;101
8;1;376981;13/11/2006;101
8;1;376982;20/11/2006;101
8;1;376983;18/11/2006;101
8;1;376984;20/11/2006;101
8;1;376985;16/11/2006;101
8;1;376986;16/11/2006;101
8;1;376987;20/11/2006;101
8;1;376988;20/11/2006;101
8;1;376989;18/11/2006;101
8;1;376990;23/11/2006;101
8;1;376991;24/11/2006;101
8;1;376992;01/12/2006;101
8;1;376993;04/12/2006;101
8;1;376994;04/12/2006;101
8;1;376995;01/12/2006;101
276;1;376995;01/12/2006;101
8;1;376996;01/12/2006;101
8;1;376997;01/12/2006;101
8;1;376998;01/12/2006;101
8;1;376999;01/12/2006;101
8;1;377000;01/12/2006;101
8;1;377001;01/12/2006;101
8;1;377002;01/12/2006;101
8;1;377003;01/12/2006;101
8;1;377004;01/12/2006;101
8;1;377005;01/12/2006;101
8;1;377006;01/12/2006;101
8;1;377007;01/12/2006;101
8;1;377008;01/12/2006;101
8;1;377009;01/12/2006;101
8;1;377010;01/12/2006;101
8;1;377011;01/12/2006;101
8;1;377012;01/12/2006;101
8;1;377013;01/12/2006;101
8;1;377014;01/12/2006;101
8;1;377015;01/12/2006;101
8;1;377016;01/12/2006;101
8;1;377017;01/12/2006;101
8;1;377018;01/12/2006;101
8;1;377019;01/12/2006;101
8;1;377020;01/12/2006;101
8;1;377021;02/12/2006;101
8;1;377022;04/12/2006;101
8;1;377023;04/12/2006;101
8;1;377024;04/12/2006;101
8;1;377025;04/12/2006;101
8;1;377026;05/12/2006;101
8;1;377027;05/12/2006;101
8;1;377028;05/12/2006;101
8;1;377029;11/12/2006;101
8;1;377030;11/12/2006;101
8;1;377031;11/12/2006;101
8;1;377032;11/12/2006;101
8;1;377033;11/12/2006;101
8;1;377034;11/12/2006;101
8;1;377035;11/12/2006;101
8;1;377036;11/12/2006;101
8;1;377037;11/12/2006;101
8;1;377038;11/12/2006;101
8;1;377039;04/12/2006;101
8;1;377040;11/12/2006;101
8;1;377041;11/12/2006;101
8;1;377042;11/12/2006;101
8;1;377043;05/12/2006;101
8;1;377044;11/12/2006;101
8;1;377045;07/12/2006;101
8;1;377046;11/12/2006;101
8;1;377047;11/12/2006;101
8;1;377048;07/12/2006;101
8;1;377049;11/12/2006;101
8;1;377050;11/12/2006;101
8;1;377051;07/12/2006;101
8;1;377052;11/12/2006;101
8;1;377053;11/12/2006;101
8;1;377054;11/12/2006;101
8;1;377055;07/12/2006;101
8;1;377056;11/12/2006;101
8;1;377057;08/12/2006;101
8;1;377058;08/12/2006;101
8;1;377059;12/12/2006;101
8;1;377060;11/12/2006;101
8;1;377061;11/12/2006;101
8;1;377062;12/12/2006;101
8;1;377063;08/12/2006;101
8;1;377064;11/12/2006;101
8;1;377065;08/12/2006;101
8;1;377066;14/12/2006;101
8;1;377067;18/12/2006;101
8;1;377068;14/12/2006;101
8;1;377069;14/12/2006;101
8;1;377070;14/12/2006;101
8;1;377071;16/12/2006;101
8;1;377072;16/12/2006;101
8;1;377073;18/12/2006;101
276;1;377074;19/12/2006;101
8;1;377075;20/12/2006;101
8;1;377076;20/12/2006;101
8;1;377077;22/12/2006;101
8;1;377078;02/01/2007;101
8;1;377079;02/01/2007;101
8;1;377080;05/01/2007;101
8;1;377081;02/01/2007;101
8;1;377082;02/01/2007;101
8;1;377083;02/01/2007;101
8;1;377084;02/01/2007;101
8;1;377085;02/01/2007;101
8;1;377086;03/01/2007;101
8;1;377087;03/01/2007;101
8;1;377088;03/01/2007;101
8;1;377089;03/01/2007;101
8;1;377090;04/01/2007;101
8;1;377091;04/01/2007;101
8;1;377092;04/01/2007;101
8;1;377093;05/01/2007;101
8;1;377094;10/01/2007;101
8;1;377095;12/01/2007;101
8;1;377096;12/01/2007;101
8;1;377097;15/01/2007;101
8;1;377098;17/01/2007;101
8;1;377099;18/01/2007;101
8;1;377100;22/01/2007;101
8;1;377101;29/01/2007;101
8;1;377102;18/01/2007;101
8;1;377103;15/01/2007;101
8;1;377104;15/01/2007;101
8;1;377105;15/01/2007;101
8;1;377106;15/01/2007;101
8;1;377107;15/01/2007;101
8;1;377108;15/01/2007;101
8;1;377109;15/01/2007;101
8;1;377110;15/01/2007;101
8;1;377111;15/01/2007;101
8;1;377112;15/01/2007;101
8;1;377113;15/01/2007;101
8;1;377114;15/01/2007;101
8;1;377115;22/01/2007;101
4;1;377116;19/01/2007;101
4;1;377117;18/01/2007;101
8;1;377118;29/01/2007;101
4;1;377119;01/02/2007;101
8;1;377120;01/02/2007;101
8;1;377121;01/02/2007;101
8;1;377122;01/02/2007;101
8;1;377123;01/02/2007;101
8;1;377124;01/02/2007;101
8;1;377125;01/02/2007;101
8;1;377126;01/02/2007;101
8;1;377127;01/02/2007;101
8;1;377128;01/02/2007;101
8;1;377129;01/02/2007;101
8;1;377130;01/02/2007;101
8;1;377131;01/02/2007;101
8;1;377132;01/02/2007;101
8;1;377133;01/02/2007;101
8;1;377134;01/02/2007;101
8;1;377135;01/02/2007;101
8;1;377136;01/02/2007;101
8;1;377137;05/02/2007;101
8;1;377138;05/02/2007;101
8;1;377139;05/02/2007;101
8;1;377140;06/02/2007;101
8;1;377141;06/02/2007;101
8;1;377142;22/02/2007;101
8;1;377143;05/02/2007;103
8;1;377144;05/02/2007;103
8;1;377145;05/02/2007;103
8;1;377146;05/02/2007;103
8;1;377147;05/02/2007;103
8;1;377148;05/02/2007;103
8;1;377149;05/02/2007;103
8;1;377150;05/02/2007;103
8;1;377151;05/02/2007;103
8;1;377152;05/02/2007;103
8;1;377153;05/02/2007;103
8;1;377154;05/02/2007;103
8;1;377155;05/02/2007;103
8;1;377156;05/02/2007;103
8;1;377157;12/02/2007;103
8;1;377158;12/02/2007;103
8;1;377159;12/02/2007;103
8;1;377160;12/02/2007;103
8;1;377161;12/02/2007;103
4;1;377162;05/02/2007;103
8;1;377163;07/02/2007;101
8;1;377164;07/02/2007;101
4;1;377165;12/02/2007;103
8;1;377166;07/02/2007;101
8;1;377167;09/02/2007;101
8;1;377168;09/02/2007;101
8;1;377169;09/02/2007;101
8;1;377170;12/02/2007;101
8;1;377171;09/02/2007;101
8;1;377172;12/02/2007;101
8;1;377173;12/02/2007;101
8;1;377174;12/02/2007;101
8;1;377175;12/02/2007;101
8;1;377176;14/02/2007;101
8;1;377177;13/02/2007;101
8;1;377178;13/02/2007;101
8;1;377179;13/02/2007;101
8;1;377180;13/02/2007;101
8;1;377182;21/02/2007;101
8;1;377183;21/02/2007;101
8;1;377184;13/02/2007;101
8;1;377185;19/02/2007;101
8;1;377186;13/02/2007;101
8;1;377187;19/02/2007;101
8;1;377188;12/02/2007;101
8;1;377189;12/02/2007;101
8;1;377190;17/02/2007;101
8;1;377191;12/02/2007;101
8;1;377192;21/02/2007;101
8;1;377193;19/02/2007;101
8;1;377194;21/02/2007;101
8;1;377195;21/02/2007;101
8;1;377196;22/02/2007;101
8;1;377197;23/02/2007;101
8;1;377198;23/02/2007;101
8;1;377199;26/02/2007;101
8;1;377200;01/03/2007;101
8;1;377201;01/03/2007;101
8;1;377202;01/03/2007;101
8;1;377203;01/03/2007;101
8;1;377204;07/03/2007;101
4;1;377205;01/03/2007;101
8;1;377206;01/03/2007;101
8;1;377207;01/03/2007;101
8;1;377208;02/03/2007;101
8;1;377209;05/03/2007;103
4;1;377210;01/03/2007;101
4;1;377211;01/03/2007;101
8;1;377212;12/03/2007;103
276;1;377213;02/03/2007;101
8;1;377214;03/03/2007;101
8;1;377215;02/03/2007;101
8;1;377216;12/03/2007;103
8;1;377217;12/03/2007;103
8;1;377218;05/03/2007;101
8;1;377219;05/03/2007;101
8;1;377220;06/03/2007;101
8;1;377221;06/03/2007;101
8;1;377222;05/03/2007;101
8;1;377223;06/03/2007;101
8;1;377224;06/03/2007;101
8;1;377225;06/03/2007;101
8;1;377226;06/03/2007;101
8;1;377227;07/03/2007;101
8;1;377228;08/03/2007;101
8;1;377229;08/03/2007;101
8;1;377230;08/03/2007;101
8;1;377231;10/03/2007;101
8;1;377232;09/03/2007;101
8;1;377233;09/03/2007;101
4;1;377234;12/03/2007;101
8;1;377235;10/03/2007;101
8;1;377236;12/03/2007;101
8;1;377237;12/03/2007;101
8;1;377238;12/03/2007;103
8;1;377239;16/03/2007;103
8;1;377240;13/03/2007;101
8;1;377241;13/03/2007;101
8;1;377242;13/03/2007;101
8;1;377243;13/03/2007;101
4;1;377244;13/03/2007;101
8;1;377245;15/03/2007;101
8;1;377246;15/03/2007;101
8;1;377247;15/03/2007;101
282;1;377248;15/03/2007;101
8;1;377248;15/03/2007;101
8;1;377249;19/03/2007;103
8;1;377250;19/03/2007;101
8;1;377251;19/03/2007;101
8;1;377252;20/03/2007;101
8;1;377253;19/03/2007;101
8;1;377254;20/03/2007;101
8;1;377255;21/03/2007;101
8;1;377256;21/03/2007;101
8;1;377257;20/03/2007;103
8;1;377258;20/03/2007;103
8;1;377259;20/03/2007;103
8;1;377260;22/03/2007;101
8;1;377261;22/03/2007;101
8;1;377262;22/03/2007;101
8;1;377263;20/03/2007;101
8;1;377264;26/03/2007;101
8;1;377265;26/03/2007;101
276;1;377266;02/04/2007;101
8;1;377267;02/04/2007;101
8;1;377268;02/04/2007;101
8;1;377269;02/04/2007;101
8;1;377270;02/04/2007;101
8;1;377271;02/04/2007;101
8;1;377272;02/04/2007;101
8;1;377273;02/04/2007;101
8;1;377274;02/04/2007;101
8;1;377275;02/04/2007;101
8;1;377276;02/04/2007;101
8;1;377277;02/04/2007;101
8;1;377278;05/04/2007;101
8;1;377279;03/04/2007;101
8;1;377280;04/04/2007;101
8;1;377281;03/04/2007;101
8;1;377282;02/04/2007;101
8;1;377283;02/04/2007;101
8;1;377284;02/04/2007;101
8;1;377285;02/04/2007;101
8;1;377286;16/04/2007;103
8;1;377287;16/04/2007;103
8;1;377288;09/04/2007;101
8;1;377289;09/04/2007;101
8;1;377290;09/04/2007;101
8;1;377291;09/04/2007;101
8;1;377292;09/04/2007;101
8;1;377293;09/04/2007;101
8;1;377294;09/04/2007;101
8;1;377295;09/04/2007;101
8;1;377296;09/04/2007;101
8;1;377297;07/04/2007;101
8;1;377298;09/04/2007;101
8;1;377299;09/04/2007;101
8;1;377300;09/04/2007;101
8;1;377301;10/04/2007;101
8;1;377302;01/04/2007;103
8;1;377303;12/04/2007;101
8;1;377304;16/04/2007;101
8;1;377305;12/04/2007;101
8;1;377306;17/04/2007;101
8;1;377307;17/04/2007;101
8;1;377308;16/04/2007;101
8;1;377309;20/04/2007;101
8;1;377310;18/04/2007;101
8;1;377311;18/04/2007;101
8;1;377312;23/04/2007;101
8;1;377313;23/04/2007;101
8;1;377315;23/04/2007;101
8;1;377316;23/04/2007;101
8;1;377317;23/04/2007;101
8;1;377318;23/04/2007;101
8;1;377319;23/04/2007;101
8;1;377320;23/04/2007;101
8;1;377321;23/04/2007;101
8;1;377322;23/04/2007;101
8;1;377323;23/04/2007;101
8;1;377324;23/04/2007;101
8;1;377325;23/04/2007;101
8;1;377326;23/04/2007;101
8;1;377327;23/04/2007;101
8;1;377328;23/04/2007;101
8;1;377329;10/04/2007;722
8;1;377330;25/04/2007;101
8;1;377331;10/04/2007;722
8;1;377332;02/05/2007;101
8;1;377333;02/05/2007;101
8;1;377334;02/05/2007;101
8;1;377335;02/05/2007;101
8;1;377336;02/05/2007;101
8;1;377337;02/05/2007;101
8;1;377338;02/05/2007;101
8;1;377339;02/05/2007;101
8;1;377340;03/05/2007;101
8;1;377341;02/05/2007;101
8;1;377342;02/05/2007;101
8;1;377343;02/05/2007;101
8;1;377344;02/05/2007;101
8;1;377345;02/05/2007;101
8;1;377346;02/05/2007;101
8;1;377347;03/05/2007;101
8;1;377348;03/05/2007;101
8;1;377349;07/05/2007;101
8;1;377350;08/05/2007;101
8;1;377351;08/05/2007;101
8;1;377352;08/05/2007;101
8;1;377353;08/05/2007;101
8;1;377354;07/05/2007;101
8;1;377356;09/05/2007;101
8;1;377357;09/05/2007;101
8;1;377358;09/05/2007;101
8;1;377359;10/05/2007;101
8;1;377360;10/05/2007;101
8;1;377361;10/05/2007;101
8;1;377362;10/05/2007;101
276;1;377363;10/05/2007;101
8;1;377364;10/05/2007;101
8;1;377365;10/05/2007;101
8;1;377366;10/05/2007;101
8;1;377367;14/05/2007;101
8;1;377368;15/05/2007;101
8;1;377369;21/05/2007;101
8;1;377370;19/05/2007;101
276;1;377371;21/05/2007;101
8;1;377372;21/05/2007;101
8;1;377373;22/05/2007;101
8;1;377374;28/05/2007;101
8;1;377375;24/05/2007;101
8;1;377376;23/05/2007;101
8;1;377377;01/05/2007;722
8;1;377378;24/05/2007;101
8;1;377379;01/06/2007;101
8;1;377380;01/06/2007;101
8;1;377381;01/06/2007;101
8;1;377382;01/06/2007;101
8;1;377383;01/06/2007;101
8;1;377384;01/06/2007;101
8;1;377385;01/06/2007;101
8;1;377386;01/06/2007;101
8;1;377387;08/06/2007;101
8;1;377388;01/06/2007;101
8;1;377389;01/06/2007;101
8;1;377390;01/06/2007;101
8;1;377391;01/06/2007;101
8;1;377392;01/06/2007;101
8;1;377393;04/06/2007;101
276;1;377394;01/06/2007;101
8;1;377395;05/06/2007;101
8;1;377396;05/06/2007;101
8;1;377397;11/06/2007;101
8;1;377398;04/06/2007;101
4;1;377399;04/06/2007;101
8;1;377400;04/06/2007;101
8;1;377401;04/06/2007;101
8;1;377402;04/06/2007;101
8;1;377403;04/06/2007;101
8;1;377404;04/06/2007;101
8;1;377405;04/06/2007;101
8;1;377406;05/06/2007;101
8;1;377407;06/06/2007;101
8;1;377408;05/06/2007;101
8;1;377409;08/06/2007;101
8;1;377410;08/06/2007;101
8;1;377411;09/06/2007;101
8;1;377412;11/06/2007;101
8;1;377413;10/06/2007;101
8;1;377414;11/06/2007;101
8;1;377415;01/06/2007;103
8;1;377416;09/06/2007;101
8;1;377417;09/06/2007;101
8;1;377418;08/06/2007;101
8;1;377419;08/06/2007;101
8;1;377420;09/06/2007;101
8;1;377421;09/06/2007;101
8;1;377423;13/06/2007;101
8;1;377424;13/06/2007;101
8;1;377425;15/06/2007;101
8;1;377426;15/06/2007;101
8;1;377427;15/06/2007;101
8;1;377428;18/06/2007;101
8;1;377429;19/06/2007;101
8;1;377430;20/06/2007;101
8;1;377431;20/06/2007;101
8;1;377432;21/06/2007;101
8;1;377433;19/06/2007;101
8;1;377434;19/06/2007;101
8;1;377435;22/06/2007;101
8;1;377436;25/06/2007;101
8;1;377437;25/06/2007;101
8;1;377438;25/06/2007;101
8;1;377439;25/06/2007;101
8;1;377440;25/06/2007;101
4;1;377441;25/06/2007;101
4;1;377442;25/06/2007;101
8;1;377443;25/06/2007;101
8;1;377444;25/06/2007;101
8;1;377445;25/06/2007;101
8;1;377446;25/06/2007;101
8;1;377447;20/06/2007;101
8;1;377448;02/07/2007;101
8;1;377449;02/07/2007;101
8;1;377450;02/07/2007;101
8;1;377451;02/07/2007;101
8;1;377452;02/07/2007;101
8;1;377453;03/07/2007;101
8;1;377454;02/07/2007;101
8;1;377455;02/07/2007;101
8;1;377456;02/07/2007;101
8;1;377457;02/07/2007;101
8;1;377458;04/07/2007;101
8;1;377459;04/07/2007;101
8;1;377460;03/07/2007;101
8;1;377461;02/07/2007;101
8;1;377462;02/07/2007;101
8;1;377463;02/07/2007;101
8;1;377464;03/07/2007;101
8;1;377465;02/07/2007;101
8;1;377466;02/07/2007;101
8;1;377467;02/07/2007;101
8;1;377468;02/07/2007;101
8;1;377469;02/07/2007;101
8;1;377470;02/07/2007;101
8;1;377471;02/07/2007;101
8;1;377472;02/07/2007;101
8;1;377473;02/07/2007;101
8;1;377474;06/07/2007;101
8;1;377475;09/07/2007;101
8;1;377476;09/07/2007;101
8;1;377477;07/07/2007;101
8;1;377478;10/07/2007;101
8;1;377480;10/07/2007;101
8;1;377481;07/07/2007;101
8;1;377482;03/07/2007;101
8;1;377483;06/07/2007;101
8;1;377484;09/07/2007;101
8;1;377485;10/07/2007;101
8;1;377486;06/07/2007;101
4;1;377487;12/07/2007;101
8;1;377488;11/07/2007;101
8;1;377489;09/07/2007;101
8;1;377490;10/07/2007;101
276;1;377491;03/07/2007;101
8;1;377492;09/07/2007;101
8;1;377493;10/07/2007;101
8;1;377494;12/07/2007;101
8;1;377495;16/07/2007;101
8;1;377496;09/07/2007;101
8;1;377497;12/07/2007;101
8;1;377498;12/07/2007;101
8;1;377499;10/07/2007;101
8;1;377500;02/07/2007;101
8;1;377501;02/07/2007;101
8;1;377502;02/07/2007;101
8;1;377503;07/07/2007;101
8;1;377504;14/07/2007;101
8;1;377505;18/07/2007;101
8;1;377506;19/07/2007;101
8;1;377507;05/07/2007;103
8;1;377508;20/07/2007;101
8;1;377509;09/07/2007;101
8;1;377510;09/07/2007;101
8;1;377511;23/07/2007;101
8;1;377512;20/07/2007;101
276;1;377513;13/07/2007;101
8;1;377514;23/07/2007;101
276;1;377516;20/07/2007;101
8;1;377517;23/07/2007;101
8;1;377518;24/07/2007;101
8;1;377519;24/07/2007;101
8;1;377520;23/07/2007;101
8;1;377521;23/07/2007;101
8;1;377522;23/07/2007;101
8;1;377523;23/07/2007;101
8;1;377524;23/07/2007;101
8;1;377525;23/07/2007;101
8;1;377526;23/07/2007;101
8;1;377527;23/07/2007;101
8;1;377528;23/07/2007;101
8;1;377529;23/07/2007;101
8;1;377530;23/07/2007;101
8;1;377531;23/07/2007;101
8;1;377532;23/07/2007;101
8;1;377533;23/07/2007;101
8;1;377534;23/07/2007;101
8;1;377535;25/07/2007;101
8;1;377536;24/07/2007;101
8;1;377537;26/07/2007;101
8;1;377538;26/07/2007;101
8;1;377539;23/07/2007;722
282;1;377540;01/07/2007;722
8;1;377541;01/08/2007;101
8;1;377542;01/08/2007;101
8;1;377543;01/08/2007;101
8;1;377544;01/08/2007;101
8;1;377545;01/08/2007;101
8;1;377546;01/08/2007;101
8;1;377547;01/08/2007;101
8;1;377548;01/08/2007;101
8;1;377549;01/08/2007;101
8;1;377550;01/08/2007;101
8;1;377551;01/08/2007;101
8;1;377552;01/08/2007;101
8;1;377553;01/08/2007;101
8;1;377554;01/08/2007;101
8;1;377555;01/08/2007;101
8;1;377556;01/08/2007;101
8;1;377557;13/08/2007;103
8;1;377558;13/08/2007;103
8;1;377559;13/08/2007;103
8;1;377560;13/08/2007;103
8;1;377561;13/08/2007;103
8;1;377562;03/08/2007;101
276;1;377563;02/08/2007;101
276;1;377564;02/08/2007;101
8;1;377565;02/08/2007;101
8;1;377566;02/08/2007;101
8;1;377567;02/08/2007;101
8;1;377568;03/08/2007;101
8;1;377569;06/08/2007;101
8;1;377570;08/08/2007;101
8;1;377571;06/08/2007;101
8;1;377572;06/08/2007;101
8;1;377573;06/08/2007;101
8;1;377574;06/08/2007;101
8;1;377575;08/08/2007;101
8;1;377576;09/08/2007;101
8;1;377577;10/08/2007;101
8;1;377578;10/08/2007;101
8;1;377579;13/08/2007;101
8;1;377580;13/08/2007;101
8;1;377581;10/08/2007;101
8;1;377582;10/08/2007;101
8;1;377583;10/08/2007;101
8;1;377584;10/08/2007;101
8;1;377585;14/08/2007;101
8;1;377586;15/08/2007;101
8;1;377587;15/08/2007;101
8;1;377588;20/08/2007;101
8;1;377589;20/08/2007;101
8;1;377590;20/08/2007;101
8;1;377591;20/08/2007;101
8;1;377592;17/08/2007;101
8;1;377593;17/08/2007;101
8;1;377594;20/08/2007;103
8;1;377595;14/08/2007;101
8;1;377596;20/08/2007;101
8;1;377597;20/08/2007;101
8;1;377598;06/08/2007;101
8;1;377599;06/08/2007;101
8;1;377600;06/08/2007;101
8;1;377601;06/08/2007;101
8;1;377602;06/08/2007;101
8;1;377603;06/08/2007;101
8;1;377604;06/08/2007;101
8;1;377605;06/08/2007;101
8;1;377606;06/08/2007;101
8;1;377607;13/08/2007;103
8;1;377608;20/08/2007;101
8;1;377609;17/08/2007;101
8;1;377610;17/08/2007;101
8;1;377611;17/08/2007;101
8;1;377612;20/08/2007;101
8;1;377613;20/08/2007;101
8;1;377614;20/08/2007;101
8;1;377615;20/08/2007;101
8;1;377616;20/08/2007;101
8;1;377617;23/08/2007;101
8;1;377618;23/08/2007;101
8;1;377619;22/08/2007;101
8;1;377620;24/08/2007;101
8;1;377621;01/09/2007;101
8;1;377622;01/09/2007;101
8;1;377623;01/09/2007;101
8;1;377624;01/09/2007;101
8;1;377625;01/09/2007;101
8;1;377626;01/09/2007;101
8;1;377627;01/09/2007;101
8;1;377628;01/09/2007;101
8;1;377629;01/09/2007;101
8;1;377630;01/09/2007;101
8;1;377631;01/09/2007;101
8;1;377632;03/09/2007;101
8;1;377633;01/09/2007;101
8;1;377634;03/09/2007;101
8;1;377635;03/09/2007;101
8;1;377636;05/09/2007;101
8;1;377637;04/09/2007;101
8;1;377638;01/09/2007;101
8;1;377639;01/09/2007;101
8;1;377640;11/09/2007;101
8;1;377641;03/09/2007;101
276;1;377642;03/09/2007;101
8;1;377643;06/09/2007;101
8;1;377644;11/09/2007;101
8;1;377645;06/09/2007;101
8;1;377646;06/09/2007;101
8;1;377647;06/09/2007;101
8;1;377648;05/09/2007;101
8;1;377649;03/09/2007;101
8;1;377650;03/09/2007;101
8;1;377651;08/09/2007;101
8;1;377652;11/09/2007;101
8;1;377653;11/09/2007;101
8;1;377654;11/09/2007;101
8;1;377655;03/09/2007;101
8;1;377656;03/09/2007;101
8;1;377657;03/09/2007;101
8;1;377658;03/09/2007;101
8;1;377659;13/09/2007;101
8;1;377660;13/09/2007;101
8;1;377661;13/09/2007;101
8;1;377662;14/09/2007;101
8;1;377663;14/09/2007;101
8;1;377664;14/09/2007;101
8;1;377665;14/09/2007;101
8;1;377666;14/09/2007;101
8;1;377667;17/09/2007;101
8;1;377668;17/09/2007;101
8;1;377669;18/09/2007;101
8;1;377670;18/09/2007;101
8;1;377671;18/09/2007;101
8;1;377672;18/09/2007;101
8;1;377673;18/09/2007;101
8;1;377674;18/09/2007;101
4;1;377675;18/09/2007;101
8;1;377676;18/09/2007;101
8;1;377677;21/09/2007;101
8;1;377678;17/09/2007;101
8;1;377679;17/09/2007;101
8;1;377680;17/09/2007;103
8;1;377681;17/09/2007;103
8;1;377682;18/09/2007;101
8;1;377684;21/09/2007;101
8;1;377685;21/09/2007;101
8;1;377686;21/09/2007;101
8;1;377687;21/09/2007;101
8;1;377688;24/09/2007;101
8;1;377689;22/09/2007;101
8;1;377690;24/09/2007;103
8;1;377691;24/09/2007;103
8;1;377692;01/10/2007;101
8;1;377693;01/10/2007;101
8;1;377694;01/10/2007;101
8;1;377695;01/10/2007;101
8;1;377696;01/10/2007;101
8;1;377697;01/10/2007;101
8;1;377698;01/10/2007;101
8;1;377699;01/10/2007;101
8;1;377700;01/10/2007;101
8;1;377701;02/10/2007;101
8;1;377702;02/10/2007;101
8;1;377703;02/10/2007;101
8;1;377704;02/10/2007;101
8;1;377705;02/10/2007;101
4;1;377706;09/10/2007;101
8;1;377707;01/10/2007;101
8;1;377708;01/10/2007;101
8;1;377709;01/10/2007;101
8;1;377710;01/10/2007;101
8;1;377711;01/10/2007;101
8;1;377712;01/10/2007;101
8;1;377713;01/10/2007;101
8;1;377714;01/10/2007;101
8;1;377715;01/10/2007;101
8;1;377716;01/10/2007;101
8;1;377717;01/10/2007;101
8;1;377718;01/10/2007;101
8;1;377719;01/10/2007;101
8;1;377720;01/10/2007;101
8;1;377721;01/10/2007;101
8;1;377722;01/10/2007;101
8;1;377723;01/10/2007;101
8;1;377724;01/10/2007;101
8;1;377725;01/10/2007;101
8;1;377726;02/10/2007;101
8;1;377727;02/10/2007;101
8;1;377728;03/10/2007;101
8;1;377729;03/10/2007;101
8;1;377730;03/10/2007;101
8;1;377731;05/10/2007;101
8;1;377732;04/10/2007;101
8;1;377733;05/10/2007;101
8;1;377734;01/10/2007;103
4;1;377735;08/10/2007;101
8;1;377735;08/10/2007;101
8;1;377736;09/10/2007;101
8;1;377737;15/10/2007;101
8;1;377738;15/10/2007;101
8;1;377739;18/10/2007;101
8;1;377740;01/10/2007;101
8;1;377741;01/10/2007;101
8;1;377742;01/10/2007;101
8;1;377743;01/10/2007;101
8;1;377744;01/10/2007;101
8;1;377745;01/10/2007;101
8;1;377746;04/10/2007;101
8;1;377747;04/10/2007;101
8;1;377748;04/10/2007;101
8;1;377749;05/10/2007;101
8;1;377750;04/10/2007;101
8;1;377751;08/10/2007;101
8;1;377752;04/10/2007;101
8;1;377753;09/10/2007;101
276;1;377754;09/10/2007;101
8;1;377755;10/10/2007;101
8;1;377756;10/10/2007;101
8;1;377757;10/10/2007;101
8;1;377758;10/10/2007;101
8;1;377759;10/10/2007;101
8;1;377760;11/10/2007;101
8;1;377761;16/10/2007;101
8;1;377762;11/10/2007;101
8;1;377763;13/10/2007;101
8;1;377764;16/10/2007;101
8;1;377765;15/10/2007;101
8;1;377766;15/10/2007;101
8;1;377767;17/10/2007;101
8;1;377768;18/10/2007;101
8;1;377769;18/10/2007;101
8;1;377770;18/10/2007;101
8;1;377771;25/10/2007;101
8;1;377772;19/10/2007;101
8;1;377773;22/10/2007;101
8;1;377774;22/10/2007;101
8;1;377775;22/10/2007;101
8;1;377776;22/10/2007;101
8;1;377777;22/10/2007;101
8;1;377778;22/10/2007;101
8;1;377779;22/10/2007;101
8;1;377780;22/10/2007;101
8;1;377781;22/10/2007;101
8;1;377782;22/10/2007;101
8;1;377783;22/10/2007;101
8;1;377784;22/10/2007;101
8;1;377785;22/10/2007;101
8;1;377786;22/10/2007;101
8;1;377787;22/10/2007;101
8;1;377788;22/10/2007;101
8;1;377789;22/10/2007;101
8;1;377790;22/10/2007;101
8;1;377791;22/10/2007;101
8;1;377792;22/10/2007;101
8;1;377793;22/10/2007;101
8;1;377794;22/10/2007;101
4;1;377795;01/11/2007;101
8;1;377795;01/11/2007;101
8;1;377796;01/11/2007;101
8;1;377797;01/11/2007;101
8;1;377798;01/11/2007;101
8;1;377799;05/11/2007;101
8;1;377800;07/11/2007;101
8;1;377801;05/11/2007;101
8;1;377802;05/11/2007;101
8;1;377803;05/11/2007;101
8;1;377804;01/11/2007;101
8;1;377805;01/11/2007;101
8;1;377806;01/11/2007;101
8;1;377807;05/11/2007;101
8;1;377808;01/11/2007;101
8;1;377809;06/11/2007;101
8;1;377810;08/11/2007;101
8;1;377811;08/11/2007;101
8;1;377812;08/11/2007;101
8;1;377813;01/11/2007;101
8;1;377814;01/11/2007;101
8;1;377815;01/11/2007;101
8;1;377816;01/11/2007;101
8;1;377817;01/11/2007;101
8;1;377818;01/11/2007;101
8;1;377819;06/11/2007;101
8;1;377820;01/11/2007;101
8;1;377821;01/11/2007;101
8;1;377822;01/11/2007;101
8;1;377823;01/11/2007;101
8;1;377824;01/11/2007;101
8;1;377825;01/11/2007;101
8;1;377826;01/11/2007;101
8;1;377827;01/11/2007;101
8;1;377828;01/11/2007;101
8;1;377829;03/11/2007;101
8;1;377830;05/11/2007;101
8;1;377831;05/11/2007;101
8;1;377832;05/11/2007;101
8;1;377833;05/11/2007;101
8;1;377834;07/11/2007;101
8;1;377835;07/11/2007;101
8;1;377836;08/11/2007;101
8;1;377837;08/11/2007;101
8;1;377838;05/11/2007;101
8;1;377839;05/11/2007;101
8;1;377840;05/11/2007;101
8;1;377841;07/11/2007;101
8;1;377842;08/11/2007;101
8;1;377843;08/11/2007;101
8;1;377844;08/11/2007;101
8;1;377845;08/11/2007;101
8;1;377846;08/11/2007;101
8;1;377847;08/11/2007;101
8;1;377848;08/11/2007;101
8;1;377849;08/11/2007;101
8;1;377850;12/11/2007;101
8;1;377851;12/11/2007;101
8;1;377852;12/11/2007;101
8;1;377853;12/11/2007;101
8;1;377854;12/11/2007;101
8;1;377855;12/11/2007;101
8;1;377856;12/11/2007;101
8;1;377857;01/11/2007;103
8;1;377858;12/11/2007;101
8;1;377859;14/11/2007;101
8;1;377860;16/11/2007;101
8;1;377861;10/11/2007;101
8;1;377862;14/11/2007;101
8;1;377863;14/11/2007;101
8;1;377864;12/11/2007;101
8;1;377865;14/11/2007;101
8;1;377866;16/11/2007;101
8;1;377867;16/11/2007;101
8;1;377868;19/11/2007;101
8;1;377869;19/11/2007;101
8;1;377870;26/11/2007;101
8;1;377871;12/11/2007;101
4;1;377872;19/11/2007;101
8;1;377873;01/11/2007;103
8;1;377874;19/11/2007;101
8;1;377875;20/11/2007;101
8;1;377876;20/11/2007;101
8;1;377877;28/11/2007;101
8;1;377878;16/11/2007;101
8;1;377879;20/11/2007;101
8;1;377880;20/11/2007;101
8;1;377881;20/11/2007;101
8;1;377882;20/11/2007;101
8;1;377883;21/11/2007;101
8;1;377884;22/11/2007;101
8;1;377885;20/11/2007;101
8;1;377886;20/11/2007;101
8;1;377887;21/11/2007;101
8;1;377888;21/11/2007;101
8;1;377889;21/11/2007;101
8;1;377890;21/11/2007;101
8;1;377891;21/11/2007;101
8;1;377892;21/11/2007;101
8;1;377893;22/11/2007;101
8;1;377894;22/11/2007;101
8;1;377895;22/11/2007;101
8;1;377896;22/11/2007;101
8;1;377897;27/11/2007;101
8;1;377898;28/11/2007;101
8;1;377899;01/12/2007;101
8;1;377900;01/12/2007;101
8;1;377901;06/12/2007;101
8;1;377902;01/12/2007;101
8;1;377903;01/12/2007;101
8;1;377904;01/12/2007;101
8;1;377905;01/12/2007;101
8;1;377906;01/12/2007;101
8;1;377907;01/12/2007;101
8;1;377908;01/12/2007;101
8;1;377909;01/12/2007;101
8;1;377910;01/12/2007;101
8;1;377911;01/12/2007;101
8;1;377912;01/12/2007;101
8;1;377913;01/12/2007;101
8;1;377914;03/12/2007;101
8;1;377915;03/12/2007;101
8;1;377916;11/12/2007;101
8;1;377917;11/12/2007;101
8;1;377918;11/12/2007;101
8;1;377919;01/12/2007;101
8;1;377920;03/12/2007;101
8;1;377921;03/12/2007;101
8;1;377922;03/12/2007;101
8;1;377923;04/12/2007;101
8;1;377924;04/12/2007;101
8;1;377925;04/12/2007;101
8;1;377926;04/12/2007;101
8;1;377927;04/12/2007;101
8;1;377928;04/12/2007;101
8;1;377929;04/12/2007;101
8;1;377930;05/12/2007;101
8;1;377931;04/12/2007;101
8;1;377932;06/12/2007;101
8;1;377933;10/12/2007;101
8;1;377934;11/12/2007;101
8;1;377935;11/12/2007;101
8;1;377936;11/12/2007;101
8;1;377937;11/12/2007;101
8;1;377938;06/12/2007;101
8;1;377939;06/12/2007;101
8;1;377940;07/12/2007;101
8;1;377941;07/12/2007;101
8;1;377942;10/12/2007;101
8;1;377943;11/12/2007;101
8;1;377944;11/12/2007;101
8;1;377945;11/12/2007;101
8;1;377946;11/12/2007;101
8;1;377947;18/12/2007;101
8;1;377948;12/12/2007;101
8;1;377949;11/12/2007;101
8;1;377950;11/12/2007;101
8;1;377951;15/12/2007;101
8;1;377952;17/12/2007;101
8;1;377953;15/12/2007;101
8;1;377954;18/12/2007;101
8;1;377955;18/12/2007;101
8;1;377956;19/12/2007;101
8;1;377957;20/12/2007;101
8;1;377958;18/12/2007;101
8;1;377959;20/12/2007;101
8;1;377960;26/12/2007;101
8;1;377961;02/01/2008;101
8;1;377962;02/01/2008;101
8;1;377963;02/01/2008;101
8;1;377964;02/01/2008;101
8;1;377965;03/01/2008;101
8;1;377966;08/01/2008;101
8;1;377967;03/01/2008;101
8;1;377968;04/01/2008;101
8;1;377969;08/01/2008;101
8;1;377970;09/01/2008;101
8;1;377971;03/01/2008;101
8;1;377972;07/01/2008;101
8;1;377973;10/01/2008;101
8;1;377974;11/01/2008;101
8;1;377975;11/01/2008;101
8;1;377976;15/01/2008;101
8;1;377977;14/01/2008;101
8;1;377978;14/01/2008;101
8;1;377979;18/01/2008;101
8;1;377980;25/01/2008;101
4;1;377981;21/01/2008;101
4;1;377982;21/01/2008;101
4;1;377983;21/01/2008;101
8;1;377984;18/01/2008;101
8;1;377985;18/01/2008;101
8;1;377986;21/01/2008;101
8;1;377987;21/01/2008;101
8;1;377988;21/01/2008;101
8;1;377989;21/01/2008;101
8;1;377990;21/01/2008;101
8;1;377991;22/01/2008;101
8;1;377992;22/01/2008;101
8;1;377993;22/01/2008;101
8;1;377994;23/01/2008;101
8;1;377995;23/01/2008;101
8;1;377996;15/01/2008;101
8;1;377997;01/02/2008;101
8;1;377998;01/02/2008;101
8;1;377999;01/02/2008;101
8;1;378000;01/02/2008;101
8;1;378001;01/02/2008;101
8;1;378002;01/02/2008;101
8;1;378003;01/02/2008;101
8;1;378004;01/02/2008;101
8;1;378005;06/02/2008;101
8;1;378006;06/02/2008;101
8;1;378007;06/02/2008;101
8;1;378008;06/02/2008;101
8;1;378009;06/02/2008;101
8;1;378010;06/02/2008;101
8;1;378011;06/02/2008;101
8;1;378012;07/02/2008;101
8;1;378013;07/02/2008;101
4;1;378014;11/02/2008;103
8;1;378015;07/02/2008;101
8;1;378016;07/02/2008;101
4;1;378017;11/02/2008;103
8;1;378018;07/02/2008;101
8;1;378019;07/02/2008;101
8;1;378020;07/02/2008;101
8;1;378021;08/02/2008;101
8;1;378022;11/02/2008;101
8;1;378023;11/02/2008;101
8;1;378024;11/02/2008;101
8;1;378025;11/02/2008;101
8;1;378026;11/02/2008;101
8;1;378027;18/02/2008;101
8;1;378028;15/02/2008;101
8;1;378029;18/02/2008;101
4;1;378030;18/02/2008;101
8;1;378031;12/02/2008;101
8;1;378032;13/02/2008;101
8;1;378033;13/02/2008;101
8;1;378034;13/02/2008;101
8;1;378035;14/02/2008;101
8;1;378036;15/02/2008;101
8;1;378037;15/02/2008;101
8;1;378038;19/02/2008;101
8;1;378039;18/02/2008;101
8;1;378040;18/02/2008;101
8;1;378041;18/02/2008;101
8;1;378042;18/02/2008;101
8;1;378043;18/02/2008;101
8;1;378044;18/02/2008;101
8;1;378045;19/02/2008;101
8;1;378046;19/02/2008;101
8;1;378047;19/02/2008;101
8;1;378048;11/02/2008;103
8;1;378049;11/02/2008;103
8;1;378050;11/02/2008;103
8;1;378051;11/02/2008;103
8;1;378052;11/02/2008;103
8;1;378053;11/02/2008;103
8;1;378054;11/02/2008;103
8;1;378055;11/02/2008;103
8;1;378056;11/02/2008;103
8;1;378057;11/02/2008;103
8;1;378058;11/02/2008;103
8;1;378059;11/02/2008;103
8;1;378060;11/02/2008;103
8;1;378061;11/02/2008;103
8;1;378062;11/02/2008;103
8;1;378063;11/02/2008;103
8;1;378064;11/02/2008;103
8;1;378065;11/02/2008;103
8;1;378066;21/02/2008;101
8;1;378067;22/02/2008;101
8;1;378068;21/02/2008;101
8;1;378069;22/02/2008;101
8;1;378070;22/02/2008;101
8;1;378071;22/02/2008;101
8;1;378072;10/03/2008;103
8;1;378073;10/03/2008;103
8;1;378074;01/03/2008;101
8;1;378075;01/03/2008;101
8;1;378076;01/03/2008;101
8;1;378077;01/03/2008;101
8;1;378078;01/03/2008;101
8;1;378079;01/03/2008;101
8;1;378080;01/03/2008;101
8;1;378081;01/03/2008;101
8;1;378082;01/03/2008;101
8;1;378083;01/03/2008;101
8;1;378084;01/03/2008;101
8;1;378085;01/03/2008;101
8;1;378086;01/03/2008;101
8;1;378087;01/03/2008;101
8;1;378088;01/03/2008;101
8;1;378089;03/03/2008;101
8;1;378090;03/03/2008;101
8;1;378091;03/03/2008;101
8;1;378092;10/03/2008;103
8;1;378093;03/03/2008;103
8;1;378094;03/03/2008;101
8;1;378095;03/03/2008;101
8;1;378096;03/03/2008;101
8;1;378097;03/03/2008;101
8;1;378098;04/03/2008;101
8;1;378099;04/03/2008;101
8;1;378100;04/03/2008;101
8;1;378101;05/03/2008;101
8;1;378102;05/03/2008;101
8;1;378103;06/03/2008;101
8;1;378104;06/03/2008;101
8;1;378105;10/03/2008;101
8;1;378106;10/03/2008;101
8;1;378107;03/03/2008;103
8;1;378108;11/03/2008;101
8;1;378109;11/03/2008;101
8;1;378110;12/03/2008;101
8;1;378111;12/03/2008;101
8;1;378112;12/03/2008;101
8;1;378113;13/03/2008;101
8;1;378114;13/03/2008;101
8;1;378115;13/03/2008;101
8;1;378116;14/03/2008;101
8;1;378117;17/03/2008;101
8;1;378118;10/03/2008;103
8;1;378119;10/03/2008;103
8;1;378120;10/03/2008;103
8;1;378121;10/03/2008;103
8;1;378122;10/03/2008;103
8;1;378123;10/03/2008;103
8;1;378124;14/03/2008;101
8;1;378125;17/03/2008;101
8;1;378126;10/03/2008;101
8;1;378127;17/03/2008;101
8;1;378128;10/03/2008;103
8;1;378129;17/03/2008;101
8;1;378130;17/03/2008;101
8;1;378131;18/03/2008;101
8;1;378132;19/03/2008;101
8;1;378133;18/03/2008;101
8;1;378134;18/03/2008;101
8;1;378135;18/03/2008;101
8;1;378136;17/03/2008;101
8;1;378137;19/03/2008;101
8;1;378138;10/03/2008;103
8;1;378139;10/03/2008;103
8;1;378140;17/03/2008;101
8;1;378141;17/03/2008;101
8;1;378142;17/03/2008;101
8;1;378143;17/03/2008;101
8;1;378144;17/03/2008;101
8;1;378145;20/03/2008;101
8;1;378146;20/03/2008;101
8;1;378147;17/03/2008;101
8;1;378148;20/03/2008;101
8;1;378149;20/03/2008;101
8;1;378150;18/03/2008;101
8;1;378151;10/03/2008;103
8;1;378152;10/03/2008;103
8;1;378153;10/03/2008;103
8;1;378154;10/03/2008;103
8;1;378155;25/03/2008;101
8;1;378156;25/03/2008;101
8;1;378157;25/03/2008;101
8;1;378158;10/03/2008;103
8;1;378159;01/04/2008;101
8;1;378160;01/04/2008;101
8;1;378161;01/04/2008;101
8;1;378162;01/04/2008;101
8;1;378163;01/04/2008;101
8;1;378164;01/04/2008;101
8;1;378165;01/04/2008;101
8;1;378166;01/04/2008;101
8;1;378167;01/04/2008;101
8;1;378168;01/04/2008;101
8;1;378169;01/04/2008;101
8;1;378170;01/04/2008;101
8;1;378171;01/04/2008;101
8;1;378172;01/04/2008;101
8;1;378173;01/04/2008;101
8;1;378174;02/04/2008;101
8;1;378175;02/04/2008;101
8;1;378176;03/04/2008;101
8;1;378177;03/04/2008;101
8;1;378178;03/04/2008;101
8;1;378179;03/04/2008;101
8;1;378181;03/04/2008;101
8;1;378182;03/04/2008;101
8;1;378183;04/04/2008;101
8;1;378184;04/04/2008;101
8;1;378185;04/04/2008;101
8;1;378186;07/04/2008;101
8;1;378187;04/04/2008;101
8;1;378188;01/04/2008;103
8;1;378189;01/04/2008;103
8;1;378190;08/04/2008;101
8;1;378191;08/04/2008;101
8;1;378192;08/04/2008;101
8;1;378193;08/04/2008;101
8;1;378194;08/04/2008;101
8;1;378195;08/04/2008;101
8;1;378196;10/04/2008;101
8;1;378197;11/04/2008;101
8;1;378198;11/04/2008;101
8;1;378199;11/04/2008;101
8;1;378200;12/04/2008;101
8;1;378201;14/04/2008;101
8;1;378202;14/04/2008;101
8;1;378203;15/04/2008;101
8;1;378204;12/04/2008;101
8;1;378205;11/04/2008;101
8;1;378206;07/04/2008;101
276;1;378207;16/04/2008;101
8;1;378208;15/04/2008;101
8;1;378209;15/04/2008;101
8;1;378210;15/04/2008;101
8;1;378211;10/04/2008;103
8;1;378212;17/04/2008;101
8;1;378213;17/04/2008;101
8;1;378214;17/04/2008;101
8;1;378215;17/04/2008;101
8;1;378216;17/04/2008;101
8;1;378217;17/04/2008;101
8;1;378218;15/04/2008;101
8;1;378219;17/04/2008;101
8;1;378220;14/04/2008;101
8;1;378221;14/04/2008;101
8;1;378222;14/04/2008;101
8;1;378223;14/04/2008;101
8;1;378224;14/04/2008;101
8;1;378225;22/04/2008;101
8;1;378226;22/04/2008;101
8;1;378227;14/04/2008;101
8;1;378228;22/04/2008;101
8;1;378229;17/04/2008;101
8;1;378230;18/04/2008;101
8;1;378231;19/04/2008;101
8;1;378232;17/04/2008;101
8;1;378233;23/04/2008;101
8;1;378234;23/04/2008;101
8;1;378235;10/04/2008;103
8;1;378236;10/04/2008;101
8;1;378237;14/04/2008;101
8;1;378238;23/04/2008;101
8;1;378239;23/04/2008;101
8;1;378240;23/04/2008;101
8;1;378241;24/04/2008;101
8;1;378242;01/04/2008;103
8;1;378243;08/04/2008;722
8;1;378244;25/04/2008;101
8;1;378245;28/04/2008;101
8;1;378246;05/05/2008;101
8;1;378247;05/05/2008;101
8;1;378248;02/05/2008;101
8;1;378249;05/05/2008;101
8;1;378250;02/05/2008;101
8;1;378251;02/05/2008;101
8;1;378252;05/05/2008;101
8;1;378253;02/05/2008;101
8;1;378254;03/05/2008;101
8;1;378255;05/05/2008;101
8;1;378256;05/05/2008;101
8;1;378257;02/05/2008;101
8;1;378258;06/05/2008;101
8;1;378259;06/05/2008;101
8;1;378260;07/05/2008;101
8;1;378261;08/05/2008;101
8;1;378262;12/05/2008;101
8;1;378263;09/05/2008;101
8;1;378264;14/05/2008;101
8;1;378265;08/05/2008;101
8;1;378266;09/05/2008;101
8;1;378267;12/05/2008;101
8;1;378268;08/05/2008;101
8;1;378269;09/05/2008;101
8;1;378270;10/05/2008;101
8;1;378271;12/05/2008;101
8;1;378272;13/05/2008;101
8;1;378273;13/05/2008;101
8;1;378274;12/05/2008;101
8;1;378275;02/05/2008;103
8;1;378276;12/05/2008;101
8;1;378277;15/05/2008;101
6;1;378278;15/05/2008;101
8;1;378278;15/05/2008;101
8;1;378279;14/05/2008;101
8;1;378280;13/05/2008;101
8;1;378281;17/05/2008;101
8;1;378282;16/05/2008;101
8;1;378283;15/05/2008;101
8;1;378284;15/05/2008;101
8;1;378285;16/05/2008;101
8;1;378286;16/05/2008;101
8;1;378287;16/05/2008;101
8;1;378288;16/05/2008;101
8;1;378289;19/05/2008;101
8;1;378290;12/05/2008;101
8;1;378291;20/05/2008;101
8;1;378292;20/05/2008;101
8;1;378293;20/05/2008;101
8;1;378294;20/05/2008;101
8;1;378295;16/05/2008;101
8;1;378296;20/05/2008;101
8;1;378297;20/05/2008;101
8;1;378298;20/05/2008;101
8;1;378299;20/05/2008;101
8;1;378300;20/05/2008;101
8;1;378301;21/05/2008;101
4;1;378302;26/05/2008;101
4;1;378303;26/05/2008;101
4;1;378304;26/05/2008;101
8;1;378305;26/05/2008;101
8;1;378306;26/05/2008;101
8;1;378307;26/05/2008;101
8;1;378308;24/05/2008;101
8;1;378309;26/05/2008;101
8;1;378310;26/05/2008;101
8;1;378311;26/05/2008;101
8;1;378312;26/05/2008;101
8;1;378313;08/05/2008;103
8;1;378314;02/05/2008;103
8;1;378315;08/05/2008;103
4;1;378316;02/06/2008;101
8;1;378317;02/06/2008;101
8;1;378318;02/06/2008;101
8;1;378319;02/06/2008;101
8;1;378320;02/06/2008;101
8;1;378321;02/06/2008;101
8;1;378322;02/06/2008;101
8;1;378323;02/06/2008;101
8;1;378324;02/06/2008;101
8;1;378325;02/06/2008;101
8;1;378326;02/06/2008;101
8;1;378327;02/06/2008;101
8;1;378328;02/06/2008;101
8;1;378329;03/06/2008;101
8;1;378330;03/06/2008;101
8;1;378331;03/06/2008;101
8;1;378332;03/06/2008;101
8;1;378333;03/06/2008;101
8;1;378334;03/06/2008;101
8;1;378335;03/06/2008;101
8;1;378336;04/06/2008;101
8;1;378337;04/06/2008;101
8;1;378338;03/06/2008;101
276;1;378339;04/06/2008;101
8;1;378340;03/06/2008;101
8;1;378341;03/06/2008;101
8;1;378342;04/06/2008;101
8;1;378343;05/06/2008;101
8;1;378344;05/06/2008;101
8;1;378345;05/06/2008;101
8;1;378346;09/06/2008;101
8;1;378347;09/06/2008;101
8;1;378348;06/06/2008;101
8;1;378349;06/06/2008;101
8;1;378350;07/06/2008;101
8;1;378351;07/06/2008;101
8;1;378352;09/06/2008;101
8;1;378353;09/06/2008;101
8;1;378354;10/06/2008;101
8;1;378355;10/06/2008;101
8;1;378356;10/06/2008;101
8;1;378357;10/06/2008;101
8;1;378358;10/06/2008;101
8;1;378359;11/06/2008;101
8;1;378360;02/06/2008;103
8;1;378361;11/06/2008;101
8;1;378362;12/06/2008;101
8;1;378363;12/06/2008;101
8;1;378364;10/06/2008;101
8;1;378365;16/06/2008;101
8;1;378366;12/06/2008;101
8;1;378367;12/06/2008;101
8;1;378368;12/06/2008;101
8;1;378369;12/06/2008;101
8;1;378370;12/06/2008;101
8;1;378371;13/06/2008;101
8;1;378372;13/06/2008;101
8;1;378373;16/06/2008;101
8;1;378374;13/06/2008;101
8;1;378375;17/06/2008;101
8;1;378376;17/06/2008;101
8;1;378377;18/06/2008;101
8;1;378378;17/06/2008;101
8;1;378379;17/06/2008;101
8;1;378380;20/06/2008;101
8;1;378381;19/06/2008;101
8;1;378382;23/06/2008;101
8;1;378383;19/06/2008;101
8;1;378384;19/06/2008;101
8;1;378385;19/06/2008;101
8;1;378386;19/06/2008;101
8;1;378387;20/06/2008;101
8;1;378388;23/06/2008;101
8;1;378389;24/06/2008;101
4;1;378390;24/06/2008;101
8;1;378391;01/07/2008;101
8;1;378392;02/07/2008;101
8;1;378393;01/07/2008;101
8;1;378394;01/07/2008;101
8;1;378395;01/07/2008;101
8;1;378396;01/07/2008;101
8;1;378397;01/07/2008;101
8;1;378398;01/07/2008;101
8;1;378399;01/07/2008;101
8;1;378400;02/07/2008;101
4;1;378401;03/07/2008;101
8;1;378402;01/07/2008;101
8;1;378403;01/07/2008;101
8;1;378404;01/07/2008;101
8;1;378405;01/07/2008;101
8;1;378406;02/07/2008;101
8;1;378407;03/07/2008;101
8;1;378408;03/07/2008;101
8;1;378409;01/07/2008;101
8;1;378410;01/07/2008;101
8;1;378411;02/07/2008;101
8;1;378412;01/07/2008;101
8;1;378413;02/07/2008;101
8;1;378414;05/07/2008;101
8;1;378415;07/07/2008;101
8;1;378416;07/07/2008;101
8;1;378417;07/07/2008;101
8;1;378418;07/07/2008;101
8;1;378419;07/07/2008;101
8;1;378420;07/07/2008;101
8;1;378421;07/07/2008;101
8;1;378422;07/07/2008;101
8;1;378423;07/07/2008;101
8;1;378424;09/07/2008;101
8;1;378425;09/07/2008;101
8;1;378426;09/07/2008;101
8;1;378427;09/07/2008;101
8;1;378428;09/07/2008;101
8;1;378429;10/07/2008;101
8;1;378430;08/07/2008;101
8;1;378431;11/07/2008;101
8;1;378432;11/07/2008;101
8;1;378433;11/07/2008;101
8;1;378434;10/07/2008;101
8;1;378435;10/07/2008;101
8;1;378436;10/07/2008;101
8;1;378437;10/07/2008;101
8;1;378438;10/07/2008;101
8;1;378439;12/07/2008;101
8;1;378440;10/07/2008;101
4;1;378442;14/07/2008;101
8;1;378443;10/07/2008;101
8;1;378444;09/07/2008;101
8;1;378445;10/07/2008;101
8;1;378446;11/07/2008;101
8;1;378447;10/07/2008;101
8;1;378448;15/07/2008;101
8;1;378449;15/07/2008;101
8;1;378450;15/07/2008;101
8;1;378451;15/07/2008;101
8;1;378452;15/07/2008;101
8;1;378453;15/07/2008;101
8;1;378454;16/07/2008;101
8;1;378455;15/07/2008;101
8;1;378456;17/07/2008;101
8;1;378457;16/07/2008;101
8;1;378458;16/07/2008;101
8;1;378459;21/07/2008;101
8;1;378460;17/07/2008;101
8;1;378461;17/07/2008;101
8;1;378462;17/07/2008;101
8;1;378463;17/07/2008;101
8;1;378464;17/07/2008;101
8;1;378465;18/07/2008;101
8;1;378466;18/07/2008;101
8;1;378467;18/07/2008;101
8;1;378468;18/07/2008;101
8;1;378469;19/07/2008;101
8;1;378470;21/07/2008;101
8;1;378471;21/07/2008;101
8;1;378472;21/07/2008;101
8;1;378473;21/07/2008;101
8;1;378474;21/07/2008;101
8;1;378475;22/07/2008;101
8;1;378476;23/07/2008;101
8;1;378477;22/07/2008;101
8;1;378478;23/07/2008;101
8;1;378479;23/07/2008;101
8;1;378480;22/07/2008;101
8;1;378481;22/07/2008;101
8;1;378482;22/07/2008;101
8;1;378483;18/07/2008;101
8;1;378484;28/07/2008;103
8;1;378485;25/07/2008;101
8;1;378486;24/07/2008;101
8;1;378487;28/07/2008;101
8;1;378488;28/07/2008;101
8;1;378489;28/07/2008;101
8;1;378490;01/08/2008;101
8;1;378491;01/08/2008;101
8;1;378492;01/08/2008;101
8;1;378493;04/08/2008;101
8;1;378494;01/08/2008;101
8;1;378495;01/08/2008;101
8;1;378496;01/08/2008;101
8;1;378497;01/08/2008;101
8;1;378499;01/08/2008;101
8;1;378500;01/08/2008;101
8;1;378501;01/08/2008;101
8;1;378502;01/08/2008;101
8;1;378503;01/08/2008;101
8;1;378504;04/08/2008;101
8;1;378505;01/08/2008;101
8;1;378506;01/08/2008;101
8;1;378507;01/08/2008;101
8;1;378508;04/08/2008;101
8;1;378509;04/08/2008;101
8;1;378510;04/08/2008;101
8;1;378511;01/08/2008;101
8;1;378512;01/08/2008;101
8;1;378513;18/08/2008;103
8;1;378514;18/08/2008;103
8;1;378515;05/08/2008;101
8;1;378516;05/08/2008;101
8;1;378517;04/08/2008;101
8;1;378518;05/08/2008;101
8;1;378519;05/08/2008;101
8;1;378520;06/08/2008;101
8;1;378521;06/08/2008;101
8;1;378522;06/08/2008;101
8;1;378523;01/08/2008;103
8;1;378524;01/08/2008;103
8;1;378525;05/08/2008;101
8;1;378526;04/08/2008;101
8;1;378527;07/08/2008;101
8;1;378528;08/08/2008;101
8;1;378529;11/08/2008;101
8;1;378530;11/08/2008;101
8;1;378531;11/08/2008;101
8;1;378532;12/08/2008;101
8;1;378533;12/08/2008;101
8;1;378534;15/08/2008;101
8;1;378535;20/08/2008;103
8;1;378536;15/08/2008;103
8;1;378537;19/08/2008;101
8;1;378538;19/08/2008;101
8;1;378539;19/08/2008;101
8;1;378540;19/08/2008;101
8;1;378541;21/08/2008;101
8;1;378542;22/08/2008;101
8;1;378543;26/08/2008;101
8;1;378544;26/08/2008;101
8;1;378545;22/08/2008;101
8;1;378546;22/08/2008;101
8;1;378547;25/08/2008;103
8;1;378548;25/08/2008;103
8;1;378549;01/09/2008;103
8;1;378550;15/09/2008;103
8;1;378551;01/09/2008;101
8;1;378552;05/09/2008;101
8;1;378553;01/09/2008;101
8;1;378554;01/09/2008;101
8;1;378555;01/09/2008;101
8;1;378556;01/09/2008;101
8;1;378557;01/09/2008;101
8;1;378558;03/09/2008;101
8;1;378559;02/09/2008;101
8;1;378560;02/09/2008;101
8;1;378561;01/09/2008;103
4;1;378562;08/09/2008;101
8;1;378563;03/09/2008;101
8;1;378564;04/09/2008;101
8;1;378565;08/09/2008;101
276;1;378566;05/09/2008;101
8;1;378566;05/09/2008;101
4;1;378567;09/09/2008;101
8;1;378568;08/09/2008;101
8;1;378569;08/09/2008;101
8;1;378570;08/09/2008;101
8;1;378571;08/09/2008;101
8;1;378572;05/08/2008;103
8;1;378573;06/09/2008;101
8;1;378574;09/09/2008;101
8;1;378575;09/09/2008;101
8;1;378576;10/09/2008;101
8;1;378577;08/09/2008;101
8;1;378578;15/09/2008;101
8;1;378579;11/09/2008;101
8;1;378580;11/09/2008;101
8;1;378581;11/09/2008;101
8;1;378582;11/09/2008;101
8;1;378583;12/09/2008;101
8;1;378584;04/09/2008;103
8;1;378585;17/09/2008;101
8;1;378587;17/09/2008;101
8;1;378588;17/09/2008;101
8;1;378589;17/09/2008;101
8;1;378590;18/09/2008;101
8;1;378591;18/09/2008;101
8;1;378592;18/09/2008;101
8;1;378593;18/09/2008;101
8;1;378594;19/09/2008;101
8;1;378595;19/09/2008;101
8;1;378596;17/09/2008;101
8;1;378597;18/09/2008;101
8;1;378598;18/09/2008;101
8;1;378599;18/09/2008;101
8;1;378600;18/09/2008;101
8;1;378601;18/09/2008;101
8;1;378602;19/09/2008;101
8;1;378603;22/09/2008;101
8;1;378604;22/09/2008;101
8;1;378605;22/09/2008;101
8;1;378606;22/09/2008;101
8;1;378607;22/09/2008;101
8;1;378608;22/09/2008;101
8;1;378609;22/09/2008;101
8;1;378610;22/09/2008;101
8;1;378611;23/09/2008;101
8;1;378612;23/09/2008;101
8;1;378613;23/09/2008;101
8;1;378614;23/09/2008;101
8;1;378615;23/09/2008;101
8;1;378616;25/09/2008;101
8;1;378617;24/09/2008;103
8;1;378618;24/09/2008;103
8;1;378619;23/09/2008;103
8;1;378620;01/10/2008;101
8;1;378621;01/10/2008;101
8;1;378622;01/10/2008;101
8;1;378623;03/10/2008;101
8;1;378624;01/10/2008;101
8;1;378625;01/10/2008;101
8;1;378626;01/10/2008;101
8;1;378627;01/10/2008;101
8;1;378628;01/10/2008;101
8;1;378629;01/10/2008;101
8;1;378630;01/10/2008;101
8;1;378631;01/10/2008;101
8;1;378632;01/10/2008;101
8;1;378633;01/10/2008;101
8;1;378634;01/10/2008;101
8;1;378635;01/10/2008;101
8;1;378636;02/10/2008;101
8;1;378637;02/10/2008;101
8;1;378638;03/10/2008;101
8;1;378639;03/10/2008;101
8;1;378640;03/10/2008;101
8;1;378641;06/10/2008;101
8;1;378642;07/10/2008;101
8;1;378643;08/10/2008;101
8;1;378644;08/10/2008;101
8;1;378645;08/10/2008;101
8;1;378646;08/10/2008;101
8;1;378647;08/10/2008;101
8;1;378648;09/10/2008;101
8;1;378649;09/10/2008;101
8;1;378650;09/10/2008;101
8;1;378651;09/10/2008;101
8;1;378652;13/10/2008;101
8;1;378653;13/10/2008;101
8;1;378654;14/10/2008;101
8;1;378655;15/10/2008;101
8;1;378656;13/10/2008;101
8;1;378657;16/10/2008;101
8;1;378658;16/10/2008;101
8;1;378659;16/10/2008;101
8;1;378660;16/10/2008;101
8;1;378661;17/10/2008;101
8;1;378662;17/10/2008;101
8;1;378663;17/10/2008;101
8;1;378664;20/10/2008;101
8;1;378665;20/10/2008;101
8;1;378666;21/10/2008;101
8;1;378667;21/10/2008;101
8;1;378668;22/10/2008;101
8;1;378669;27/10/2008;101
8;1;378670;28/10/2008;101
8;1;378671;22/10/2008;103
8;1;378672;27/10/2008;101
8;1;378673;27/10/2008;101
8;1;378674;27/10/2008;101
8;1;378675;27/10/2008;101
8;1;378676;27/10/2008;101
8;1;378677;24/10/2008;101
8;1;378678;23/10/2008;101
8;1;378679;21/10/2008;101
8;1;378680;24/10/2008;101
8;1;378681;23/10/2008;101
8;1;378682;20/10/2008;103
4;1;378683;03/11/2008;101
8;1;378684;01/11/2008;101
8;1;378685;01/11/2008;101
8;1;378686;01/11/2008;101
8;1;378687;03/11/2008;101
8;1;378688;03/11/2008;101
8;1;378689;03/11/2008;101
8;1;378690;03/11/2008;101
8;1;378691;03/11/2008;101
8;1;378692;04/11/2008;101
8;1;378693;01/11/2008;101
8;1;378694;03/11/2008;101
8;1;378695;03/11/2008;101
8;1;378696;03/11/2008;101
8;1;378697;05/11/2008;101
8;1;378698;03/11/2008;101
8;1;378699;04/11/2008;101
8;1;378700;04/11/2008;101
8;1;378701;06/11/2008;101
8;1;378702;03/11/2008;101
8;1;378703;03/11/2008;101
8;1;378704;03/11/2008;101
8;1;378705;03/11/2008;101
8;1;378706;03/11/2008;101
8;1;378707;03/11/2008;101
8;1;378708;03/11/2008;101
8;1;378709;03/11/2008;101
8;1;378710;03/11/2008;101
8;1;378711;03/11/2008;101
8;1;378712;03/11/2008;101
8;1;378713;03/11/2008;101
8;1;378714;06/11/2008;101
8;1;378715;03/11/2008;101
8;1;378716;07/11/2008;101
8;1;378717;07/11/2008;101
8;1;378718;07/11/2008;101
8;1;378719;07/11/2008;101
8;1;378720;17/11/2008;101
8;1;378721;06/11/2008;101
8;1;378722;07/11/2008;101
8;1;378723;06/11/2008;101
8;1;378724;07/11/2008;101
8;1;378725;08/11/2008;101
8;1;378726;10/11/2008;101
8;1;378727;10/11/2008;101
8;1;378728;10/11/2008;101
8;1;378729;12/11/2008;101
8;1;378730;12/11/2008;101
8;1;378731;12/11/2008;101
8;1;378732;13/11/2008;101
8;1;378733;11/11/2008;101
8;1;378734;13/11/2008;101
8;1;378735;12/11/2008;101
8;1;378736;12/11/2008;101
8;1;378737;12/11/2008;101
8;1;378738;11/11/2008;101
4;1;378739;14/11/2008;101
8;1;378740;13/11/2008;101
8;1;378741;13/11/2008;101
8;1;378742;17/11/2008;101
8;1;378743;17/11/2008;101
8;1;378744;18/11/2008;101
8;1;378745;18/11/2008;101
8;1;378746;18/11/2008;101
8;1;378747;27/11/2008;101
8;1;378748;20/11/2008;101
8;1;378749;20/11/2008;101
8;1;378750;20/11/2008;101
8;1;378751;21/11/2008;101
8;1;378752;21/11/2008;101
8;1;378753;21/11/2008;101
8;1;378754;21/11/2008;101
8;1;378755;21/11/2008;101
8;1;378756;01/12/2008;101
8;1;378757;01/12/2008;101
8;1;378758;01/12/2008;101
8;1;378759;01/12/2008;101
8;1;378760;01/12/2008;101
8;1;378761;01/12/2008;101
8;1;378762;01/12/2008;101
8;1;378763;02/12/2008;101
8;1;378764;01/12/2008;101
8;1;378765;01/12/2008;101
8;1;378766;01/12/2008;101
8;1;378767;01/12/2008;101
8;1;378768;01/12/2008;101
8;1;378769;01/12/2008;101
8;1;378770;01/12/2008;101
8;1;378771;01/12/2008;101
8;1;378772;01/12/2008;101
8;1;378773;01/12/2008;101
8;1;378774;01/12/2008;101
8;1;378775;01/12/2008;101
8;1;378776;01/12/2008;101
8;1;378777;01/12/2008;101
8;1;378778;02/12/2008;101
8;1;378779;02/12/2008;101
8;1;378780;01/12/2008;101
8;1;378781;01/12/2008;101
8;1;378782;01/12/2008;101
8;1;378783;01/12/2008;101
8;1;378784;01/12/2008;101
8;1;378786;01/12/2008;101
8;1;378787;01/12/2008;101
8;1;378788;01/12/2008;101
8;1;378789;01/12/2008;101
8;1;378790;01/12/2008;101
8;1;378791;01/12/2008;101
8;1;378792;01/12/2008;101
8;1;378793;02/12/2008;101
8;1;378794;05/12/2008;101
8;1;378795;02/12/2008;101
8;1;378796;01/12/2008;101
8;1;378797;01/12/2008;101
8;1;378798;01/12/2008;101
8;1;378799;01/12/2008;101
8;1;378800;01/12/2008;101
8;1;378801;02/12/2008;101
8;1;378802;02/12/2008;101
8;1;378803;01/12/2008;101
8;1;378804;01/12/2008;101
8;1;378805;01/12/2008;101
8;1;378806;01/12/2008;101
8;1;378807;01/12/2008;101
8;1;378808;01/12/2008;101
8;1;378809;01/12/2008;101
8;1;378810;01/12/2008;101
8;1;378811;01/12/2008;101
8;1;378812;01/12/2008;101
8;1;378813;01/12/2008;101
8;1;378814;06/12/2008;101
8;1;378815;05/12/2008;101
8;1;378816;10/12/2008;101
8;1;378817;10/12/2008;101
8;1;378818;10/12/2008;101
8;1;378819;10/12/2008;101
8;1;378820;11/12/2008;101
8;1;378821;10/12/2008;101
8;1;378822;10/12/2008;101
8;1;378823;10/12/2008;101
8;1;378824;08/12/2008;101
276;1;378825;12/12/2008;101
8;1;378826;08/12/2008;101
8;1;378827;11/12/2008;101
8;1;378828;08/12/2008;101
8;1;378829;08/12/2008;101
8;1;378830;08/12/2008;101
8;1;378831;12/12/2008;101
8;1;378832;15/12/2008;101
8;1;378833;12/12/2008;101
8;1;378834;15/12/2008;101
8;1;378835;12/12/2008;101
8;1;378836;16/12/2008;101
8;1;378837;17/12/2008;101
8;1;378838;17/12/2008;101
8;1;378839;17/12/2008;101
8;1;378840;17/12/2008;101
8;1;378841;16/12/2008;101
8;1;378842;18/12/2008;101
8;1;378843;18/12/2008;101
8;1;378844;19/12/2008;101
8;1;378845;26/12/2008;101
8;1;378846;18/12/2008;101
8;1;378847;18/12/2008;101
8;1;378848;19/12/2008;101
8;1;378849;19/12/2008;101
8;1;378850;22/12/2008;101
8;1;378851;23/12/2008;101
8;1;378852;24/12/2008;101
8;1;378853;02/01/2009;101
8;1;378854;05/01/2009;101
8;1;378855;02/01/2009;101
8;1;378856;02/01/2009;101
8;1;378857;10/01/2009;101
8;1;378858;12/01/2009;101
8;1;378859;10/01/2009;101
8;1;378860;10/01/2009;101
8;1;378861;13/01/2009;101
4;1;378862;14/01/2009;101
4;1;378863;14/01/2009;101
4;1;378864;14/01/2009;101
8;1;378865;15/01/2009;101
8;1;378866;19/01/2009;101
8;1;378867;20/01/2009;101
8;1;378868;19/01/2009;101
8;1;378869;19/01/2009;101
8;1;378870;24/01/2009;101
4;1;378871;09/02/2009;103
4;1;378872;09/02/2009;103
8;1;378873;02/02/2009;101
8;1;378874;02/02/2009;101
8;1;378875;02/02/2009;101
8;1;378876;02/02/2009;101
8;1;378877;02/02/2009;101
8;1;378878;02/02/2009;101
8;1;378879;02/02/2009;101
8;1;378880;03/02/2009;101
276;1;378881;04/02/2009;101
8;1;378882;09/02/2009;103
8;1;378883;09/02/2009;103
8;1;378884;09/02/2009;103
8;1;378885;09/02/2009;103
8;1;378886;09/02/2009;103
8;1;378887;09/02/2009;103
8;1;378888;09/02/2009;103
8;1;378889;09/02/2009;103
8;1;378890;09/02/2009;103
8;1;378891;09/02/2009;103
8;1;378892;09/02/2009;103
8;1;378893;09/02/2009;103
8;1;378894;09/02/2009;103
8;1;378895;09/02/2009;103
8;1;378896;09/02/2009;103
8;1;378897;09/02/2009;103
8;1;378898;09/02/2009;103
8;1;378899;05/02/2009;101
8;1;378900;05/02/2009;101
8;1;378901;14/02/2009;101
8;1;378902;14/02/2009;101
8;1;378903;26/02/2009;101
8;1;378904;25/02/2009;101
8;1;378905;20/02/2009;101
8;1;378906;20/02/2009;101
8;1;378907;21/02/2009;101
8;1;378908;02/03/2009;101
8;1;378909;02/03/2009;101
8;1;378910;02/03/2009;101
8;1;378911;02/03/2009;101
8;1;378912;02/03/2009;101
8;1;378913;02/03/2009;101
8;1;378914;09/03/2009;101
8;1;378915;02/03/2009;101
8;1;378916;02/03/2009;101
8;1;378917;02/03/2009;103
8;1;378918;02/03/2009;103
8;1;378919;02/03/2009;103
8;1;378920;02/03/2009;103
8;1;378921;02/03/2009;103
8;1;378922;02/03/2009;103
8;1;378923;02/03/2009;103
8;1;378924;02/03/2009;103
8;1;378925;02/03/2009;103
8;1;378926;02/03/2009;103
8;1;378927;02/03/2009;103
8;1;378928;02/03/2009;103
8;1;378929;02/03/2009;103
8;1;378930;02/03/2009;103
8;1;378931;02/03/2009;103
8;1;378932;02/03/2009;101
8;1;378933;02/03/2009;101
8;1;378934;02/03/2009;101
8;1;378935;09/03/2009;103
8;1;378936;07/03/2009;101
8;1;378937;02/03/2009;101
8;1;378938;11/03/2009;101
8;1;378939;10/03/2009;101
8;1;378940;02/03/2009;103
8;1;378941;11/03/2009;101
8;1;378942;12/03/2009;101
8;1;378943;09/03/2009;103
8;1;378944;02/03/2009;103
8;1;378945;09/03/2009;103
8;1;378946;09/03/2009;103
8;1;378947;09/03/2009;103
8;1;378948;09/03/2009;103
8;1;378949;09/03/2009;103
8;1;378950;09/03/2009;103
8;1;378951;11/03/2009;103
8;1;378952;20/03/2009;101
8;1;378953;02/03/2009;103
8;1;378954;16/03/2009;101
8;1;378955;16/03/2009;101
8;1;378956;16/03/2009;101
8;1;378957;18/03/2009;101
8;1;378958;16/03/2009;101
8;1;378959;09/03/2009;103
8;1;378960;16/03/2009;101
8;1;378961;13/03/2009;103
8;1;378962;20/03/2009;103
8;1;378963;13/03/2009;103
8;1;378964;16/03/2009;103
8;1;378965;20/03/2009;101
8;1;378966;20/03/2009;101
8;1;378967;20/03/2009;101
8;1;378968;02/03/2009;103
8;1;378969;20/03/2009;101
8;1;378971;20/03/2009;101
8;1;378972;20/03/2009;101
8;1;378973;24/03/2009;101
8;1;378974;24/03/2009;101
8;1;378975;24/03/2009;101
4;1;378976;24/03/2009;101
8;1;378977;27/03/2009;101
4;1;378978;01/04/2009;101
4;1;378979;01/04/2009;101
4;1;378980;01/04/2009;101
8;1;378981;01/04/2009;101
8;1;378982;01/04/2009;101
8;1;378983;01/04/2009;101
8;1;378984;01/04/2009;101
8;1;378985;01/04/2009;101
8;1;378986;01/04/2009;101
8;1;378987;01/04/2009;101
8;1;378988;01/04/2009;101
8;1;378989;02/04/2009;101
8;1;378990;02/04/2009;101
8;1;378991;01/04/2009;101
8;1;378992;01/04/2009;101
8;1;378993;01/04/2009;101
8;1;378994;01/04/2009;101
8;1;378995;01/04/2009;101
8;1;378996;01/04/2009;101
8;1;378997;01/04/2009;101
8;1;378998;01/04/2009;101
8;1;378999;01/04/2009;101
8;1;379000;01/04/2009;101
8;1;379001;01/04/2009;101
8;1;379002;01/04/2009;101
8;1;379003;01/04/2009;101
8;1;379004;01/04/2009;101
8;1;379005;02/04/2009;101
8;1;379006;01/04/2009;101
8;1;379007;06/04/2009;101
8;1;379008;07/04/2009;101
8;1;379009;07/04/2009;101
8;1;379010;09/04/2009;101
8;1;379011;11/04/2009;101
8;1;379012;13/04/2009;101
8;1;379013;13/04/2009;101
8;1;379014;13/04/2009;101
8;1;379015;13/04/2009;101
8;1;379016;13/04/2009;103
8;1;379017;14/04/2009;101
8;1;379018;14/04/2009;101
8;1;379019;14/04/2009;101
8;1;379020;15/04/2009;101
8;1;379021;15/04/2009;101
8;1;379022;14/04/2009;101
8;1;379023;17/04/2009;101
8;1;379024;17/04/2009;101
8;1;379025;17/04/2009;101
8;1;379026;17/04/2009;101
8;1;379027;15/04/2009;101
8;1;379028;17/04/2009;101
8;1;379029;01/04/2009;103
4;1;379030;20/04/2009;101
8;1;379031;18/04/2009;101
8;1;379032;24/04/2009;101
8;1;379033;22/04/2009;101
8;1;379034;01/04/2009;103
8;1;379035;01/04/2009;103
8;1;379036;15/04/2009;103
8;1;379037;17/04/2009;103
8;1;379038;27/04/2009;101
282;1;379038;27/04/2009;101
8;1;379039;04/05/2009;101
8;1;379040;04/05/2009;101
8;1;379041;02/05/2009;101
8;1;379042;02/05/2009;101
8;1;379043;06/05/2009;101
8;1;379044;04/05/2009;101
8;1;379045;11/05/2009;101
8;1;379046;05/05/2009;101
8;1;379047;06/05/2009;101
8;1;379048;06/05/2009;101
8;1;379049;05/05/2009;101
8;1;379050;07/05/2009;101
8;1;379051;02/05/2009;101
8;1;379052;02/05/2009;101
8;1;379053;02/05/2009;101
8;1;379054;02/05/2009;101
8;1;379055;04/05/2009;101
8;1;379056;08/05/2009;101
8;1;379057;08/05/2009;101
8;1;379058;08/05/2009;101
8;1;379059;08/05/2009;101
8;1;379060;08/05/2009;101
8;1;379061;09/05/2009;101
8;1;379062;07/05/2009;101
8;1;379063;05/05/2009;103
8;1;379064;11/05/2009;103
8;1;379065;11/05/2009;101
8;1;379066;12/05/2009;101
8;1;379067;04/05/2009;101
8;1;379068;12/05/2009;101
8;1;379069;12/05/2009;101
8;1;379070;01/05/2009;722
8;1;379071;18/05/2009;101
8;1;379072;18/05/2009;101
8;1;379073;19/05/2009;101
8;1;379074;19/05/2009;101
8;1;379075;26/05/2009;101
8;1;379076;01/06/2009;101
8;1;379077;01/06/2009;101
8;1;379078;01/06/2009;101
8;1;379079;01/06/2009;103
8;1;379080;01/06/2009;101
8;1;379081;02/06/2009;101
8;1;379082;04/06/2009;103
8;1;379083;01/06/2009;101
4;1;379083;01/06/2009;101
8;1;379084;01/06/2009;103
8;1;379085;01/06/2009;101
8;1;379086;01/06/2009;101
8;1;379087;01/06/2009;101
8;1;379088;03/06/2009;101
8;1;379089;01/06/2009;103
8;1;379090;04/06/2009;101
8;1;379091;06/06/2009;101
8;1;379092;08/06/2009;101
8;1;379093;05/06/2009;101
8;1;379094;01/06/2009;103
8;1;379095;01/06/2009;103
8;1;379096;04/06/2009;103
8;1;379097;04/06/2009;103
8;1;379098;02/06/2009;103
8;1;379099;08/06/2009;101
8;1;379100;08/06/2009;101
8;1;379101;08/06/2009;101
8;1;379102;09/06/2009;101
8;1;379103;09/06/2009;101
8;1;379104;09/06/2009;101
8;1;379105;09/06/2009;101
8;1;379106;15/06/2009;101
8;1;379107;15/06/2009;101
8;1;379108;15/06/2009;101
8;1;379109;15/06/2009;101
8;1;379110;15/06/2009;101
8;1;379111;16/06/2009;101
8;1;379112;16/06/2009;101
8;1;379113;16/06/2009;101
8;1;379114;16/06/2009;101
8;1;379115;05/06/2009;103
8;1;379116;17/06/2009;101
8;1;379117;17/06/2009;101
8;1;379118;17/06/2009;101
8;1;379119;18/06/2009;101
8;1;379120;15/06/2009;101
8;1;379121;22/06/2009;101
8;1;379122;22/06/2009;101
8;1;379123;24/06/2009;101
8;1;379124;24/06/2009;101
8;1;379125;17/06/2009;103
8;1;379126;25/06/2009;101
8;1;379127;01/07/2009;103
8;1;379128;02/07/2009;101
8;1;379129;01/07/2009;101
8;1;379130;01/07/2009;101
8;1;379131;01/07/2009;101
8;1;379132;01/07/2009;101
8;1;379133;01/07/2009;101
8;1;379134;01/07/2009;101
8;1;379135;01/07/2009;101
8;1;379136;01/07/2009;101
8;1;379137;03/07/2009;101
8;1;379138;01/07/2009;101
8;1;379139;03/07/2009;101
8;1;379140;03/07/2009;101
8;1;379141;06/07/2009;101
8;1;379142;01/07/2009;101
8;1;379143;01/07/2009;101
8;1;379144;08/07/2009;101
8;1;379145;01/07/2009;101
8;1;379146;01/07/2009;101
8;1;379147;01/07/2009;101
8;1;379148;06/07/2009;101
8;1;379149;07/07/2009;101
8;1;379150;07/07/2009;101
8;1;379151;07/07/2009;101
8;1;379152;07/07/2009;101
4;1;379153;08/07/2009;101
8;1;379154;03/07/2009;101
8;1;379155;03/07/2009;101
8;1;379156;03/07/2009;101
8;1;379157;10/07/2009;101
8;1;379158;10/07/2009;101
8;1;379159;10/07/2009;101
8;1;379160;13/07/2009;101
8;1;379161;13/07/2009;101
8;1;379162;13/07/2009;101
8;1;379163;15/07/2009;101
276;1;379164;13/07/2009;101
8;1;379165;07/07/2009;103
8;1;379166;13/07/2009;101
4;1;379167;17/07/2009;101
8;1;379168;16/07/2009;101
8;1;379169;20/07/2009;101
8;1;379170;20/07/2009;101
8;1;379171;17/07/2009;101
8;1;379172;20/07/2009;101
8;1;379173;20/07/2009;101
8;1;379174;23/07/2009;101
8;1;379175;22/07/2009;101
8;1;379176;21/07/2009;101
8;1;379177;21/07/2009;101
8;1;379178;21/07/2009;101
8;1;379179;24/07/2009;101
8;1;379180;24/07/2009;101
8;1;379181;22/07/2009;103
8;1;379182;28/07/2009;101
8;1;379183;28/07/2009;101
4;1;379184;03/08/2009;101
4;1;379185;03/08/2009;101
4;1;379186;03/08/2009;101
4;1;379187;03/08/2009;101
8;1;379188;03/08/2009;101
8;1;379189;03/08/2009;101
8;1;379190;03/08/2009;101
8;1;379191;17/08/2009;103
8;1;379192;01/08/2009;103
8;1;379193;03/08/2009;101
8;1;379194;03/08/2009;101
8;1;379195;01/08/2009;101
8;1;379196;03/08/2009;101
8;1;379197;04/08/2009;101
8;1;379198;01/08/2009;101
8;1;379199;03/08/2009;101
8;1;379200;03/08/2009;101
8;1;379201;03/08/2009;101
8;1;379202;03/08/2009;101
8;1;379203;01/08/2009;101
8;1;379204;05/08/2009;101
8;1;379205;03/08/2009;101
8;1;379206;05/08/2009;101
8;1;379207;03/08/2009;101
8;1;379208;10/08/2009;101
8;1;379209;17/08/2009;101
8;1;379210;08/08/2009;101
8;1;379211;08/08/2009;101
8;1;379212;08/08/2009;101
8;1;379213;10/08/2009;101
8;1;379214;08/08/2009;101
8;1;379215;12/08/2009;101
8;1;379216;10/08/2009;101
8;1;379217;10/08/2009;101
8;1;379218;10/08/2009;101
8;1;379219;10/08/2009;101
8;1;379220;10/08/2009;101
8;1;379221;10/08/2009;101
8;1;379222;10/08/2009;101
8;1;379223;10/08/2009;101
8;1;379224;10/08/2009;101
8;1;379225;10/08/2009;101
8;1;379226;10/08/2009;101
8;1;379227;10/08/2009;101
8;1;379228;10/08/2009;101
8;1;379229;11/08/2009;101
276;1;379230;11/08/2009;101
8;1;379231;13/08/2009;101
8;1;379232;12/08/2009;101
8;1;379233;13/08/2009;101
8;1;379234;13/08/2009;101
8;1;379235;01/08/2009;101
8;1;379236;14/08/2009;101
8;1;379237;17/08/2009;101
8;1;379238;15/08/2009;101
8;1;379239;14/08/2009;101
8;1;379240;14/08/2009;101
8;1;379241;14/08/2009;101
8;1;379242;18/08/2009;101
8;1;379243;18/08/2009;101
282;1;379244;17/08/2009;722
4;1;379245;20/08/2009;101
8;1;379246;18/08/2009;103
8;1;379247;20/08/2009;101
8;1;379248;20/08/2009;101
8;1;379249;20/08/2009;101
8;1;379250;21/08/2009;101
8;1;379251;20/08/2009;101
8;1;379252;01/09/2009;101
8;1;379253;01/09/2009;101
8;1;379254;01/09/2009;101
8;1;379255;01/09/2009;101
8;1;379256;03/09/2009;101
8;1;379257;01/09/2009;101
8;1;379258;01/09/2009;101
8;1;379259;03/09/2009;101
8;1;379260;02/09/2009;101
8;1;379261;02/09/2009;101
8;1;379262;04/09/2009;101
8;1;379263;09/09/2009;101
8;1;379264;19/09/2009;101
8;1;379265;04/09/2009;101
8;1;379266;04/09/2009;101
8;1;379267;04/09/2009;101
8;1;379268;08/09/2009;101
8;1;379269;08/09/2009;101
8;1;379270;08/09/2009;101
8;1;379271;05/09/2009;101
8;1;379272;11/09/2009;101
8;1;379273;01/09/2009;101
8;1;379274;14/09/2009;101
8;1;379275;11/09/2009;101
8;1;379276;11/09/2009;101
8;1;379277;14/09/2009;101
8;1;379278;14/09/2009;101
8;1;379279;15/09/2009;101
8;1;379280;15/09/2009;101
8;1;379281;15/09/2009;101
8;1;379282;15/09/2009;101
8;1;379283;14/09/2009;101
8;1;379284;14/09/2009;101
8;1;379285;21/09/2009;101
8;1;379286;17/09/2009;101
8;1;379287;16/09/2009;101
8;1;379288;16/09/2009;101
8;1;379289;16/09/2009;101
8;1;379290;08/09/2009;101
8;1;379291;21/09/2009;101
8;1;379292;21/09/2009;101
8;1;379293;22/09/2009;101
8;1;379294;22/09/2009;101
8;1;379295;23/09/2009;101
8;1;379296;23/09/2009;101
8;1;379297;23/09/2009;101
8;1;379298;23/09/2009;101
8;1;379299;23/09/2009;101
8;1;379300;07/10/2009;101
8;1;379301;01/10/2009;101
8;1;379302;05/10/2009;101
8;1;379303;05/10/2009;101
8;1;379304;02/10/2009;101
8;1;379305;01/10/2009;101
8;1;379306;01/10/2009;101
8;1;379307;05/10/2009;101
8;1;379308;01/10/2009;101
8;1;379309;05/10/2009;101
8;1;379310;05/10/2009;101
8;1;379311;08/10/2009;101
8;1;379312;01/10/2009;101
8;1;379313;01/10/2009;101
8;1;379314;01/10/2009;101
8;1;379315;02/10/2009;101
8;1;379316;08/10/2009;101
8;1;379317;10/10/2009;101
8;1;379318;09/10/2009;101
8;1;379319;13/10/2009;101
8;1;379320;19/10/2009;101
8;1;379321;21/10/2009;101
8;1;379322;13/10/2009;101
8;1;379323;08/10/2009;101
8;1;379324;13/10/2009;101
8;1;379325;13/10/2009;101
8;1;379326;09/10/2009;101
8;1;379327;08/10/2009;101
8;1;379328;15/10/2009;101
8;1;379329;13/10/2009;101
4;1;379330;16/10/2009;101
8;1;379331;13/10/2009;101
8;1;379332;13/10/2009;101
8;1;379333;13/10/2009;101
8;1;379334;13/10/2009;101
8;1;379335;15/10/2009;101
8;1;379336;13/10/2009;101
8;1;379337;15/10/2009;101
8;1;379338;15/10/2009;101
8;1;379339;13/10/2009;101
8;1;379340;15/10/2009;101
8;1;379341;14/10/2009;101
8;1;379342;13/10/2009;101
8;1;379343;13/10/2009;101
8;1;379344;13/10/2009;101
8;1;379345;13/10/2009;101
8;1;379346;13/10/2009;101
8;1;379347;13/10/2009;101
8;1;379348;13/10/2009;101
8;1;379349;13/10/2009;101
8;1;379350;13/10/2009;101
8;1;379351;13/10/2009;101
8;1;379352;13/10/2009;101
8;1;379353;13/10/2009;101
8;1;379354;13/10/2009;101
8;1;379355;13/10/2009;101
8;1;379356;13/10/2009;101
8;1;379357;13/10/2009;101
8;1;379358;13/10/2009;101
8;1;379359;13/10/2009;101
8;1;379360;15/10/2009;101
8;1;379361;15/10/2009;101
8;1;379362;15/10/2009;101
8;1;379363;15/10/2009;101
8;1;379364;17/10/2009;101
8;1;379365;16/10/2009;101
8;1;379366;16/10/2009;101
8;1;379367;16/10/2009;101
8;1;379368;17/10/2009;101
8;1;379369;20/10/2009;101
276;1;379370;16/10/2009;101
8;1;379371;19/10/2009;101
8;1;379372;19/10/2009;101
8;1;379373;19/10/2009;101
8;1;379374;19/10/2009;101
8;1;379375;19/10/2009;101
8;1;379376;19/10/2009;101
8;1;379377;19/10/2009;101
8;1;379378;19/10/2009;101
8;1;379379;19/10/2009;101
8;1;379380;19/10/2009;101
8;1;379381;19/10/2009;101
8;1;379382;19/10/2009;101
8;1;379383;19/10/2009;101
8;1;379384;19/10/2009;101
8;1;379385;19/10/2009;101
8;1;379386;19/10/2009;101
8;1;379387;19/10/2009;101
8;1;379388;19/10/2009;101
8;1;379389;21/10/2009;101
8;1;379390;21/10/2009;101
8;1;379391;21/10/2009;101
8;1;379392;21/10/2009;101
8;1;379393;22/10/2009;101
8;1;379394;26/10/2009;101
8;1;379395;26/10/2009;101
8;1;379396;26/10/2009;101
8;1;379397;26/10/2009;101
8;1;379398;03/11/2009;101
8;1;379399;03/11/2009;101
8;1;379400;03/11/2009;101
8;1;379401;03/11/2009;101
8;1;379402;03/11/2009;101
8;1;379403;03/11/2009;101
8;1;379404;03/11/2009;101
8;1;379405;03/11/2009;101
8;1;379406;03/11/2009;101
8;1;379407;03/11/2009;101
8;1;379408;03/11/2009;101
8;1;379409;05/11/2009;101
8;1;379410;03/11/2009;101
8;1;379411;04/11/2009;101
8;1;379412;03/11/2009;101
8;1;379413;04/11/2009;101
8;1;379414;04/11/2009;101
8;1;379415;06/11/2009;101
8;1;379416;06/11/2009;101
4;1;379417;10/11/2009;101
8;1;379418;06/11/2009;101
8;1;379419;05/11/2009;101
8;1;379420;06/11/2009;101
8;1;379421;06/11/2009;101
8;1;379422;03/11/2009;101
8;1;379423;03/11/2009;101
8;1;379424;07/11/2009;101
8;1;379425;09/11/2009;101
8;1;379426;03/11/2009;101
8;1;379427;03/11/2009;101
8;1;379428;09/11/2009;101
8;1;379429;09/11/2009;101
8;1;379430;09/11/2009;101
8;1;379431;09/11/2009;101
8;1;379432;09/11/2009;101
8;1;379433;09/11/2009;101
8;1;379434;11/11/2009;101
8;1;379435;11/11/2009;101
8;1;379436;12/11/2009;101
8;1;379437;12/11/2009;101
8;1;379438;10/11/2009;101
8;1;379439;13/11/2009;101
8;1;379440;11/11/2009;101
8;1;379441;12/11/2009;101
4;1;379442;16/11/2009;101
8;1;379443;12/11/2009;101
8;1;379444;11/11/2009;101
4;1;379445;16/11/2009;101
8;1;379446;16/11/2009;101
8;1;379447;16/11/2009;101
8;1;379448;16/11/2009;101
4;1;379449;18/11/2009;101
8;1;379450;16/11/2009;101
8;1;379451;16/11/2009;101
8;1;379452;16/11/2009;101
8;1;379453;16/11/2009;101
8;1;379454;16/11/2009;101
8;1;379455;16/11/2009;101
8;1;379456;16/11/2009;101
8;1;379457;19/11/2009;101
8;1;379458;18/11/2009;101
8;1;379459;19/11/2009;101
8;1;379460;19/11/2009;101
8;1;379461;19/11/2009;101
8;1;379462;20/11/2009;101
8;1;379463;18/11/2009;101
8;1;379464;20/11/2009;101
276;1;379465;20/11/2009;101
8;1;379466;20/11/2009;101
8;1;379467;20/11/2009;101
8;1;379468;21/11/2009;101
8;1;379469;20/11/2009;101
8;1;379470;20/11/2009;101
8;1;379471;23/11/2009;101
8;1;379472;18/11/2009;101
8;1;379473;26/11/2009;101
8;1;379474;23/11/2009;101
8;1;379475;21/11/2009;101
8;1;379476;21/11/2009;101
8;1;379477;24/11/2009;101
8;1;379478;01/12/2009;101
8;1;379479;01/12/2009;101
8;1;379480;01/12/2009;101
8;1;379481;01/12/2009;101
8;1;379482;01/12/2009;101
8;1;379483;01/12/2009;101
8;1;379484;01/12/2009;101
8;1;379485;01/12/2009;101
8;1;379486;01/12/2009;101
8;1;379487;01/12/2009;101
8;1;379488;01/12/2009;101
8;1;379489;01/12/2009;101
8;1;379490;01/12/2009;101
8;1;379491;01/12/2009;101
8;1;379492;01/12/2009;101
8;1;379493;11/12/2009;101
8;1;379494;01/12/2009;101
8;1;379496;01/12/2009;101
8;1;379497;01/12/2009;101
8;1;379498;01/12/2009;101
8;1;379499;01/12/2009;101
8;1;379500;01/12/2009;101
8;1;379501;01/12/2009;101
8;1;379502;01/12/2009;101
8;1;379503;01/12/2009;101
8;1;379504;01/12/2009;101
8;1;379505;01/12/2009;101
8;1;379506;01/12/2009;101
8;1;379507;01/12/2009;101
8;1;379508;01/12/2009;101
8;1;379509;01/12/2009;101
8;1;379510;01/12/2009;101
8;1;379511;01/12/2009;101
8;1;379512;01/12/2009;101
8;1;379513;01/12/2009;101
8;1;379514;01/12/2009;101
8;1;379515;01/12/2009;101
8;1;379516;01/12/2009;101
8;1;379517;01/12/2009;101
8;1;379518;01/12/2009;101
8;1;379519;02/12/2009;101
8;1;379520;02/12/2009;101
8;1;379521;03/12/2009;101
8;1;379522;05/12/2009;101
8;1;379523;07/12/2009;101
8;1;379524;07/12/2009;101
8;1;379525;07/12/2009;101
8;1;379526;09/12/2009;101
8;1;379527;01/12/2009;101
8;1;379528;07/12/2009;101
8;1;379529;07/12/2009;101
8;1;379530;11/12/2009;101
8;1;379531;11/12/2009;101
8;1;379532;11/12/2009;101
8;1;379533;11/12/2009;101
8;1;379534;11/12/2009;101
8;1;379535;11/12/2009;101
8;1;379536;11/12/2009;101
8;1;379537;11/12/2009;101
8;1;379538;11/12/2009;101
8;1;379539;11/12/2009;101
8;1;379540;15/12/2009;101
8;1;379541;10/12/2009;101
8;1;379542;10/12/2009;101
8;1;379543;10/12/2009;101
8;1;379544;11/12/2009;101
8;1;379545;01/12/2009;101
8;1;379546;11/12/2009;101
8;1;379547;11/12/2009;101
8;1;379548;11/12/2009;101
8;1;379549;11/12/2009;101
8;1;379550;11/12/2009;101
8;1;379551;14/12/2009;101
8;1;379552;09/12/2009;101
8;1;379553;10/12/2009;101
8;1;379554;15/12/2009;101
8;1;379555;15/12/2009;101
8;1;379556;15/12/2009;101
8;1;379557;15/12/2009;101
8;1;379558;15/12/2009;101
8;1;379559;15/12/2009;101
8;1;379560;15/12/2009;101
8;1;379561;11/12/2009;101
8;1;379562;11/12/2009;101
8;1;379563;11/12/2009;101
8;1;379564;17/12/2009;101
8;1;379565;18/12/2009;101
8;1;379566;21/12/2009;101
8;1;379567;19/12/2009;101
8;1;379568;21/12/2009;101
8;1;379569;22/12/2009;101
8;1;379570;26/12/2009;101
8;1;379571;26/12/2009;101
8;1;379572;04/01/2010;101
8;1;379573;04/01/2010;101
8;1;379574;04/01/2010;101
8;1;379575;04/01/2010;101
8;1;379576;12/01/2010;101
8;1;379577;04/01/2010;101
8;1;379578;04/01/2010;101
8;1;379579;06/01/2010;101
8;1;379580;04/01/2010;101
8;1;379581;07/01/2010;101
8;1;379582;07/01/2010;101
8;1;379583;06/01/2010;101
8;1;379584;06/01/2010;101
8;1;379585;02/01/2010;101
8;1;379586;06/01/2010;101
8;1;379587;08/01/2010;101
8;1;379588;08/01/2010;101
8;1;379589;04/01/2010;101
8;1;379590;11/01/2010;101
8;1;379591;12/01/2010;101
8;1;379592;14/01/2010;101
8;1;379593;14/01/2010;101
8;1;379594;11/01/2010;101
8;1;379595;09/01/2010;101
8;1;379596;09/01/2010;101
8;1;379597;04/01/2010;103
4;1;379598;18/01/2010;101
8;1;379599;06/01/2010;101
4;1;379600;18/01/2010;101
8;1;379601;16/01/2010;101
8;1;379602;18/01/2010;101
8;1;379603;26/01/2010;101
8;1;379604;18/01/2010;101
8;1;379605;18/01/2010;101
8;1;379606;18/01/2010;101
8;1;379607;19/01/2010;101
8;1;379608;18/01/2010;101
4;1;379609;20/01/2010;101
4;1;379610;21/01/2010;101
4;1;379611;25/01/2010;101
8;1;379612;11/01/2010;101
8;1;379613;02/01/2010;101
8;1;379614;23/01/2010;101
8;1;379615;23/01/2010;101
8;1;379616;22/01/2010;101
8;1;379617;22/01/2010;101
8;1;379618;01/02/2010;101
8;1;379619;01/02/2010;101
8;1;379620;01/02/2010;101
8;1;379621;01/02/2010;101
8;1;379622;01/02/2010;101
8;1;379623;01/02/2010;101
8;1;379624;01/02/2010;101
8;1;379625;01/02/2010;101
8;1;379626;01/02/2010;101
8;1;379627;01/02/2010;101
8;1;379628;01/02/2010;101
8;1;379629;01/02/2010;101
8;1;379630;01/02/2010;101
8;1;379631;01/02/2010;101
8;1;379632;01/02/2010;101
8;1;379633;02/02/2010;101
8;1;379634;02/02/2010;101
8;1;379635;08/02/2010;101
4;1;379636;08/02/2010;101
8;1;379637;02/02/2010;101
8;1;379638;04/02/2010;101
8;1;379639;02/02/2010;101
8;1;379640;01/02/2010;101
8;1;379641;08/02/2010;101
8;1;379642;01/02/2010;101
8;1;379643;08/02/2010;101
8;1;379644;08/02/2010;101
8;1;379645;06/02/2010;101
8;1;379646;08/02/2010;101
8;1;379647;08/02/2010;101
276;1;379648;05/02/2010;101
8;1;379649;08/02/2010;101
8;1;379650;08/02/2010;101
8;1;379651;09/02/2010;101
8;1;379652;08/02/2010;101
8;1;379653;01/02/2010;101
8;1;379654;01/02/2010;101
8;1;379655;01/02/2010;101
8;1;379656;01/02/2010;103
8;1;379657;10/02/2010;101
8;1;379658;10/02/2010;101
8;1;379659;10/02/2010;101
8;1;379660;01/02/2010;101
8;1;379661;05/02/2010;101
8;1;379662;12/02/2010;101
8;1;379663;12/02/2010;101
8;1;379664;12/02/2010;101
8;1;379665;12/02/2010;101
8;1;379666;15/02/2010;101
8;1;379667;12/02/2010;101
4;1;379668;17/02/2010;101
8;1;379669;12/02/2010;101
8;1;379670;17/02/2010;101
8;1;379671;12/02/2010;101
8;1;379672;12/02/2010;101
8;1;379673;17/02/2010;101
4;1;379674;17/02/2010;101
8;1;379675;15/02/2010;101
8;1;379676;15/02/2010;101
4;1;379677;17/02/2010;101
8;1;379677;17/02/2010;101
4;1;379678;17/02/2010;101
8;1;379679;15/02/2010;101
8;1;379680;15/02/2010;101
8;1;379681;17/02/2010;101
8;1;379682;17/02/2010;101
8;1;379683;17/02/2010;101
4;1;379684;22/02/2010;103
8;1;379685;19/02/2010;101
8;1;379686;18/02/2010;101
8;1;379687;22/02/2010;103
8;1;379688;22/02/2010;103
8;1;379689;22/02/2010;103
8;1;379690;22/02/2010;103
8;1;379691;22/02/2010;103
8;1;379692;22/02/2010;103
8;1;379693;22/02/2010;103
8;1;379694;22/02/2010;103
8;1;379695;22/02/2010;103
8;1;379696;19/02/2010;101
8;1;379697;19/02/2010;101
8;1;379698;19/02/2010;101
8;1;379699;19/02/2010;101
4;1;379700;22/02/2010;101
8;1;379701;20/02/2010;101
8;1;379702;22/02/2010;103
8;1;379703;22/02/2010;103
8;1;379704;22/02/2010;101
8;1;379705;22/02/2010;101
8;1;379706;22/02/2010;101
8;1;379707;22/02/2010;101
8;1;379708;23/02/2010;101
8;1;379709;23/02/2010;101
8;1;379710;23/02/2010;101
4;1;379711;22/02/2010;103
4;1;379712;22/02/2010;103
8;1;379713;01/03/2010;101
8;1;379714;01/03/2010;101
8;1;379715;01/03/2010;101
8;1;379716;01/03/2010;101
8;1;379717;01/03/2010;101
8;1;379718;01/03/2010;101
8;1;379719;01/03/2010;101
8;1;379720;03/03/2010;101
8;1;379721;03/03/2010;101
8;1;379722;03/03/2010;101
8;1;379723;03/03/2010;101
8;1;379724;03/03/2010;101
8;1;379725;08/03/2010;101
8;1;379726;01/03/2010;101
8;1;379727;01/03/2010;101
8;1;379728;03/03/2010;101
8;1;379729;04/03/2010;101
8;1;379730;03/03/2010;101
8;1;379731;08/03/2010;101
8;1;379732;08/03/2010;101
8;1;379733;08/03/2010;101
8;1;379734;08/03/2010;101
8;1;379735;08/03/2010;101
8;1;379736;08/03/2010;101
8;1;379737;08/03/2010;101
8;1;379738;05/03/2010;103
8;1;379739;05/03/2010;103
8;1;379740;05/03/2010;103
8;1;379741;08/03/2010;101
8;1;379743;10/03/2010;101
8;1;379744;08/03/2010;101
8;1;379745;08/03/2010;101
8;1;379746;08/03/2010;101
8;1;379747;08/03/2010;101
8;1;379748;08/03/2010;101
8;1;379749;08/03/2010;101
8;1;379750;08/03/2010;101
8;1;379751;19/03/2010;101
8;1;379752;09/03/2010;101
4;1;379753;15/03/2010;101
4;1;379754;15/03/2010;101
8;1;379755;11/03/2010;101
8;1;379756;10/03/2010;101
8;1;379757;15/03/2010;101
8;1;379758;12/03/2010;101
8;1;379759;15/03/2010;101
8;1;379760;13/03/2010;101
8;1;379761;12/03/2010;101
8;1;379762;12/03/2010;101
276;1;379762;12/03/2010;101
8;1;379763;12/03/2010;101
8;1;379764;10/03/2010;101
8;1;379765;11/03/2010;101
8;1;379766;15/03/2010;101
8;1;379767;03/03/2010;103
8;1;379768;01/03/2010;101
8;1;379769;01/03/2010;103
8;1;379770;01/03/2010;103
8;1;379771;01/03/2010;103
8;1;379772;01/03/2010;103
8;1;379773;01/03/2010;103
8;1;379774;01/03/2010;103
8;1;379775;01/03/2010;103
8;1;379776;01/03/2010;103
8;1;379777;16/03/2010;101
8;1;379778;17/03/2010;101
8;1;379779;15/03/2010;101
8;1;379780;15/03/2010;101
8;1;379781;15/03/2010;101
8;1;379782;15/03/2010;101
8;1;379783;15/03/2010;101
8;1;379784;15/03/2010;101
8;1;379785;15/03/2010;101
8;1;379786;17/03/2010;101
8;1;379787;17/03/2010;101
8;1;379788;17/03/2010;101
8;1;379789;17/03/2010;101
8;1;379790;17/03/2010;101
8;1;379791;17/03/2010;101
8;1;379792;20/03/2010;101
8;1;379793;20/03/2010;101
8;1;379794;22/03/2010;101
8;1;379795;19/03/2010;101
8;1;379796;19/03/2010;101
8;1;379797;19/03/2010;101
8;1;379798;22/03/2010;101
8;1;379799;19/03/2010;101
8;1;379800;22/03/2010;101
8;1;379801;22/03/2010;101
8;1;379802;22/03/2010;101
8;1;379803;22/03/2010;101
8;1;379804;22/03/2010;101
8;1;379805;22/03/2010;101
8;1;379806;23/03/2010;101
8;1;379807;23/03/2010;101
8;1;379808;12/03/2010;103
8;1;379809;01/03/2010;103
8;1;379810;23/03/2010;101
8;1;379811;23/03/2010;101
8;1;379812;23/03/2010;101
8;1;379813;11/03/2010;103
8;1;379814;24/03/2010;101
8;1;379815;25/03/2010;101
4;1;379816;05/04/2010;101
4;1;379817;05/04/2010;101
4;1;379818;05/04/2010;101
8;1;379819;01/04/2010;101
8;1;379820;01/04/2010;101
8;1;379821;01/04/2010;101
8;1;379822;06/04/2010;101
8;1;379823;03/04/2010;101
8;1;379824;01/04/2010;101
8;1;379825;01/04/2010;101
8;1;379826;01/04/2010;101
8;1;379827;01/04/2010;101
8;1;379828;01/04/2010;101
8;1;379829;01/04/2010;101
8;1;379830;05/04/2010;101
8;1;379831;03/04/2010;101
8;1;379832;05/04/2010;101
8;1;379833;01/04/2010;101
8;1;379834;01/04/2010;101
8;1;379835;01/04/2010;101
8;1;379836;06/04/2010;101
8;1;379837;01/04/2010;101
8;1;379838;01/04/2010;101
8;1;379839;01/04/2010;101
8;1;379840;01/04/2010;101
8;1;379841;01/04/2010;101
8;1;379842;01/04/2010;101
8;1;379843;07/04/2010;101
8;1;379844;07/04/2010;101
8;1;379845;08/04/2010;101
8;1;379846;06/04/2010;101
8;1;379847;01/04/2010;103
276;1;379848;09/04/2010;101
8;1;379849;12/04/2010;101
8;1;379850;09/04/2010;101
8;1;379851;12/04/2010;103
8;1;379852;12/04/2010;101
8;1;379853;12/04/2010;101
8;1;379854;13/04/2010;101
8;1;379855;12/04/2010;101
8;1;379856;12/04/2010;101
8;1;379857;13/04/2010;101
8;1;379858;01/04/2010;101
8;1;379859;01/04/2010;103
8;1;379860;13/04/2010;101
8;1;379861;13/04/2010;101
8;1;379862;14/04/2010;101
8;1;379863;14/04/2010;101
8;1;379864;15/04/2010;101
8;1;379865;14/04/2010;101
8;1;379866;15/04/2010;101
8;1;379867;16/04/2010;101
8;1;379868;17/04/2010;101
8;1;379869;19/04/2010;101
8;1;379870;12/04/2010;103
8;1;379871;19/04/2010;101
4;1;379872;01/04/2010;722
8;1;379873;20/04/2010;101
8;1;379874;19/04/2010;101
8;1;379875;19/04/2010;101
8;1;379876;20/04/2010;101
8;1;379877;20/04/2010;101
8;1;379878;22/04/2010;101
8;1;379879;22/04/2010;103
8;1;379880;22/04/2010;101
8;1;379881;22/04/2010;101
8;1;379882;22/04/2010;101
8;1;379883;22/04/2010;101
8;1;379884;22/04/2010;101
8;1;379885;22/04/2010;101
8;1;379886;23/04/2010;101
8;1;379887;23/04/2010;101
8;1;379888;24/04/2010;101
8;1;379889;01/05/2010;722
8;1;379890;03/05/2010;101
8;1;379891;03/05/2010;101
8;1;379892;03/05/2010;101
8;1;379893;01/05/2010;101
8;1;379894;03/05/2010;101
8;1;379895;03/05/2010;101
8;1;379896;03/05/2010;101
8;1;379897;05/05/2010;101
8;1;379898;07/05/2010;101
8;1;379899;03/05/2010;101
8;1;379900;03/05/2010;101
8;1;379901;10/05/2010;101
8;1;379902;03/05/2010;101
8;1;379903;05/05/2010;101
8;1;379904;04/05/2010;101
8;1;379905;05/05/2010;101
8;1;379906;04/05/2010;101
8;1;379907;03/05/2010;101
8;1;379908;03/05/2010;101
8;1;379909;03/05/2010;101
8;1;379910;05/05/2010;101
8;1;379911;05/05/2010;101
8;1;379912;05/05/2010;101
8;1;379913;05/05/2010;101
8;1;379914;05/05/2010;101
8;1;379915;06/05/2010;101
8;1;379916;06/05/2010;101
8;1;379917;06/05/2010;101
8;1;379918;06/05/2010;101
8;1;379919;06/05/2010;101
8;1;379920;06/05/2010;101
8;1;379921;11/05/2010;101
8;1;379922;07/05/2010;101
8;1;379924;06/05/2010;101
8;1;379925;08/05/2010;101
8;1;379926;08/05/2010;101
8;1;379927;11/05/2010;101
8;1;379928;12/05/2010;101
8;1;379929;12/05/2010;101
8;1;379930;12/05/2010;101
8;1;379931;12/05/2010;101
8;1;379932;06/05/2010;101
8;1;379933;03/05/2010;101
8;1;379934;03/05/2010;101
8;1;379935;03/05/2010;101
8;1;379936;03/05/2010;101
8;1;379937;03/05/2010;101
8;1;379938;03/05/2010;101
8;1;379939;03/05/2010;101
8;1;379940;03/05/2010;101
8;1;379941;03/05/2010;101
8;1;379942;14/05/2010;101
8;1;379943;17/05/2010;101
8;1;379944;14/05/2010;101
8;1;379945;17/05/2010;101
8;1;379946;18/05/2010;101
8;1;379947;18/05/2010;101
8;1;379948;19/05/2010;101
8;1;379949;19/05/2010;101
276;1;379950;20/05/2010;101
8;1;379951;20/05/2010;101
8;1;379952;20/05/2010;101
8;1;379953;20/05/2010;101
8;1;379954;24/05/2010;101
8;1;379955;22/05/2010;101
8;1;379956;20/05/2010;101
8;1;379957;02/06/2010;101
4;1;379958;07/06/2010;101
8;1;379959;04/06/2010;101
8;1;379960;04/06/2010;101
8;1;379961;02/06/2010;101
8;1;379962;02/06/2010;101
8;1;379963;01/06/2010;101
8;1;379964;01/06/2010;101
8;1;379965;01/06/2010;101
8;1;379966;01/06/2010;101
8;1;379967;01/06/2010;101
8;1;379968;01/06/2010;101
8;1;379969;02/06/2010;101
8;1;379970;07/06/2010;101
8;1;379971;01/06/2010;101
8;1;379972;04/06/2010;101
8;1;379973;07/06/2010;101
8;1;379974;07/06/2010;101
8;1;379975;07/06/2010;101
8;1;379976;08/06/2010;101
8;1;379977;05/06/2010;101
8;1;379978;09/06/2010;101
8;1;379979;08/06/2010;101
8;1;379980;07/06/2010;101
8;1;379981;07/06/2010;101
8;1;379982;01/06/2010;101
8;1;379983;10/06/2010;101
8;1;379984;10/06/2010;101
8;1;379985;09/06/2010;101
8;1;379986;10/06/2010;101
8;1;379987;01/06/2010;103
8;1;379988;11/06/2010;101
8;1;379989;11/06/2010;101
8;1;379990;11/06/2010;101
8;1;379991;11/06/2010;101
8;1;379992;11/06/2010;101
276;1;379993;11/06/2010;101
8;1;379994;12/06/2010;101
8;1;379995;14/06/2010;101
8;1;379996;12/06/2010;101
8;1;379997;15/06/2010;101
8;1;379998;14/06/2010;101
8;1;379999;15/06/2010;101
8;1;380000;15/06/2010;101
8;1;380001;15/06/2010;101
8;1;380002;01/06/2010;103
8;1;380003;15/06/2010;101
8;1;380004;15/06/2010;101
8;1;380005;15/06/2010;101
8;1;380006;15/06/2010;101
8;1;380007;16/06/2010;101
8;1;380008;17/06/2010;101
8;1;380009;17/06/2010;101
8;1;380010;19/06/2010;101
8;1;380011;19/06/2010;101
8;1;380012;21/06/2010;101
8;1;380013;22/06/2010;101
8;1;380014;22/06/2010;101
8;1;380015;22/06/2010;101
8;1;380016;22/06/2010;101
8;1;380017;18/06/2010;103
8;1;380018;25/06/2010;101
8;1;380019;02/07/2010;101
8;1;380020;01/07/2010;101
8;1;380021;02/07/2010;101
8;1;380022;03/07/2010;101
8;1;380023;02/07/2010;101
8;1;380024;05/07/2010;101
8;1;380025;01/07/2010;101
8;1;380026;01/07/2010;101
8;1;380027;06/07/2010;101
8;1;380028;07/07/2010;101
8;1;380029;06/07/2010;101
8;1;380030;01/07/2010;101
8;1;380031;01/07/2010;101
8;1;380032;01/07/2010;101
8;1;380033;01/07/2010;101
8;1;380034;01/07/2010;101
8;1;380035;01/07/2010;101
8;1;380036;01/07/2010;101
8;1;380037;01/07/2010;101
8;1;380038;01/07/2010;101
8;1;380039;08/07/2010;101
8;1;380040;01/07/2010;101
8;1;380041;01/07/2010;101
8;1;380042;05/07/2010;101
8;1;380043;07/07/2010;101
8;1;380044;07/07/2010;101
8;1;380045;07/07/2010;101
8;1;380046;08/07/2010;101
8;1;380047;08/07/2010;101
8;1;380048;09/07/2010;101
8;1;380049;09/07/2010;101
4;1;380050;12/07/2010;101
8;1;380051;12/07/2010;101
8;1;380052;12/07/2010;101
8;1;380053;12/07/2010;101
8;1;380054;12/07/2010;101
8;1;380055;10/07/2010;101
8;1;380056;10/07/2010;101
8;1;380057;10/07/2010;101
8;1;380058;10/07/2010;101
8;1;380059;13/07/2010;101
8;1;380060;14/07/2010;101
8;1;380061;15/07/2010;101
8;1;380062;15/07/2010;101
8;1;380063;15/07/2010;101
8;1;380064;15/07/2010;101
8;1;380065;16/07/2010;101
8;1;380066;16/07/2010;101
8;1;380067;15/07/2010;101
8;1;380068;15/07/2010;101
8;1;380069;26/07/2010;101
8;1;380070;16/07/2010;101
8;1;380071;15/07/2010;101
8;1;380072;15/07/2010;101
8;1;380073;20/07/2010;101
8;1;380074;19/07/2010;101
8;1;380075;16/07/2010;101
8;1;380076;16/07/2010;101
8;1;380077;20/07/2010;101
8;1;380078;20/07/2010;101
8;1;380079;20/07/2010;101
8;1;380080;20/07/2010;101
8;1;380081;20/07/2010;101
8;1;380082;20/07/2010;101
8;1;380083;21/07/2010;101
8;1;380084;20/07/2010;101
8;1;380085;26/07/2010;103
8;1;380086;22/07/2010;101
8;1;380087;22/07/2010;101
8;1;380088;22/07/2010;101
8;1;380089;21/07/2010;101
8;1;380090;21/07/2010;101
8;1;380091;22/07/2010;101
8;1;380092;22/07/2010;101
8;1;380093;22/07/2010;101
8;1;380094;19/07/2010;101
8;1;380095;02/08/2010;101
8;1;380096;02/08/2010;101
8;1;380097;02/08/2010;101
8;1;380098;02/08/2010;101
8;1;380099;02/08/2010;101
8;1;380100;02/08/2010;101
8;1;380101;02/08/2010;101
8;1;380102;06/08/2010;101
8;1;380103;02/08/2010;101
8;1;380104;02/08/2010;101
8;1;380105;02/08/2010;101
8;1;380106;02/08/2010;101
8;1;380107;02/08/2010;101
8;1;380108;01/08/2010;101
8;1;380109;02/08/2010;101
8;1;380110;12/08/2010;101
8;1;380111;07/08/2010;101
8;1;380112;16/08/2010;103
8;1;380113;06/08/2010;101
8;1;380114;07/08/2010;101
8;1;380115;02/08/2010;101
8;1;380116;06/08/2010;101
8;1;380117;05/08/2010;101
8;1;380118;02/08/2010;101
8;1;380119;10/08/2010;101
8;1;380120;10/08/2010;101
8;1;380121;11/08/2010;101
8;1;380122;11/08/2010;101
8;1;380123;11/08/2010;101
8;1;380124;16/08/2010;101
8;1;380125;11/08/2010;101
8;1;380126;11/08/2010;101
8;1;380127;13/08/2010;101
8;1;380128;13/08/2010;101
8;1;380129;13/08/2010;101
8;1;380130;16/08/2010;101
8;1;380131;16/08/2010;101
8;1;380132;16/08/2010;101
8;1;380133;23/08/2010;103
8;1;380134;16/08/2010;101
8;1;380135;14/08/2010;101
8;1;380136;17/08/2010;101
8;1;380137;18/08/2010;101
8;1;380138;18/08/2010;101
8;1;380139;16/08/2010;101
4;1;380140;01/09/2010;101
8;1;380141;19/08/2010;101
8;1;380142;19/08/2010;101
4;1;380143;01/09/2010;101
8;1;380144;23/08/2010;101
8;1;380145;20/08/2010;101
8;1;380146;17/08/2010;101
8;1;380147;19/08/2010;101
8;1;380148;19/08/2010;101
8;1;380149;19/08/2010;101
8;1;380150;17/08/2010;101
8;1;380151;17/08/2010;101
8;1;380152;21/08/2010;101
8;1;380153;20/08/2010;101
4;1;380154;01/09/2010;101
8;1;380155;24/08/2010;101
8;1;380156;01/09/2010;101
8;1;380157;01/09/2010;101
8;1;380158;01/09/2010;101
8;1;380159;01/09/2010;101
8;1;380160;03/09/2010;101
8;1;380161;01/09/2010;101
8;1;380162;03/09/2010;101
8;1;380163;01/09/2010;101
8;1;380164;02/09/2010;101
8;1;380165;01/09/2010;101
8;1;380166;01/09/2010;101
8;1;380167;01/09/2010;101
8;1;380168;01/09/2010;101
8;1;380169;01/09/2010;101
8;1;380170;01/09/2010;101
8;1;380171;09/09/2010;101
8;1;380172;04/09/2010;101
8;1;380173;08/09/2010;101
8;1;380174;06/09/2010;101
8;1;380175;04/09/2010;101
8;1;380176;04/09/2010;101
8;1;380177;06/09/2010;101
8;1;380178;08/09/2010;101
8;1;380179;09/09/2010;101
8;1;380180;09/09/2010;101
8;1;380181;09/09/2010;101
8;1;380182;08/09/2010;101
8;1;380183;08/09/2010;101
8;1;380184;09/09/2010;101
8;1;380185;09/09/2010;101
8;1;380186;10/09/2010;101
8;1;380187;10/09/2010;101
8;1;380188;09/09/2010;101
8;1;380189;09/09/2010;101
8;1;380190;01/09/2010;101
8;1;380191;10/09/2010;101
8;1;380192;10/09/2010;101
8;1;380193;10/09/2010;101
8;1;380195;13/09/2010;101
8;1;380196;15/09/2010;101
8;1;380197;15/09/2010;101
8;1;380198;14/09/2010;101
8;1;380199;14/09/2010;101
8;1;380200;16/09/2010;101
8;1;380201;17/09/2010;101
8;1;380202;17/09/2010;101
8;1;380203;17/09/2010;101
8;1;380204;09/09/2010;103
8;1;380205;18/09/2010;101
8;1;380206;17/09/2010;101
8;1;380207;17/09/2010;101
8;1;380208;17/09/2010;101
8;1;380209;09/09/2010;101
8;1;380210;21/09/2010;101
8;1;380211;21/09/2010;101
8;1;380212;22/09/2010;101
8;1;380213;22/09/2010;101
8;1;380214;22/09/2010;101
8;1;380215;22/09/2010;101
276;1;380216;22/09/2010;101
8;1;380217;23/09/2010;101
8;1;380218;22/09/2010;101
8;1;380219;24/09/2010;101
8;1;380220;18/09/2010;101
8;1;380221;01/10/2010;101
8;1;380222;01/10/2010;101
8;1;380223;01/10/2010;101
8;1;380224;01/10/2010;101
8;1;380225;01/10/2010;101
8;1;380226;01/10/2010;101
8;1;380227;01/10/2010;101
8;1;380228;02/10/2010;101
8;1;380229;02/10/2010;101
8;1;380230;02/10/2010;101
8;1;380231;02/10/2010;101
8;1;380232;05/10/2010;101
8;1;380233;05/10/2010;101
8;1;380234;05/10/2010;101
8;1;380235;05/10/2010;101
8;1;380236;05/10/2010;101
8;1;380237;05/10/2010;101
8;1;380238;06/10/2010;101
8;1;380239;05/10/2010;101
8;1;380240;07/10/2010;101
8;1;380241;07/10/2010;101
8;1;380242;07/10/2010;101
8;1;380243;11/10/2010;101
8;1;380244;11/10/2010;101
8;1;380245;09/10/2010;101
8;1;380246;11/10/2010;101
8;1;380247;11/10/2010;101
8;1;380248;11/10/2010;101
8;1;380249;13/10/2010;101
8;1;380250;13/10/2010;101
8;1;380251;13/10/2010;101
8;1;380252;13/10/2010;101
8;1;380253;13/10/2010;101
8;1;380254;13/10/2010;101
8;1;380255;13/10/2010;101
8;1;380256;14/10/2010;101
8;1;380257;14/10/2010;101
8;1;380258;15/10/2010;101
8;1;380259;15/10/2010;101
8;1;380260;15/10/2010;101
8;1;380261;19/10/2010;101
8;1;380262;20/10/2010;101
8;1;380263;20/10/2010;101
8;1;380264;19/10/2010;101
8;1;380265;19/10/2010;101
8;1;380266;20/10/2010;101
8;1;380267;19/10/2010;101
8;1;380268;19/10/2010;101
8;1;380269;19/10/2010;101
8;1;380270;19/10/2010;101
8;1;380271;19/10/2010;101
8;1;380272;19/10/2010;101
8;1;380273;22/10/2010;101
8;1;380274;22/10/2010;101
8;1;380275;21/10/2010;101
8;1;380276;21/10/2010;101
8;1;380277;22/10/2010;101
8;1;380278;22/10/2010;101
8;1;380279;22/10/2010;101
8;1;380280;22/10/2010;101
8;1;380281;22/10/2010;101
8;1;380282;25/10/2010;101
8;1;380283;01/11/2010;101
8;1;380284;01/11/2010;101
8;1;380285;01/11/2010;101
8;1;380286;01/11/2010;101
8;1;380287;01/11/2010;101
8;1;380288;01/11/2010;101
8;1;380289;01/11/2010;101
8;1;380290;01/11/2010;101
8;1;380291;01/11/2010;101
8;1;380292;01/11/2010;101
8;1;380293;01/11/2010;101
8;1;380294;03/11/2010;101
8;1;380295;01/11/2010;101
8;1;380296;03/11/2010;101
8;1;380297;03/11/2010;101
8;1;380298;03/11/2010;101
8;1;380299;03/11/2010;101
8;1;380300;01/11/2010;101
8;1;380301;08/11/2010;101
8;1;380302;08/11/2010;101
8;1;380303;08/11/2010;101
8;1;380304;08/11/2010;101
8;1;380305;08/11/2010;101
8;1;380306;08/11/2010;101
8;1;380307;08/11/2010;101
8;1;380308;08/11/2010;101
8;1;380309;08/11/2010;101
8;1;380310;08/11/2010;101
8;1;380311;08/11/2010;101
8;1;380312;08/11/2010;101
8;1;380313;08/11/2010;101
8;1;380314;08/11/2010;101
8;1;380315;03/11/2010;101
8;1;380316;03/11/2010;101
8;1;380317;03/11/2010;101
8;1;380318;03/11/2010;101
8;1;380319;05/11/2010;101
8;1;380320;05/11/2010;101
8;1;380321;05/11/2010;101
8;1;380322;05/11/2010;101
8;1;380323;05/11/2010;101
8;1;380324;04/11/2010;101
8;1;380325;09/11/2010;101
8;1;380326;10/11/2010;101
8;1;380327;09/11/2010;101
8;1;380328;01/11/2010;103
8;1;380329;09/11/2010;101
8;1;380330;08/11/2010;103
8;1;380331;09/11/2010;101
8;1;380332;08/11/2010;103
8;1;380333;04/11/2010;103
8;1;380334;09/11/2010;103
8;1;380335;29/11/2010;103
8;1;380336;29/11/2010;103
8;1;380337;09/11/2010;101
8;1;380338;09/11/2010;103
8;1;380339;09/11/2010;101
8;1;380340;08/11/2010;103
8;1;380341;09/11/2010;101
8;1;380342;03/11/2010;101
8;1;380343;09/11/2010;101
8;1;380344;09/11/2010;101
8;1;380345;12/11/2010;101
8;1;380346;08/11/2010;103
8;1;380347;08/11/2010;103
8;1;380348;12/11/2010;103
8;1;380349;17/11/2010;101
8;1;380350;08/11/2010;103
8;1;380351;17/11/2010;101
8;1;380352;04/11/2010;101
8;1;380353;12/11/2010;101
8;1;380354;12/11/2010;101
8;1;380355;12/11/2010;101
8;1;380356;11/11/2010;101
8;1;380357;13/11/2010;101
8;1;380358;08/11/2010;103
8;1;380359;08/11/2010;103
8;1;380360;16/11/2010;101
8;1;380361;16/11/2010;101
8;1;380362;16/11/2010;101
8;1;380363;16/11/2010;101
8;1;380364;25/11/2010;101
8;1;380365;17/11/2010;101
8;1;380366;17/11/2010;101
8;1;380367;17/11/2010;101
8;1;380368;17/11/2010;101
8;1;380369;17/11/2010;101
8;1;380370;18/11/2010;101
8;1;380371;17/11/2010;101
8;1;380372;18/11/2010;101
8;1;380373;18/11/2010;101
8;1;380374;18/11/2010;101
8;1;380375;17/11/2010;103
8;1;380376;18/11/2010;101
8;1;380377;19/11/2010;101
8;1;380378;19/11/2010;101
8;1;380379;22/11/2010;101
8;1;380380;19/11/2010;101
8;1;380381;19/11/2010;101
8;1;380382;22/11/2010;101
8;1;380383;08/11/2010;103
8;1;380384;17/11/2010;103
8;1;380385;19/11/2010;101
8;1;380386;19/11/2010;101
8;1;380387;19/11/2010;101
8;1;380388;23/11/2010;101
8;1;380389;25/11/2010;101
8;1;380390;23/11/2010;101
8;1;380391;23/11/2010;101
8;1;380392;25/11/2010;101
8;1;380393;19/11/2010;101
8;1;380394;19/11/2010;101
8;1;380395;23/11/2010;101
8;1;380396;23/11/2010;101
8;1;380397;03/12/2010;101
8;1;380398;06/12/2010;101
8;1;380399;01/12/2010;101
8;1;380400;01/12/2010;101
8;1;380401;01/12/2010;101
8;1;380402;01/12/2010;101
8;1;380403;01/12/2010;101
8;1;380404;01/12/2010;101
8;1;380405;01/12/2010;101
8;1;380406;01/12/2010;101
8;1;380407;01/12/2010;101
8;1;380408;01/12/2010;101
8;1;380409;01/12/2010;101
8;1;380410;01/12/2010;101
8;1;380411;01/12/2010;101
8;1;380412;02/12/2010;101
8;1;380413;07/12/2010;101
8;1;380414;01/12/2010;101
8;1;380415;01/12/2010;101
8;1;380416;01/12/2010;101
8;1;380417;01/12/2010;101
8;1;380418;01/12/2010;101
8;1;380419;01/12/2010;101
8;1;380420;01/12/2010;101
8;1;380421;01/12/2010;101
8;1;380422;01/12/2010;101
8;1;380423;01/12/2010;101
8;1;380424;02/12/2010;101
8;1;380425;01/12/2010;101
8;1;380426;07/12/2010;101
8;1;380427;04/12/2010;101
8;1;380428;01/12/2010;101
8;1;380429;01/12/2010;101
8;1;380430;01/12/2010;101
8;1;380431;01/12/2010;101
8;1;380432;04/12/2010;101
8;1;380433;01/12/2010;101
8;1;380434;01/12/2010;101
8;1;380435;02/12/2010;101
8;1;380436;01/12/2010;101
8;1;380437;01/12/2010;101
8;1;380438;01/12/2010;101
8;1;380439;07/12/2010;101
8;1;380440;07/12/2010;101
8;1;380441;01/12/2010;101
8;1;380442;07/12/2010;101
8;1;380443;06/12/2010;101
8;1;380444;06/12/2010;101
8;1;380445;03/12/2010;101
8;1;380446;06/12/2010;101
8;1;380447;08/12/2010;101
8;1;380448;07/12/2010;101
8;1;380449;07/12/2010;101
8;1;380450;07/12/2010;101
8;1;380451;07/12/2010;101
8;1;380452;01/12/2010;101
8;1;380453;01/12/2010;101
8;1;380454;01/12/2010;101
8;1;380455;06/12/2010;101
8;1;380456;01/12/2010;101
8;1;380457;10/12/2010;101
8;1;380458;01/12/2010;101
8;1;380459;02/12/2010;101
8;1;380460;01/12/2010;101
8;1;380461;03/12/2010;101
8;1;380462;06/12/2010;101
8;1;380463;10/12/2010;101
8;1;380464;10/12/2010;101
8;1;380465;10/12/2010;101
8;1;380466;01/12/2010;103
8;1;380467;10/12/2010;101
8;1;380468;10/12/2010;101
8;1;380469;01/12/2010;103
8;1;380470;14/12/2010;101
8;1;380471;01/12/2010;103
8;1;380472;14/12/2010;101
8;1;380473;15/12/2010;101
8;1;380474;10/12/2010;101
8;1;380475;11/12/2010;101
8;1;380476;10/12/2010;101
8;1;380477;09/12/2010;101
8;1;380478;08/12/2010;101
8;1;380479;13/12/2010;101
8;1;380480;13/12/2010;101
8;1;380481;01/12/2010;101
8;1;380482;13/12/2010;101
8;1;380483;13/12/2010;101
8;1;380484;13/12/2010;101
8;1;380485;13/12/2010;101
8;1;380486;10/12/2010;101
8;1;380487;10/12/2010;101
8;1;380488;10/12/2010;101
8;1;380489;01/12/2010;101
8;1;380490;16/12/2010;101
8;1;380491;16/12/2010;101
8;1;380492;16/12/2010;101
8;1;380493;16/12/2010;101
8;1;380494;16/12/2010;101
8;1;380495;01/12/2010;101
8;1;380496;16/12/2010;101
8;1;380497;17/12/2010;101
8;1;380498;17/12/2010;101
8;1;380499;16/12/2010;101
8;1;380500;16/12/2010;101
8;1;380501;17/12/2010;101
8;1;380502;16/12/2010;101
8;1;380503;16/12/2010;101
8;1;380504;16/12/2010;101
8;1;380505;17/12/2010;101
8;1;380506;17/12/2010;101
8;1;380507;18/12/2010;101
8;1;380508;18/12/2010;101
8;1;380509;13/12/2010;103
8;1;380510;22/12/2010;101
8;1;380511;22/12/2010;101
8;1;380512;05/01/2011;101
8;1;380513;05/01/2011;101
4;1;380514;10/01/2011;103
4;1;380515;10/01/2011;103
4;1;380516;10/01/2011;103
8;1;380517;05/01/2011;101
8;1;380518;03/01/2011;101
8;1;380519;03/01/2011;101
8;1;380520;03/01/2011;101
8;1;380521;03/01/2011;101
8;1;380522;06/01/2011;101
8;1;380523;03/01/2011;101
8;1;380524;03/01/2011;103
8;1;380525;03/01/2011;101
8;1;380526;03/01/2011;101
8;1;380527;06/01/2011;101
8;1;380528;03/01/2011;101
8;1;380529;03/01/2011;101
8;1;380530;03/01/2011;101
8;1;380531;03/01/2011;101
8;1;380532;03/01/2011;101
8;1;380533;03/01/2011;101
8;1;380534;03/01/2011;101
8;1;380535;03/01/2011;101
8;1;380536;03/01/2011;101
8;1;380537;10/01/2011;101
8;1;380538;06/01/2011;101
8;1;380539;06/01/2011;101
8;1;380540;10/01/2011;101
8;1;380541;17/01/2011;101
8;1;380542;17/01/2011;101
8;1;380543;10/01/2011;101
8;1;380544;13/01/2011;101
8;1;380545;17/01/2011;101
8;1;380546;18/01/2011;101
8;1;380547;15/01/2011;101
8;1;380548;15/01/2011;101
8;1;380549;05/01/2011;101
8;1;380550;19/01/2011;101
8;1;380551;19/01/2011;101
8;1;380552;19/01/2011;101
8;1;380553;19/01/2011;101
8;1;380554;19/01/2011;101
8;1;380555;25/01/2011;103
8;1;380556;19/01/2011;101
8;1;380557;20/01/2011;101
8;1;380558;17/01/2011;101
8;1;380559;17/01/2011;101
8;1;380560;10/01/2011;103
8;1;380561;10/01/2011;103
8;1;380562;10/01/2011;103
8;1;380563;10/01/2011;103
8;1;380564;10/01/2011;103
8;1;380565;10/01/2011;103
8;1;380566;10/01/2011;103
8;1;380567;10/01/2011;103
8;1;380568;10/01/2011;103
8;1;380569;10/01/2011;103
8;1;380570;10/01/2011;103
8;1;380571;10/01/2011;103
8;1;380572;10/01/2011;103
8;1;380573;10/01/2011;103
8;1;380574;10/01/2011;103
8;1;380575;20/01/2011;101
8;1;380576;20/01/2011;101
8;1;380577;21/01/2011;101
8;1;380578;21/01/2011;101
8;1;380579;21/01/2011;101
4;1;380580;01/02/2011;101
8;1;380580;01/02/2011;101
8;1;380581;24/01/2011;101
8;1;380582;25/01/2011;103
8;1;380583;24/01/2011;101
4;1;380584;01/02/2011;101
4;1;380585;01/02/2011;101
4;1;380586;01/02/2011;101
8;1;380587;24/01/2011;101
8;1;380588;24/01/2011;101
8;1;380589;24/01/2011;101
8;1;380590;24/01/2011;101
8;1;380591;24/01/2011;101
8;1;380592;24/01/2011;101
4;1;380593;01/02/2011;101
8;1;380594;25/01/2011;101
4;1;380595;01/02/2011;101
4;1;380596;01/02/2011;101
4;1;380597;01/02/2011;101
4;1;380598;01/02/2011;101
8;1;380599;14/02/2011;103
8;1;380600;01/02/2011;101
8;1;380601;14/02/2011;103
8;1;380602;01/02/2011;101
8;1;380603;14/02/2011;103
8;1;380604;01/02/2011;101
8;1;380605;01/02/2011;101
8;1;380606;01/02/2011;101
8;1;380607;01/02/2011;101
8;1;380608;01/02/2011;101
8;1;380609;01/02/2011;101
8;1;380610;01/02/2011;101
8;1;380611;07/02/2011;101
8;1;380612;08/02/2011;101
8;1;380613;07/02/2011;103
8;1;380614;08/02/2011;101
8;1;380615;28/02/2011;103
8;1;380616;08/02/2011;101
8;1;380617;14/02/2011;103
8;1;380618;07/02/2011;103
8;1;380619;07/02/2011;101
8;1;380620;07/02/2011;101
8;1;380621;07/02/2011;101
8;1;380622;10/02/2011;101
8;1;380623;10/02/2011;101
8;1;380624;11/02/2011;101
8;1;380625;11/02/2011;101
8;1;380626;11/02/2011;101
8;1;380627;14/02/2011;101
8;1;380628;07/02/2011;101
8;1;380629;07/02/2011;101
8;1;380630;15/02/2011;101
8;1;380631;16/02/2011;101
8;1;380632;15/02/2011;101
8;1;380633;15/02/2011;101
8;1;380634;17/02/2011;101
8;1;380635;17/02/2011;101
8;1;380636;07/02/2011;103
4;1;380637;21/02/2011;101
8;1;380638;17/02/2011;101
4;1;380639;21/02/2011;101
8;1;380640;14/02/2011;103
8;1;380641;17/02/2011;101
8;1;380642;18/02/2011;101
8;1;380643;18/02/2011;101
8;1;380644;18/02/2011;101
8;1;380645;21/02/2011;101
8;1;380646;19/02/2011;101
8;1;380647;19/02/2011;101
8;1;380648;19/02/2011;101
8;1;380649;18/02/2011;101
8;1;380650;23/02/2011;101
8;1;380651;28/02/2011;103
8;1;380652;28/02/2011;103
8;1;380653;01/03/2011;101
8;1;380654;02/03/2011;101
8;1;380655;02/03/2011;101
8;1;380656;02/03/2011;101
8;1;380657;02/03/2011;101
8;1;380658;02/03/2011;101
8;1;380659;01/03/2011;101
8;1;380660;01/03/2011;101
8;1;380661;01/03/2011;101
8;1;380662;01/03/2011;101
8;1;380663;01/03/2011;101
8;1;380664;01/03/2011;101
8;1;380665;01/03/2011;101
8;1;380666;02/03/2011;101
8;1;380667;02/03/2011;101
8;1;380668;02/03/2011;101
8;1;380669;03/03/2011;101
8;1;380670;04/03/2011;101
8;1;380671;05/03/2011;101
8;1;380672;05/03/2011;101
8;1;380673;07/03/2011;101
8;1;380674;10/03/2011;101
8;1;380675;07/03/2011;101
8;1;380676;07/03/2011;101
8;1;380677;07/03/2011;101
8;1;380678;07/03/2011;101
8;1;380679;07/03/2011;101
8;1;380680;01/03/2011;103
8;1;380681;21/03/2011;103
8;1;380682;01/03/2011;103
8;1;380683;01/03/2011;103
8;1;380684;14/03/2011;103
8;1;380685;14/03/2011;103
8;1;380686;10/03/2011;103
8;1;380687;14/03/2011;103
8;1;380688;14/03/2011;103
8;1;380689;28/03/2011;103
8;1;380690;07/03/2011;101
8;1;380691;07/03/2011;101
8;1;380692;07/03/2011;101
8;1;380693;01/03/2011;103
8;1;380694;07/03/2011;101
8;1;380695;09/03/2011;101
8;1;380696;09/03/2011;101
8;1;380697;10/03/2011;101
8;1;380698;09/03/2011;101
8;1;380699;10/03/2011;101
8;1;380700;10/03/2011;101
8;1;380701;14/03/2011;101
8;1;380702;11/03/2011;101
8;1;380703;07/03/2011;101
8;1;380704;11/03/2011;101
8;1;380705;11/03/2011;101
8;1;380706;11/03/2011;101
8;1;380707;11/03/2011;101
8;1;380708;11/03/2011;101
8;1;380709;15/03/2011;101
8;1;380710;15/03/2011;101
8;1;380711;15/03/2011;101
8;1;380712;15/03/2011;101
8;1;380713;15/03/2011;101
8;1;380714;16/03/2011;101
8;1;380715;14/03/2011;103
8;1;380716;16/03/2011;101
8;1;380717;16/03/2011;101
8;1;380718;18/03/2011;101
8;1;380719;17/03/2011;101
8;1;380720;17/03/2011;101
8;1;380721;18/03/2011;101
8;1;380722;21/03/2011;101
8;1;380723;14/03/2011;103
8;1;380724;17/03/2011;101
8;1;380725;19/03/2011;101
8;1;380726;19/03/2011;101
8;1;380727;21/03/2011;101
8;1;380728;21/03/2011;103
8;1;380729;19/03/2011;101
4;1;380730;21/03/2011;101
8;1;380731;17/03/2011;101
8;1;380732;17/03/2011;101
8;1;380733;22/03/2011;101
8;1;380734;19/03/2011;101
8;1;380735;10/03/2011;103
8;1;380736;22/03/2011;101
4;1;380737;04/04/2011;101
4;1;380738;04/04/2011;101
4;1;380739;04/04/2011;101
8;1;380741;23/03/2011;101
8;1;380742;11/03/2011;103
8;1;380743;23/03/2011;101
8;1;380744;23/03/2011;101
8;1;380745;17/03/2011;103
8;1;380746;23/03/2011;101
4;1;380747;04/04/2011;101
8;1;380748;01/04/2011;101
8;1;380749;04/04/2011;101
8;1;380750;01/04/2011;101
8;1;380751;05/04/2011;101
8;1;380752;01/04/2011;101
8;1;380753;04/04/2011;101
8;1;380754;05/04/2011;101
8;1;380755;05/04/2011;101
8;1;380756;01/04/2011;101
8;1;380757;04/04/2011;101
8;1;380758;04/04/2011;101
8;1;380759;04/04/2011;101
8;1;380760;01/04/2011;101
8;1;380761;04/04/2011;101
8;1;380762;01/04/2011;101
8;1;380763;01/04/2011;101
8;1;380764;01/04/2011;101
8;1;380765;01/04/2011;101
8;1;380766;05/04/2011;101
8;1;380767;01/04/2011;101
8;1;380768;01/04/2011;101
8;1;380769;01/04/2011;101
8;1;380770;01/04/2011;101
8;1;380771;01/04/2011;101
8;1;380772;01/04/2011;101
8;1;380773;01/04/2011;101
8;1;380774;01/04/2011;101
8;1;380775;01/04/2011;101
8;1;380776;01/04/2011;101
8;1;380777;04/04/2011;101
8;1;380778;01/04/2011;101
8;1;380779;04/04/2011;101
8;1;380780;04/04/2011;101
8;1;380781;04/04/2011;101
8;1;380782;04/04/2011;101
8;1;380783;05/04/2011;101
8;1;380784;04/04/2011;101
8;1;380785;04/04/2011;101
8;1;380786;04/04/2011;101
8;1;380787;11/04/2011;101
8;1;380788;12/04/2011;101
8;1;380789;13/04/2011;101
8;1;380790;14/04/2011;101
8;1;380791;13/04/2011;101
8;1;380792;12/04/2011;101
8;1;380793;11/04/2011;101
8;1;380794;14/04/2011;101
4;1;380795;25/04/2011;101
8;1;380796;13/04/2011;101
8;1;380797;08/04/2011;101
8;1;380798;08/04/2011;101
8;1;380799;11/04/2011;101
8;1;380800;08/04/2011;101
8;1;380801;07/04/2011;101
8;1;380802;08/04/2011;101
8;1;380803;12/04/2011;101
8;1;380804;11/04/2011;101
8;1;380805;08/04/2011;101
8;1;380806;11/04/2011;101
8;1;380807;11/04/2011;101
8;1;380808;11/04/2011;101
8;1;380809;08/04/2011;101
8;1;380810;12/04/2011;101
8;1;380811;08/04/2011;101
4;1;380812;25/04/2011;101
4;1;380813;25/04/2011;101
4;1;380814;25/04/2011;101
8;1;380815;14/04/2011;101
8;1;380816;15/04/2011;101
8;1;380817;15/04/2011;101
8;1;380818;19/04/2011;101
8;1;380819;18/04/2011;101
8;1;380820;18/04/2011;101
8;1;380821;18/04/2011;101
8;1;380822;15/04/2011;101
8;1;380823;14/04/2011;101
8;1;380824;18/04/2011;101
8;1;380825;15/04/2011;101
8;1;380826;15/04/2011;101
8;1;380827;15/04/2011;101
8;1;380828;18/04/2011;101
8;1;380829;11/04/2011;101
8;1;380830;11/04/2011;101
8;1;380831;11/04/2011;101
8;1;380832;20/04/2011;101
8;1;380833;19/04/2011;101
8;1;380834;20/04/2011;101
8;1;380835;19/04/2011;101
8;1;380836;19/04/2011;101
8;1;380837;20/04/2011;101
8;1;380838;19/04/2011;101
8;1;380839;19/04/2011;101
8;1;380840;19/04/2011;101
8;1;380841;23/04/2011;101
8;1;380842;23/04/2011;101
8;1;380843;20/04/2011;101
8;1;380844;25/04/2011;101
8;1;380845;25/04/2011;101
8;1;380846;21/04/2011;101
2;1;380847;15/04/2011;722
8;1;380848;18/04/2011;722
8;1;380849;18/04/2011;722
8;1;380850;09/05/2011;103
8;1;380851;09/05/2011;103
8;1;380852;03/05/2011;101
8;1;380853;02/05/2011;101
8;1;380854;02/05/2011;101
8;1;380855;01/05/2011;101
8;1;380856;03/05/2011;101
8;1;380857;02/05/2011;101
8;1;380858;02/05/2011;101
8;1;380859;02/05/2011;101
8;1;380860;02/05/2011;101
8;1;380861;02/05/2011;101
8;1;380862;02/05/2011;101
8;1;380863;02/05/2011;101
8;1;380864;09/05/2011;101
8;1;380865;09/05/2011;101
8;1;380866;09/05/2011;101
8;1;380867;02/05/2011;101
8;1;380868;03/05/2011;101
8;1;380869;03/05/2011;101
8;1;380870;03/05/2011;101
8;1;380871;03/05/2011;101
8;1;380872;03/05/2011;101
8;1;380873;03/05/2011;101
8;1;380874;04/05/2011;101
8;1;380875;03/05/2011;101
8;1;380876;03/05/2011;101
8;1;380877;04/05/2011;101
8;1;380878;03/05/2011;101
8;1;380879;04/05/2011;101
8;1;380880;03/05/2011;101
8;1;380881;06/05/2011;101
8;1;380882;05/05/2011;101
8;1;380883;05/05/2011;101
8;1;380884;06/05/2011;101
8;1;380885;05/05/2011;101
8;1;380886;06/05/2011;101
8;1;380887;05/05/2011;101
8;1;380888;05/05/2011;101
8;1;380889;06/05/2011;101
8;1;380890;06/05/2011;101
8;1;380891;06/05/2011;101
8;1;380892;06/05/2011;101
8;1;380893;06/05/2011;101
8;1;380894;11/05/2011;101
8;1;380895;02/05/2011;101
8;1;380896;10/05/2011;101
8;1;380897;10/05/2011;101
8;1;380898;10/05/2011;101
8;1;380899;10/05/2011;101
8;1;380900;10/05/2011;101
8;1;380901;07/05/2011;101
8;1;380902;07/05/2011;101
8;1;380903;07/05/2011;101
8;1;380904;07/05/2011;101
8;1;380905;09/05/2011;101
8;1;380906;09/05/2011;101
8;1;380907;09/05/2011;101
8;1;380908;09/05/2011;101
8;1;380909;09/05/2011;101
8;1;380910;09/05/2011;101
8;1;380911;09/05/2011;101
8;1;380912;09/05/2011;101
8;1;380913;09/05/2011;101
8;1;380914;16/05/2011;101
8;1;380915;13/05/2011;101
8;1;380916;13/05/2011;101
8;1;380917;17/05/2011;101
8;1;380918;16/05/2011;101
8;1;380919;16/05/2011;101
8;1;380920;02/05/2011;103
8;1;380921;13/05/2011;101
8;1;380922;17/05/2011;101
8;1;380923;16/05/2011;101
8;1;380924;17/05/2011;101
8;1;380925;18/05/2011;101
8;1;380926;18/05/2011;101
8;1;380927;18/05/2011;101
8;1;380928;18/05/2011;101
8;1;380929;19/05/2011;101
8;1;380930;23/05/2011;101
8;1;380931;24/05/2011;101
8;1;380932;23/05/2011;101
8;1;380933;23/05/2011;101
8;1;380934;23/05/2011;101
8;1;380935;23/05/2011;101
8;1;380936;24/05/2011;101
8;1;380937;24/05/2011;101
8;1;380938;24/05/2011;101
6;1;380939;01/05/2011;722
8;1;380940;06/06/2011;103
8;1;380941;01/06/2011;101
8;1;380942;01/06/2011;101
8;1;380943;01/06/2011;101
8;1;380944;01/06/2011;101
8;1;380945;01/06/2011;101
8;1;380946;01/06/2011;101
8;1;380947;01/06/2011;101
8;1;380948;01/06/2011;101
8;1;380949;01/06/2011;101
8;1;380950;01/06/2011;101
8;1;380951;01/06/2011;101
8;1;380952;01/06/2011;101
8;1;380953;01/06/2011;101
8;1;380954;03/06/2011;101
8;1;380955;03/06/2011;101
8;1;380956;02/06/2011;101
8;1;380957;01/06/2011;101
8;1;380958;06/06/2011;101
8;1;380959;04/06/2011;101
8;1;380960;03/06/2011;101
8;1;380961;06/06/2011;101
8;1;380962;06/06/2011;101
8;1;380963;04/06/2011;101
8;1;380964;07/06/2011;101
8;1;380965;06/06/2011;101
8;1;380966;06/06/2011;103
8;1;380967;04/06/2011;101
8;1;380968;07/06/2011;101
8;1;380969;07/06/2011;101
8;1;380970;07/06/2011;101
8;1;380971;07/06/2011;101
8;1;380972;07/06/2011;101
8;1;380973;07/06/2011;101
8;1;380974;07/06/2011;101
8;1;380975;09/06/2011;101
8;1;380976;01/06/2011;722
8;1;380977;09/06/2011;101
8;1;380978;09/06/2011;101
8;1;380979;16/06/2011;101
8;1;380980;01/06/2011;101
8;1;380981;01/06/2011;101
8;1;380982;01/06/2011;101
8;1;380983;13/06/2011;101
8;1;380984;11/06/2011;101
8;1;380985;13/06/2011;101
8;1;380986;14/06/2011;101
8;1;380987;13/06/2011;101
8;1;380988;14/06/2011;101
8;1;380989;15/06/2011;101
8;1;380990;14/06/2011;101
8;1;380991;27/06/2011;103
8;1;380992;06/06/2011;103
8;1;380993;14/06/2011;101
8;1;380994;16/06/2011;101
8;1;380995;20/06/2011;101
8;1;380996;01/06/2011;101
8;1;380997;15/06/2011;101
8;1;380998;20/06/2011;101
8;1;380999;17/06/2011;101
8;1;381000;17/06/2011;101
8;1;381001;17/06/2011;101
8;1;381002;20/06/2011;101
8;1;381003;18/06/2011;101
8;1;381004;18/06/2011;101
8;1;381005;18/06/2011;101
8;1;381006;22/06/2011;101
8;1;381007;20/06/2011;101
4;1;381008;04/07/2011;101
4;1;381009;04/07/2011;101
4;1;381010;04/07/2011;101
4;1;381011;04/07/2011;101
8;1;381012;27/06/2011;101
8;1;381013;01/07/2011;103
8;1;381014;01/07/2011;103
8;1;381015;01/07/2011;103
8;1;381016;07/07/2011;101
8;1;381017;07/07/2011;101
8;1;381018;08/07/2011;101
8;1;381019;08/07/2011;101
8;1;381020;01/07/2011;101
8;1;381021;05/07/2011;101
8;1;381022;01/07/2011;101
276;1;381023;01/07/2011;101
8;1;381024;01/07/2011;101
8;1;381025;01/07/2011;101
8;1;381026;01/07/2011;101
8;1;381027;04/07/2011;101
8;1;381028;01/07/2011;101
8;1;381029;01/07/2011;101
8;1;381030;01/07/2011;101
8;1;381031;01/07/2011;101
8;1;381032;01/07/2011;101
8;1;381033;05/07/2011;101
8;1;381034;01/07/2011;101
8;1;381035;01/07/2011;101
8;1;381036;01/07/2011;101
8;1;381037;05/07/2011;101
8;1;381038;05/07/2011;101
8;1;381039;05/07/2011;101
8;1;381040;06/07/2011;101
8;1;381041;05/07/2011;101
8;1;381042;05/07/2011;101
8;1;381043;04/07/2011;101
8;1;381044;01/07/2011;101
8;1;381045;11/07/2011;101
8;1;381046;01/07/2011;101
8;1;381047;01/07/2011;101
8;1;381048;01/07/2011;101
8;1;381049;08/07/2011;101
8;1;381050;13/07/2011;101
8;1;381051;12/07/2011;101
8;1;381052;12/07/2011;101
8;1;381053;08/07/2011;101
8;1;381054;09/07/2011;101
8;1;381055;09/07/2011;101
8;1;381056;13/07/2011;101
8;1;381057;14/07/2011;101
8;1;381058;11/07/2011;101
8;1;381059;12/07/2011;101
8;1;381060;13/07/2011;101
8;1;381061;14/07/2011;101
8;1;381062;14/07/2011;101
8;1;381063;13/07/2011;101
8;1;381064;14/07/2011;101
8;1;381065;01/07/2011;101
8;1;381066;14/07/2011;101
8;1;381067;14/07/2011;101
8;1;381068;27/07/2011;103
8;1;381069;27/07/2011;101
8;1;381070;16/07/2011;101
8;1;381071;18/07/2011;101
8;1;381072;14/07/2011;101
8;1;381073;14/07/2011;101
8;1;381074;15/07/2011;101
8;1;381075;15/07/2011;101
8;1;381076;15/07/2011;101
8;1;381077;15/07/2011;101
8;1;381078;15/07/2011;101
8;1;381079;15/07/2011;101
8;1;381080;15/07/2011;101
8;1;381081;18/07/2011;101
8;1;381082;16/07/2011;101
8;1;381083;14/07/2011;101
8;1;381084;18/07/2011;101
8;1;381085;18/07/2011;101
8;1;381086;18/07/2011;101
8;1;381087;19/07/2011;101
8;1;381088;19/07/2011;101
8;1;381089;18/07/2011;101
8;1;381090;19/07/2011;101
8;1;381091;19/07/2011;101
8;1;381092;14/07/2011;101
8;1;381093;20/07/2011;101
8;1;381094;20/07/2011;101
8;1;381095;19/07/2011;101
8;1;381096;19/07/2011;101
8;1;381097;14/07/2011;101
8;1;381098;20/07/2011;101
8;1;381099;20/07/2011;101
8;1;381100;20/07/2011;101
8;1;381101;20/07/2011;101
8;1;381102;20/07/2011;101
8;1;381103;20/07/2011;101
8;1;381104;21/07/2011;101
8;1;381105;21/07/2011;101
8;1;381106;21/07/2011;101
8;1;381107;22/07/2011;101
8;1;381108;22/07/2011;101
8;1;381109;21/07/2011;101
8;1;381110;25/07/2011;101
8;1;381111;21/07/2011;101
8;1;381112;03/08/2011;101
8;1;381113;08/08/2011;101
8;1;381114;01/08/2011;101
8;1;381115;01/08/2011;101
8;1;381116;01/08/2011;101
8;1;381117;01/08/2011;101
8;1;381118;01/08/2011;101
8;1;381119;01/08/2011;101
8;1;381120;01/08/2011;101
8;1;381121;01/08/2011;101
8;1;381122;01/08/2011;101
8;1;381123;01/08/2011;101
8;1;381124;01/08/2011;101
8;1;381125;01/08/2011;101
8;1;381126;03/08/2011;101
8;1;381127;01/08/2011;101
8;1;381128;01/08/2011;101
8;1;381129;01/08/2011;101
8;1;381130;03/08/2011;101
8;1;381131;03/08/2011;101
8;1;381132;04/08/2011;101
8;1;381133;05/08/2011;101
8;1;381134;04/08/2011;101
8;1;381135;04/08/2011;101
8;1;381136;02/08/2011;101
8;1;381137;02/08/2011;101
8;1;381138;01/08/2011;101
8;1;381139;08/08/2011;101
8;1;381140;08/08/2011;101
8;1;381141;08/08/2011;101
8;1;381142;02/08/2011;101
8;1;381143;05/08/2011;101
8;1;381144;02/08/2011;101
8;1;381145;08/08/2011;101
8;1;381146;10/08/2011;101
8;1;381147;10/08/2011;101
8;1;381148;10/08/2011;101
8;1;381149;11/08/2011;101
8;1;381150;11/08/2011;101
8;1;381151;11/08/2011;101
8;1;381152;11/08/2011;101
8;1;381153;15/08/2011;103
8;1;381154;11/08/2011;101
8;1;381155;16/08/2011;101
8;1;381156;12/08/2011;101
8;1;381157;15/08/2011;101
8;1;381158;20/08/2011;101
8;1;381159;16/08/2011;101
8;1;381160;16/08/2011;101
8;1;381161;15/08/2011;101
8;1;381162;16/08/2011;101
4;1;381163;22/08/2011;101
8;1;381164;17/08/2011;101
8;1;381165;17/08/2011;101
4;1;381166;22/08/2011;101
8;1;381167;17/08/2011;101
8;1;381168;17/08/2011;101
4;1;381169;22/08/2011;101
8;1;381170;18/08/2011;101
8;1;381171;19/08/2011;101
276;1;381172;19/08/2011;101
8;1;381173;20/08/2011;101
8;1;381174;20/08/2011;101
8;1;381175;20/08/2011;101
8;1;381176;20/08/2011;101
8;1;381177;22/08/2011;101
8;1;381178;20/08/2011;101
8;1;381179;20/08/2011;101
8;1;381180;23/08/2011;101
8;1;381181;24/08/2011;101
8;1;381182;15/08/2011;103
8;1;381183;01/09/2011;101
8;1;381184;01/09/2011;101
8;1;381185;03/09/2011;101
8;1;381186;03/09/2011;101
8;1;381187;03/09/2011;101
8;1;381188;12/09/2011;101
8;1;381189;12/09/2011;101
8;1;381190;12/09/2011;101
8;1;381191;12/09/2011;101
8;1;381192;12/09/2011;101
8;1;381193;12/09/2011;101
8;1;381194;12/09/2011;101
8;1;381195;12/09/2011;101
8;1;381196;08/09/2011;101
8;1;381197;12/09/2011;101
8;1;381198;12/09/2011;101
8;1;381199;12/09/2011;101
8;1;381200;12/09/2011;101
8;1;381201;01/09/2011;101
8;1;381202;01/09/2011;101
8;1;381203;01/09/2011;101
8;1;381204;01/09/2011;101
8;1;381205;01/09/2011;101
8;1;381206;01/09/2011;101
8;1;381207;01/09/2011;101
8;1;381208;01/09/2011;101
8;1;381209;05/09/2011;101
8;1;381210;01/09/2011;101
8;1;381211;02/09/2011;101
8;1;381212;02/09/2011;101
8;1;381213;03/09/2011;101
8;1;381214;03/09/2011;101
8;1;381215;03/09/2011;101
8;1;381216;05/09/2011;101
8;1;381217;05/09/2011;101
8;1;381218;05/09/2011;101
8;1;381219;06/09/2011;101
8;1;381220;05/09/2011;101
8;1;381221;06/09/2011;101
8;1;381222;06/09/2011;101
8;1;381223;06/09/2011;101
8;1;381224;08/09/2011;101
4;1;381225;21/09/2011;101
8;1;381226;01/09/2011;101
4;1;381227;21/09/2011;101
8;1;381228;10/09/2011;101
8;1;381229;12/09/2011;101
8;1;381230;12/09/2011;101
8;1;381231;09/09/2011;101
8;1;381232;09/09/2011;101
8;1;381233;08/09/2011;101
8;1;381234;09/09/2011;101
8;1;381235;01/09/2011;103
8;1;381236;13/09/2011;101
8;1;381237;13/09/2011;101
8;1;381238;13/09/2011;101
8;1;381239;14/09/2011;101
8;1;381240;08/09/2011;101
8;1;381241;15/09/2011;101
8;1;381242;19/09/2011;101
8;1;381243;17/09/2011;101
8;1;381244;19/09/2011;101
8;1;381245;19/09/2011;101
8;1;381246;17/09/2011;101
8;1;381247;15/09/2011;101
8;1;381248;15/09/2011;101
8;1;381249;16/09/2011;101
8;1;381250;15/09/2011;101
8;1;381251;15/09/2011;101
8;1;381252;19/09/2011;101
8;1;381253;22/09/2011;101
8;1;381254;21/09/2011;101
8;1;381255;17/09/2011;101
8;1;381256;21/09/2011;103
8;1;381257;17/09/2011;101
8;1;381258;17/09/2011;101
8;1;381259;21/09/2011;101
8;1;381260;23/09/2011;101
8;1;381261;24/09/2011;101
8;1;381262;23/09/2011;101
8;1;381263;21/09/2011;101
8;1;381264;21/09/2011;101
8;1;381265;21/09/2011;101
8;1;381266;23/09/2011;101
8;1;381267;22/09/2011;101
8;1;381268;22/09/2011;101
8;1;381269;22/09/2011;101
8;1;381270;22/09/2011;101
8;1;381271;03/10/2011;101
8;1;381272;03/10/2011;101
8;1;381273;03/10/2011;101
8;1;381274;01/10/2011;101
8;1;381275;04/10/2011;101
8;1;381276;01/10/2011;101
8;1;381277;01/10/2011;101
8;1;381278;03/10/2011;101
8;1;381279;01/10/2011;101
8;1;381280;01/10/2011;101
8;1;381281;01/10/2011;101
8;1;381282;01/10/2011;101
8;1;381283;01/10/2011;101
8;1;381284;01/10/2011;101
8;1;381285;01/10/2011;101
8;1;381286;01/10/2011;101
8;1;381287;01/10/2011;101
8;1;381288;01/10/2011;101
8;1;381289;01/10/2011;101
8;1;381290;01/10/2011;101
8;1;381291;01/10/2011;101
8;1;381292;01/10/2011;101
8;1;381293;03/10/2011;101
8;1;381294;03/10/2011;101
8;1;381295;03/10/2011;101
8;1;381296;05/10/2011;101
8;1;381297;05/10/2011;101
8;1;381298;05/10/2011;101
8;1;381299;04/10/2011;101
8;1;381300;04/10/2011;101
8;1;381301;04/10/2011;101
8;1;381302;04/10/2011;101
8;1;381303;06/10/2011;101
8;1;381304;06/10/2011;101
8;1;381305;14/10/2011;101
8;1;381306;06/10/2011;101
8;1;381307;06/10/2011;101
8;1;381308;07/10/2011;101
8;1;381309;07/10/2011;101
8;1;381310;07/10/2011;101
8;1;381311;07/10/2011;101
8;1;381312;06/10/2011;101
8;1;381313;07/10/2011;101
8;1;381314;07/10/2011;101
8;1;381315;08/10/2011;101
8;1;381316;10/10/2011;101
8;1;381317;10/10/2011;101
8;1;381318;03/10/2011;103
8;1;381319;03/10/2011;103
8;1;381320;03/10/2011;103
8;1;381321;03/10/2011;103
8;1;381322;11/10/2011;101
8;1;381323;11/10/2011;101
8;1;381324;11/10/2011;101
8;1;381325;11/10/2011;101
8;1;381326;11/10/2011;101
8;1;381327;08/10/2011;101
8;1;381328;10/10/2011;101
8;1;381329;10/10/2011;101
8;1;381330;11/10/2011;101
8;1;381331;10/10/2011;101
8;1;381332;11/10/2011;101
8;1;381333;11/10/2011;101
8;1;381334;13/10/2011;101
8;1;381335;15/10/2011;101
8;1;381336;15/10/2011;101
8;1;381337;14/10/2011;101
8;1;381338;13/10/2011;101
8;1;381339;13/10/2011;101
8;1;381340;19/10/2011;101
8;1;381341;18/10/2011;101
8;1;381342;18/10/2011;101
8;1;381343;17/10/2011;101
8;1;381344;17/10/2011;101
8;1;381345;17/10/2011;101
8;1;381346;17/10/2011;101
8;1;381347;18/10/2011;101
8;1;381348;18/10/2011;101
8;1;381349;18/10/2011;101
8;1;381350;31/10/2011;103
8;1;381351;18/10/2011;101
8;1;381352;31/10/2011;103
8;1;381353;18/10/2011;101
8;1;381354;18/10/2011;101
8;1;381355;20/10/2011;101
8;1;381356;21/10/2011;101
8;1;381357;21/10/2011;101
8;1;381358;31/10/2011;103
8;1;381359;21/10/2011;101
8;1;381360;20/10/2011;101
8;1;381361;20/10/2011;101
8;1;381362;22/10/2011;101
8;1;381363;31/10/2011;103
8;1;381364;31/10/2011;103
8;1;381365;03/10/2011;103
8;1;381366;15/10/2011;101
8;1;381367;17/10/2011;103
8;1;381368;21/10/2011;101
8;1;381369;21/10/2011;101
8;1;381370;31/10/2011;103
8;1;381371;14/10/2011;101
8;1;381372;20/10/2011;101
8;1;381373;22/10/2011;101
8;1;381374;22/10/2011;101
8;1;381375;31/10/2011;103
8;1;381376;31/10/2011;103
8;1;381377;31/10/2011;103
8;1;381378;31/10/2011;103
8;1;381379;31/10/2011;103
8;1;381380;31/10/2011;103
8;1;381381;31/10/2011;103
8;1;381382;31/10/2011;103
8;1;381383;31/10/2011;103
8;1;381384;24/10/2011;101
8;1;381385;20/10/2011;101
8;1;381386;19/10/2011;101
8;1;381387;19/10/2011;101
8;1;381388;19/10/2011;101
8;1;381389;19/10/2011;101
8;1;381390;27/10/2011;101
4;1;381391;31/10/2011;103
4;1;381392;31/10/2011;103
8;1;381393;27/10/2011;101
4;1;381394;31/10/2011;103
8;1;381395;27/10/2011;101
8;1;381396;01/11/2011;101
8;1;381397;01/11/2011;101
8;1;381398;01/11/2011;101
8;1;381399;01/11/2011;101
8;1;381400;01/11/2011;101
8;1;381401;01/11/2011;101
8;1;381402;01/11/2011;101
8;1;381403;01/11/2011;101
8;1;381404;01/11/2011;101
8;1;381405;01/11/2011;101
8;1;381406;01/11/2011;101
8;1;381407;01/11/2011;101
8;1;381408;01/11/2011;101
8;1;381409;01/11/2011;101
8;1;381410;07/11/2011;101
8;1;381411;07/11/2011;101
8;1;381412;07/11/2011;101
8;1;381413;03/11/2011;101
8;1;381414;01/11/2011;101
8;1;381415;01/11/2011;101
8;1;381416;01/11/2011;101
8;1;381417;01/11/2011;103
8;1;381418;01/11/2011;101
8;1;381419;01/11/2011;103
8;1;381420;01/11/2011;101
8;1;381421;01/11/2011;101
8;1;381422;01/11/2011;101
8;1;381423;01/11/2011;101
8;1;381424;03/11/2011;101
8;1;381425;03/11/2011;101
8;1;381426;03/11/2011;101
8;1;381427;03/11/2011;101
8;1;381428;03/11/2011;101
8;1;381429;03/11/2011;101
8;1;381430;03/11/2011;101
8;1;381431;03/11/2011;101
8;1;381432;03/11/2011;101
8;1;381433;03/11/2011;101
8;1;381434;04/11/2011;101
8;1;381435;04/11/2011;101
8;1;381436;04/11/2011;101
8;1;381437;04/11/2011;101
8;1;381438;04/11/2011;101
8;1;381439;05/11/2011;101
8;1;381440;05/11/2011;101
8;1;381441;05/11/2011;101
8;1;381442;05/11/2011;101
8;1;381443;04/11/2011;101
8;1;381444;07/11/2011;101
8;1;381445;01/11/2011;103
8;1;381446;05/11/2011;101
8;1;381447;08/11/2011;101
8;1;381448;08/11/2011;101
8;1;381449;09/11/2011;101
8;1;381450;08/11/2011;101
8;1;381451;08/11/2011;101
8;1;381452;08/11/2011;101
8;1;381453;08/11/2011;101
8;1;381454;09/11/2011;101
8;1;381455;11/11/2011;101
8;1;381456;21/11/2011;103
8;1;381457;10/11/2011;101
8;1;381458;09/11/2011;101
8;1;381459;08/11/2011;101
8;1;381460;10/11/2011;101
8;1;381461;21/11/2011;103
8;1;381462;11/11/2011;101
8;1;381463;12/11/2011;101
8;1;381464;14/11/2011;101
8;1;381465;03/11/2011;101
8;1;381466;14/11/2011;101
8;1;381467;04/11/2011;101
8;1;381468;10/11/2011;101
8;1;381469;12/11/2011;101
8;1;381470;19/11/2011;101
8;1;381471;17/11/2011;101
8;1;381472;18/11/2011;101
8;1;381473;18/11/2011;101
8;1;381474;21/11/2011;101
8;1;381475;21/11/2011;101
8;1;381476;21/11/2011;103
8;1;381477;21/11/2011;101
8;1;381478;21/11/2011;101
8;1;381479;22/11/2011;101
8;1;381480;22/11/2011;101
8;1;381481;22/11/2011;101
8;1;381482;22/11/2011;101
8;1;381483;22/11/2011;101
8;1;381484;25/11/2011;101
8;1;381485;21/11/2011;101
8;1;381486;23/11/2011;101
8;1;381487;24/11/2011;101
8;1;381488;16/11/2011;101
8;1;381489;24/11/2011;101
8;1;381490;25/11/2011;101
8;1;381491;16/11/2011;101
8;1;381492;21/11/2011;101
8;1;381493;01/12/2011;101
8;1;381494;01/12/2011;101
8;1;381495;05/12/2011;101
8;1;381496;02/12/2011;101
8;1;381497;01/12/2011;101
8;1;381498;01/12/2011;101
8;1;381499;01/12/2011;101
8;1;381500;01/12/2011;101
8;1;381501;01/12/2011;101
8;1;381502;01/12/2011;101
8;1;381503;01/12/2011;101
8;1;381504;01/12/2011;101
8;1;381505;01/12/2011;101
8;1;381506;07/12/2011;101
8;1;381507;01/12/2011;101
8;1;381508;01/12/2011;101
8;1;381509;01/12/2011;101
8;1;381510;01/12/2011;101
8;1;381511;01/12/2011;101
8;1;381512;02/12/2011;101
8;1;381513;02/12/2011;101
8;1;381514;02/12/2011;101
8;1;381515;02/12/2011;101
8;1;381516;05/12/2011;101
8;1;381517;05/12/2011;101
8;1;381518;06/12/2011;101
8;1;381519;06/12/2011;101
8;1;381520;06/12/2011;101
8;1;381521;06/12/2011;101
8;1;381522;06/12/2011;101
8;1;381523;06/12/2011;101
8;1;381524;12/12/2011;101
8;1;381525;07/12/2011;101
8;1;381526;09/12/2011;101
8;1;381527;06/12/2011;101
8;1;381528;08/12/2011;101
8;1;381529;10/12/2011;101
8;1;381530;10/12/2011;101
8;1;381531;12/12/2011;101
8;1;381532;12/12/2011;101
8;1;381533;12/12/2011;101
8;1;381534;10/12/2011;101
8;1;381535;10/12/2011;101
8;1;381536;01/12/2011;101
8;1;381537;10/12/2011;101
8;1;381538;01/12/2011;101
8;1;381539;07/12/2011;101
282;1;381541;13/12/2011;101
8;1;381541;13/12/2011;101
8;1;381542;10/12/2011;101
8;1;381543;07/12/2011;101
8;1;381544;14/12/2011;101
8;1;381545;14/12/2011;101
8;1;381546;13/12/2011;101
8;1;381547;13/12/2011;101
8;1;381548;14/12/2011;101
8;1;381549;14/12/2011;101
8;1;381550;16/12/2011;101
8;1;381551;16/12/2011;101
8;1;381552;16/12/2011;101
8;1;381553;16/12/2011;101
8;1;381554;16/12/2011;101
8;1;381555;16/12/2011;101
8;1;381556;16/12/2011;101
8;1;381557;16/12/2011;101
8;1;381558;20/12/2011;101
8;1;381559;17/12/2011;101
8;1;381560;16/12/2011;101
8;1;381561;17/12/2011;101
8;1;381562;19/12/2011;101
8;1;381563;17/12/2011;101
8;1;381564;17/12/2011;101
8;1;381565;26/12/2011;101
8;1;381566;19/12/2011;101
8;1;381567;21/12/2011;101
8;1;381568;02/01/2012;101
8;1;381569;02/01/2012;101
8;1;381570;02/01/2012;101
8;1;381571;03/01/2012;101
8;1;381572;02/01/2012;101
8;1;381573;02/01/2012;101
8;1;381574;02/01/2012;101
8;1;381575;02/01/2012;101
8;1;381576;02/01/2012;101
8;1;381577;02/01/2012;101
8;1;381578;02/01/2012;101
8;1;381579;02/01/2012;101
8;1;381580;02/01/2012;101
8;1;381581;02/01/2012;101
8;1;381582;02/01/2012;103
8;1;381583;02/01/2012;101
8;1;381584;02/01/2012;101
8;1;381585;02/01/2012;101
8;1;381586;02/01/2012;101
8;1;381587;03/01/2012;101
8;1;381588;03/01/2012;101
8;1;381589;03/01/2012;101
8;1;381590;03/01/2012;101
8;1;381591;04/01/2012;101
8;1;381592;04/01/2012;101
8;1;381593;05/01/2012;101
8;1;381594;05/01/2012;101
8;1;381595;05/01/2012;101
8;1;381596;05/01/2012;101
8;1;381597;05/01/2012;101
8;1;381598;05/01/2012;101
8;1;381599;05/01/2012;101
8;1;381600;06/01/2012;101
8;1;381601;06/01/2012;101
8;1;381602;07/01/2012;101
8;1;381603;23/01/2012;101
8;1;381604;10/01/2012;101
8;1;381605;09/01/2012;101
8;1;381606;11/01/2012;101
8;1;381607;12/01/2012;101
8;1;381608;12/01/2012;101
8;1;381609;14/01/2012;101
8;1;381610;14/01/2012;101
8;1;381611;12/01/2012;101
8;1;381612;13/01/2012;101
8;1;381613;17/01/2012;101
8;1;381614;18/01/2012;101
8;1;381615;18/01/2012;101
8;1;381616;18/01/2012;101
8;1;381617;20/01/2012;101
8;1;381618;20/01/2012;101
8;1;381619;20/01/2012;101
8;1;381620;23/01/2012;101
8;1;381621;28/01/2012;101
8;1;381622;01/02/2012;101
8;1;381623;01/02/2012;101
8;1;381624;01/02/2012;101
8;1;381625;01/02/2012;101
8;1;381626;02/02/2012;101
8;1;381627;01/02/2012;101
8;1;381628;01/02/2012;101
8;1;381629;01/02/2012;101
8;1;381630;01/02/2012;101
8;1;381631;01/02/2012;101
8;1;381632;06/02/2012;101
8;1;381633;02/02/2012;101
8;1;381634;01/02/2012;101
8;1;381635;01/02/2012;101
8;1;381636;06/02/2012;101
8;1;381637;06/02/2012;101
8;1;381638;07/02/2012;101
8;1;381639;06/02/2012;101
8;1;381640;04/02/2012;101
8;1;381641;07/02/2012;101
8;1;381642;06/02/2012;101
8;1;381643;08/02/2012;101
8;1;381644;09/02/2012;101
8;1;381645;11/02/2012;101
8;1;381646;09/02/2012;101
8;1;381647;09/02/2012;101
8;1;381648;09/02/2012;101
8;1;381649;10/02/2012;101
8;1;381650;10/02/2012;101
8;1;381651;11/02/2012;101
8;1;381652;11/02/2012;101
8;1;381653;15/02/2012;101
8;1;381654;13/02/2012;101
8;1;381655;13/02/2012;101
8;1;381656;13/02/2012;101
8;1;381657;13/02/2012;101
8;1;381658;13/02/2012;101
8;1;381659;13/02/2012;101
8;1;381660;14/02/2012;101
8;1;381661;15/02/2012;101
8;1;381662;15/02/2012;101
8;1;381663;16/02/2012;101
4;1;381664;22/02/2012;101
8;1;381665;27/02/2012;103
4;1;381666;22/02/2012;101
4;1;381667;22/02/2012;101
8;1;381668;06/02/2012;103
8;1;381669;15/02/2012;101
8;1;381670;15/02/2012;101
4;1;381671;22/02/2012;101
8;1;381672;15/02/2012;101
8;1;381673;16/02/2012;101
8;1;381674;17/02/2012;101
4;1;381675;22/02/2012;101
8;1;381676;17/02/2012;101
4;1;381677;22/02/2012;101
8;1;381678;04/02/2012;101
4;1;381679;22/02/2012;101
4;1;381680;22/02/2012;101
8;1;381681;17/02/2012;101
8;1;381682;06/02/2012;103
8;1;381683;17/02/2012;101
8;1;381684;17/02/2012;101
8;1;381685;18/02/2012;101
8;1;381686;18/02/2012;101
8;1;381687;18/02/2012;101
8;1;381688;18/02/2012;101
8;1;381689;18/02/2012;101
8;1;381690;22/02/2012;101
8;1;381691;22/02/2012;103
8;1;381692;23/02/2012;101
8;1;381693;23/02/2012;101
8;1;381694;23/02/2012;101
8;1;381695;23/02/2012;101
8;1;381696;24/02/2012;101
8;1;381697;12/03/2012;103
8;1;381698;01/03/2012;101
8;1;381699;01/03/2012;101
8;1;381700;01/03/2012;101
6;1;381701;01/03/2012;101
8;1;381701;01/03/2012;101
8;1;381702;01/03/2012;101
8;1;381703;01/03/2012;101
8;1;381704;01/03/2012;101
8;1;381705;05/03/2012;101
8;1;381706;05/03/2012;101
8;1;381707;05/03/2012;101
8;1;381708;05/03/2012;101
8;1;381709;05/03/2012;101
8;1;381710;05/03/2012;101
8;1;381711;05/03/2012;101
8;1;381712;05/03/2012;101
8;1;381713;05/03/2012;101
8;1;381714;01/03/2012;101
8;1;381715;01/03/2012;101
8;1;381716;01/03/2012;101
8;1;381717;01/03/2012;101
8;1;381718;06/03/2012;101
8;1;381719;05/03/2012;103
8;1;381720;06/03/2012;101
8;1;381721;12/03/2012;101
8;1;381722;02/03/2012;101
8;1;381723;01/03/2012;103
8;1;381724;12/03/2012;103
8;1;381725;06/03/2012;101
8;1;381726;09/03/2012;101
8;1;381727;03/03/2012;101
8;1;381728;03/03/2012;101
8;1;381729;06/03/2012;101
8;1;381730;07/03/2012;101
8;1;381731;09/03/2012;101
8;1;381732;15/03/2012;103
8;1;381733;10/03/2012;101
8;1;381734;10/03/2012;101
8;1;381735;12/03/2012;101
8;1;381736;12/03/2012;101
8;1;381737;12/03/2012;101
8;1;381738;12/03/2012;101
8;1;381739;13/03/2012;101
8;1;381740;13/03/2012;101
8;1;381741;13/03/2012;101
8;1;381742;13/03/2012;101
8;1;381743;13/03/2012;101
8;1;381744;13/03/2012;101
8;1;381745;13/03/2012;101
8;1;381746;12/03/2012;101
8;1;381747;17/03/2012;101
8;1;381748;19/03/2012;101
8;1;381749;19/03/2012;101
8;1;381750;07/03/2012;103
8;1;381751;05/03/2012;101
8;1;381752;12/03/2012;101
8;1;381753;17/03/2012;101
8;1;381754;16/03/2012;101
8;1;381755;17/03/2012;101
8;1;381756;14/03/2012;101
8;1;381757;05/03/2012;103
8;1;381758;01/03/2012;103
8;1;381759;19/03/2012;103
8;1;381760;05/03/2012;103
8;1;381761;26/03/2012;103
8;1;381762;05/03/2012;103
8;1;381763;07/03/2012;103
8;1;381764;14/03/2012;101
8;1;381765;14/03/2012;101
8;1;381766;13/03/2012;101
8;1;381767;20/03/2012;101
8;1;381768;20/03/2012;101
8;1;381769;07/03/2012;101
8;1;381770;07/03/2012;101
8;1;381771;17/03/2012;101
8;1;381772;15/03/2012;101
8;1;381773;16/03/2012;101
8;1;381774;13/03/2012;103
8;1;381775;05/03/2012;103
8;1;381776;05/03/2012;103
8;1;381777;22/03/2012;101
8;1;381778;20/03/2012;101
8;1;381779;14/03/2012;103
8;1;381780;19/03/2012;101
8;1;381781;19/03/2012;101
8;1;381782;19/03/2012;101
8;1;381783;19/03/2012;101
8;1;381784;19/03/2012;101
8;1;381785;19/03/2012;101
8;1;381786;15/03/2012;101
8;1;381787;19/03/2012;103
8;1;381788;20/03/2012;101
8;1;381789;15/03/2012;101
8;1;381790;16/03/2012;101
8;1;381791;20/03/2012;101
8;1;381792;20/03/2012;101
8;1;381793;20/03/2012;101
8;1;381794;20/03/2012;101
8;1;381795;20/03/2012;101
8;1;381796;23/03/2012;101
8;1;381797;22/03/2012;101
8;1;381798;20/03/2012;101
8;1;381799;20/03/2012;101
8;1;381800;13/03/2012;103
8;1;381801;13/03/2012;103
8;1;381802;05/03/2012;103
8;1;381803;05/03/2012;103
8;1;381804;02/04/2012;101
8;1;381805;02/04/2012;101
8;1;381806;02/04/2012;101
8;1;381807;03/04/2012;101
8;1;381808;03/04/2012;101
8;1;381809;03/04/2012;101
8;1;381810;04/04/2012;101
8;1;381811;02/04/2012;101
8;1;381812;02/04/2012;101
8;1;381813;02/04/2012;101
8;1;381814;02/04/2012;101
8;1;381815;02/04/2012;101
8;1;381816;02/04/2012;101
8;1;381817;02/04/2012;101
8;1;381818;02/04/2012;101
8;1;381819;02/04/2012;101
8;1;381820;02/04/2012;101
8;1;381821;02/04/2012;101
8;1;381822;02/04/2012;101
8;1;381823;02/04/2012;101
8;1;381824;02/04/2012;101
8;1;381825;03/04/2012;101
8;1;381826;04/04/2012;101
8;1;381827;05/04/2012;101
8;1;381828;04/04/2012;101
8;1;381829;04/04/2012;101
8;1;381830;04/04/2012;101
8;1;381831;04/04/2012;101
8;1;381832;04/04/2012;101
8;1;381833;04/04/2012;101
8;1;381834;04/04/2012;101
8;1;381835;04/04/2012;101
8;1;381836;05/04/2012;101
8;1;381837;05/04/2012;101
8;1;381838;05/04/2012;101
8;1;381839;05/04/2012;101
8;1;381840;05/04/2012;101
8;1;381841;05/04/2012;101
8;1;381842;05/04/2012;101
8;1;381843;07/04/2012;101
8;1;381844;10/04/2012;101
8;1;381845;10/04/2012;101
8;1;381846;07/04/2012;101
8;1;381847;10/04/2012;101
8;1;381848;07/04/2012;101
8;1;381849;10/04/2012;101
276;1;381850;10/04/2012;101
8;1;381851;10/04/2012;101
8;1;381852;12/04/2012;101
8;1;381853;16/04/2012;101
8;1;381854;16/04/2012;101
8;1;381855;11/04/2012;101
8;1;381856;02/04/2012;101
8;1;381857;02/04/2012;101
8;1;381858;11/04/2012;101
8;1;381859;11/04/2012;101
8;1;381860;16/04/2012;103
8;1;381861;12/04/2012;101
8;1;381862;16/04/2012;103
8;1;381863;12/04/2012;101
8;1;381864;12/04/2012;101
8;1;381865;12/04/2012;101
8;1;381866;12/04/2012;101
8;1;381867;13/04/2012;101
8;1;381868;12/04/2012;101
8;1;381869;13/04/2012;101
8;1;381870;13/04/2012;101
8;1;381871;13/04/2012;101
8;1;381872;14/04/2012;101
8;1;381873;14/04/2012;101
8;1;381874;14/04/2012;101
8;1;381875;14/04/2012;101
8;1;381876;16/04/2012;101
8;1;381877;17/04/2012;722
4;1;381878;23/04/2012;101
276;1;381879;20/04/2012;101
8;1;381880;18/04/2012;101
8;1;381881;18/04/2012;101
8;1;381882;19/04/2012;101
8;1;381883;19/04/2012;101
8;1;381884;19/04/2012;101
8;1;381885;23/04/2012;101
8;1;381886;20/04/2012;101
8;1;381887;25/04/2012;101
8;1;381888;23/04/2012;103
8;1;381889;23/04/2012;101
8;1;381890;23/04/2012;101
8;1;381891;23/04/2012;101
8;1;381892;25/04/2012;101
8;1;381893;25/04/2012;101
8;1;381894;25/04/2012;101
8;1;381895;02/05/2012;101
4;1;381896;09/05/2012;101
8;1;381897;02/05/2012;101
8;1;381898;02/05/2012;101
8;1;381899;02/05/2012;101
8;1;381900;03/05/2012;101
8;1;381901;03/05/2012;101
8;1;381902;03/05/2012;101
8;1;381903;02/05/2012;101
8;1;381904;02/05/2012;101
8;1;381905;02/05/2012;101
8;1;381906;02/05/2012;101
8;1;381907;02/05/2012;101
8;1;381908;02/05/2012;101
4;1;381909;10/05/2012;101
8;1;381910;07/05/2012;101
8;1;381911;07/05/2012;101
8;1;381912;02/05/2012;101
8;1;381913;02/05/2012;101
8;1;381914;02/05/2012;101
8;1;381915;02/05/2012;101
8;1;381916;02/05/2012;101
8;1;381917;02/05/2012;101
8;1;381918;03/05/2012;101
8;1;381919;03/05/2012;101
8;1;381920;03/05/2012;101
8;1;381921;04/05/2012;101
8;1;381922;04/05/2012;101
8;1;381923;02/05/2012;101
4;1;381924;10/05/2012;101
8;1;381925;02/05/2012;101
4;1;381926;10/05/2012;101
8;1;381927;04/05/2012;101
8;1;381928;04/05/2012;101
8;1;381929;04/05/2012;101
8;1;381930;04/05/2012;101
8;1;381931;05/05/2012;101
8;1;381932;05/05/2012;101
8;1;381933;07/05/2012;101
8;1;381934;08/05/2012;103
8;1;381935;07/05/2012;101
8;1;381936;08/05/2012;101
8;1;381937;08/05/2012;101
8;1;381938;08/05/2012;101
8;1;381939;08/05/2012;101
8;1;381940;08/05/2012;101
8;1;381941;09/05/2012;101
8;1;381942;09/05/2012;101
8;1;381943;10/05/2012;101
8;1;381944;10/05/2012;101
8;1;381945;10/05/2012;101
8;1;381946;11/05/2012;101
8;1;381947;11/05/2012;101
8;1;381948;12/05/2012;101
8;1;381949;12/05/2012;101
8;1;381950;12/05/2012;101
8;1;381951;12/05/2012;101
8;1;381952;14/05/2012;101
8;1;381953;14/05/2012;101
8;1;381954;14/05/2012;101
8;1;381955;12/05/2012;101
8;1;381956;16/05/2012;101
8;1;381957;14/05/2012;101
8;1;381958;10/05/2012;101
8;1;381959;15/05/2012;101
8;1;381960;15/05/2012;101
8;1;381961;15/05/2012;101
8;1;381962;15/05/2012;101
8;1;381963;15/05/2012;101
8;1;381964;15/05/2012;101
8;1;381965;18/05/2012;101
8;1;381966;18/05/2012;101
8;1;381967;17/05/2012;101
8;1;381968;17/05/2012;101
8;1;381969;17/05/2012;101
8;1;381970;17/05/2012;101
8;1;381971;17/05/2012;101
8;1;381972;18/05/2012;101
8;1;381973;18/05/2012;101
8;1;381974;18/05/2012;101
8;1;381975;21/05/2012;101
8;1;381976;19/05/2012;101
8;1;381977;19/05/2012;101
8;1;381978;19/05/2012;101
8;1;381979;21/05/2012;101
8;1;381980;21/05/2012;101
8;1;381981;22/05/2012;101
8;1;381982;23/05/2012;101
8;1;381983;22/05/2012;101
8;1;381984;21/05/2012;101
8;1;381985;22/05/2012;101
8;1;381986;01/06/2012;101
8;1;381987;01/06/2012;101
8;1;381988;01/06/2012;101
8;1;381989;01/06/2012;101
8;1;381990;01/06/2012;101
8;1;381991;01/06/2012;101
8;1;381992;12/06/2012;103
8;1;381993;04/06/2012;103
8;1;381994;11/06/2012;103
8;1;381995;01/06/2012;101
8;1;381996;11/06/2012;103
8;1;381997;01/06/2012;101
8;1;381998;01/06/2012;101
8;1;381999;01/06/2012;101
8;1;382000;01/06/2012;101
8;1;382001;05/06/2012;101
8;1;382002;01/06/2012;101
8;1;382003;01/06/2012;101
8;1;382004;01/06/2012;101
8;1;382005;01/06/2012;101
8;1;382006;01/06/2012;101
8;1;382007;01/06/2012;101
8;1;382008;04/06/2012;101
8;1;382009;01/06/2012;101
8;1;382010;01/06/2012;101
8;1;382011;01/06/2012;101
8;1;382012;01/06/2012;101
8;1;382013;01/06/2012;101
8;1;382014;02/06/2012;101
8;1;382015;02/06/2012;101
8;1;382016;02/06/2012;101
8;1;382017;04/06/2012;101
8;1;382018;04/06/2012;101
8;1;382019;04/06/2012;101
8;1;382020;04/06/2012;101
8;1;382021;04/06/2012;101
8;1;382022;08/06/2012;101
8;1;382023;05/06/2012;101
8;1;382024;08/06/2012;101
8;1;382025;08/06/2012;101
8;1;382026;09/06/2012;101
8;1;382027;09/06/2012;101
8;1;382028;09/06/2012;101
8;1;382029;12/06/2012;103
8;1;382030;12/06/2012;103
8;1;382031;12/06/2012;103
8;1;382032;13/06/2012;101
8;1;382033;14/06/2012;101
8;1;382034;15/06/2012;101
8;1;382035;14/06/2012;101
8;1;382036;14/06/2012;101
8;1;382037;14/06/2012;101
8;1;382038;14/06/2012;101
8;1;382039;14/06/2012;101
8;1;382040;14/06/2012;101
8;1;382041;15/06/2012;101
8;1;382042;15/06/2012;101
8;1;382043;14/06/2012;101
8;1;382044;14/06/2012;101
8;1;382045;15/06/2012;101
8;1;382046;19/06/2012;101
8;1;382047;14/06/2012;101
8;1;382048;15/06/2012;101
8;1;382049;16/06/2012;101
8;1;382050;18/06/2012;101
8;1;382051;18/06/2012;101
8;1;382052;18/06/2012;101
8;1;382053;18/06/2012;101
8;1;382054;18/06/2012;101
8;1;382055;18/06/2012;101
8;1;382056;18/06/2012;101
8;1;382057;18/06/2012;101
8;1;382058;15/06/2012;101
8;1;382059;16/06/2012;101
8;1;382060;16/06/2012;101
8;1;382061;18/06/2012;101
8;1;382062;19/06/2012;101
8;1;382063;18/06/2012;101
8;1;382064;18/06/2012;101
8;1;382065;18/06/2012;101
8;1;382066;19/06/2012;101
8;1;382067;19/06/2012;101
8;1;382068;19/06/2012;101
8;1;382069;20/06/2012;101
8;1;382070;20/06/2012;101
8;1;382071;20/06/2012;101
8;1;382072;20/06/2012;101
8;1;382073;21/06/2012;101
8;1;382074;21/06/2012;101
8;1;382075;22/06/2012;101
8;1;382076;22/06/2012;101
8;1;382077;22/06/2012;101
8;1;382078;22/06/2012;101
8;1;382079;21/06/2012;101
8;1;382080;22/06/2012;101
8;1;382081;22/06/2012;101
8;1;382082;22/06/2012;101
8;1;382083;22/06/2012;101
8;1;382084;22/06/2012;101
8;1;382085;22/06/2012;101
8;1;382086;25/06/2012;101
8;1;382087;25/06/2012;101
8;1;382088;25/06/2012;101
8;1;382089;25/06/2012;101
8;1;382090;02/07/2012;101
8;1;382091;02/07/2012;101
8;1;382092;02/07/2012;101
8;1;382093;03/07/2012;101
8;1;382094;02/07/2012;101
8;1;382095;02/07/2012;101
8;1;382096;02/07/2012;101
8;1;382097;02/07/2012;101
8;1;382098;02/07/2012;101
8;1;382099;02/07/2012;101
8;1;382100;02/07/2012;103
8;1;382101;02/07/2012;101
8;1;382102;02/07/2012;101
8;1;382103;02/07/2012;101
8;1;382104;02/07/2012;101
8;1;382105;03/07/2012;101
8;1;382106;04/07/2012;101
8;1;382107;04/07/2012;101
8;1;382108;03/07/2012;101
8;1;382109;04/07/2012;101
8;1;382110;06/07/2012;101
8;1;382111;06/07/2012;101
8;1;382112;09/07/2012;101
8;1;382113;09/07/2012;101
8;1;382114;10/07/2012;101
8;1;382115;10/07/2012;101
1417;1;382116;25/03/1997;101
8;1;382117;10/07/2012;101
8;1;382118;10/07/2012;101
8;1;382119;11/07/2012;101
8;1;382120;12/07/2012;101
8;1;382121;11/07/2012;101
8;1;382122;13/07/2012;101
8;1;382123;13/07/2012;101
8;1;382124;13/07/2012;101
8;1;382125;06/07/2012;101
8;1;382126;13/07/2012;101
8;1;382127;14/07/2012;101
8;1;382128;16/07/2012;101
8;1;382129;16/07/2012;101
8;1;382130;16/07/2012;101
8;1;382131;16/07/2012;101
8;1;382132;17/07/2012;101
8;1;382133;17/07/2012;101
8;1;382134;17/07/2012;101
8;1;382135;18/07/2012;101
8;1;382136;18/07/2012;101
8;1;382137;18/07/2012;101
8;1;382138;18/07/2012;101
8;1;382139;18/07/2012;101
8;1;382140;18/07/2012;101
8;1;382141;16/07/2012;101
8;1;382142;18/07/2012;101
8;1;382143;18/07/2012;101
8;1;382144;18/07/2012;101
8;1;382145;19/07/2012;101
8;1;382146;19/07/2012;101
8;1;382147;20/07/2012;101
8;1;382148;21/07/2012;101
8;1;382149;21/07/2012;101
8;1;382150;21/07/2012;101
8;1;382151;21/07/2012;101
8;1;382152;23/07/2012;101
8;1;382153;23/07/2012;101
8;1;382154;21/07/2012;101
8;1;382155;21/07/2012;101
8;1;382156;24/07/2012;101
8;1;382157;24/07/2012;101
8;1;382158;25/07/2012;101
8;1;382159;26/07/2012;101
8;1;382160;01/08/2012;101
8;1;382161;01/08/2012;103
8;1;382162;06/08/2012;103
8;1;382163;01/08/2012;103
8;1;382164;01/08/2012;101
8;1;382165;01/08/2012;101
8;1;382166;01/08/2012;101
8;1;382167;01/08/2012;101
8;1;382168;02/08/2012;101
8;1;382169;02/08/2012;101
8;1;382170;07/08/2012;101
8;1;382171;03/08/2012;101
8;1;382172;06/08/2012;101
8;1;382173;06/08/2012;101
8;1;382174;06/08/2012;101
8;1;382175;06/08/2012;101
8;1;382176;07/08/2012;101
8;1;382177;04/08/2012;101
8;1;382178;06/08/2012;101
8;1;382179;06/08/2012;101
8;1;382180;06/08/2012;101
8;1;382181;07/08/2012;101
8;1;382182;07/08/2012;101
8;1;382183;08/08/2012;101
8;1;382184;08/08/2012;101
8;1;382185;08/08/2012;101
8;1;382186;08/08/2012;101
8;1;382187;08/08/2012;101
8;1;382188;11/08/2012;101
8;1;382189;09/08/2012;101
8;1;382190;09/08/2012;101
8;1;382191;09/08/2012;101
8;1;382192;09/08/2012;101
8;1;382193;06/08/2012;103
8;1;382194;10/08/2012;101
8;1;382195;10/08/2012;101
8;1;382196;13/08/2012;103
8;1;382197;13/08/2012;101
8;1;382198;13/08/2012;101
8;1;382199;13/08/2012;101
8;1;382200;14/08/2012;101
8;1;382201;14/08/2012;101
8;1;382202;15/08/2012;101
8;1;382203;15/08/2012;101
276;1;382204;20/08/2012;103
8;1;382205;16/08/2012;101
8;1;382206;16/08/2012;101
8;1;382207;16/08/2012;101
8;1;382208;17/08/2012;101
8;1;382209;17/08/2012;101
8;1;382210;17/08/2012;101
8;1;382211;17/08/2012;101
8;1;382212;17/08/2012;101
8;1;382213;20/08/2012;101
8;1;382214;20/08/2012;101
8;1;382215;20/08/2012;101
8;1;382216;20/08/2012;101
8;1;382217;20/08/2012;101
8;1;382218;21/08/2012;101
8;1;382219;21/08/2012;101
8;1;382220;21/08/2012;101
8;1;382221;06/08/2012;103
8;1;382222;21/08/2012;101
8;1;382223;22/08/2012;101
8;1;382224;22/08/2012;101
8;1;382225;22/08/2012;101
8;1;382226;22/08/2012;101
8;1;382227;03/09/2012;101
8;1;382228;01/09/2012;101
8;1;382229;01/09/2012;101
8;1;382230;01/09/2012;101
8;1;382231;01/09/2012;101
8;1;382232;01/09/2012;101
8;1;382233;03/09/2012;101
8;1;382234;03/09/2012;101
8;1;382235;05/09/2012;101
8;1;382236;05/09/2012;101
8;1;382237;01/09/2012;101
8;1;382238;01/09/2012;101
8;1;382239;01/09/2012;101
8;1;382240;03/09/2012;101
8;1;382241;03/09/2012;101
8;1;382242;06/09/2012;101
8;1;382243;06/09/2012;101
8;1;382244;04/09/2012;101
8;1;382245;03/09/2012;103
8;1;382246;04/09/2012;101
8;1;382247;10/09/2012;101
8;1;382248;10/09/2012;101
8;1;382249;10/09/2012;101
8;1;382250;10/09/2012;101
8;1;382251;10/09/2012;101
8;1;382252;10/09/2012;101
8;1;382253;10/09/2012;101
8;1;382254;10/09/2012;101
8;1;382255;10/09/2012;101
8;1;382256;03/09/2012;101
8;1;382257;05/09/2012;101
8;1;382258;06/09/2012;101
8;1;382259;10/09/2012;101
8;1;382260;10/09/2012;101
8;1;382261;10/09/2012;101
8;1;382262;11/09/2012;101
8;1;382263;12/09/2012;101
8;1;382264;11/09/2012;101
8;1;382265;06/09/2012;101
8;1;382266;06/09/2012;101
8;1;382267;06/09/2012;101
8;1;382268;06/09/2012;101
8;1;382269;06/09/2012;101
8;1;382270;06/09/2012;101
8;1;382271;10/09/2012;101
8;1;382272;06/09/2012;101
8;1;382273;10/09/2012;101
8;1;382274;11/09/2012;101
8;1;382275;11/09/2012;101
8;1;382276;11/09/2012;101
8;1;382277;12/09/2012;101
8;1;382278;12/09/2012;101
8;1;382279;12/09/2012;101
8;1;382280;13/09/2012;101
8;1;382281;13/09/2012;101
8;1;382282;13/09/2012;101
8;1;382283;13/09/2012;101
8;1;382284;14/09/2012;101
8;1;382285;24/09/2012;103
8;1;382286;15/09/2012;101
8;1;382287;17/09/2012;101
8;1;382288;17/09/2012;101
8;1;382289;17/09/2012;101
8;1;382290;17/09/2012;101
8;1;382291;17/09/2012;101
8;1;382292;18/09/2012;101
8;1;382293;17/09/2012;101
8;1;382294;19/09/2012;101
8;1;382295;20/09/2012;101
8;1;382296;20/09/2012;101
8;1;382297;21/09/2012;101
8;1;382298;21/09/2012;101
8;1;382299;22/09/2012;101
8;1;382300;21/09/2012;101
8;1;382301;21/09/2012;101
8;1;382302;21/09/2012;101
8;1;382303;21/09/2012;101
8;1;382304;21/09/2012;101
8;1;382305;22/09/2012;101
8;1;382306;22/09/2012;101
8;1;382307;24/09/2012;103
4;1;382308;01/10/2012;101
8;1;382309;25/09/2012;101
8;1;382310;26/09/2012;101
4;1;382311;01/10/2012;101
8;1;382312;01/10/2012;101
8;1;382313;01/10/2012;101
8;1;382314;01/10/2012;101
8;1;382315;01/10/2012;101
8;1;382316;01/10/2012;101
8;1;382317;01/10/2012;101
8;1;382318;01/10/2012;101
8;1;382319;01/10/2012;101
8;1;382320;02/10/2012;101
8;1;382321;02/10/2012;101
8;1;382322;01/10/2012;101
8;1;382323;01/10/2012;101
8;1;382324;01/10/2012;101
8;1;382325;02/10/2012;101
8;1;382326;01/10/2012;101
8;1;382327;01/10/2012;101
8;1;382328;01/10/2012;101
8;1;382329;01/10/2012;101
8;1;382330;01/10/2012;101
8;1;382331;01/10/2012;103
8;1;382332;01/10/2012;101
8;1;382333;01/10/2012;101
276;1;382334;05/10/2012;101
8;1;382335;04/10/2012;101
8;1;382336;08/10/2012;101
8;1;382337;08/10/2012;101
8;1;382338;03/10/2012;101
8;1;382339;02/10/2012;101
8;1;382340;05/10/2012;101
8;1;382341;03/10/2012;101
8;1;382342;05/10/2012;101
8;1;382343;06/10/2012;101
8;1;382344;08/10/2012;101
8;1;382345;08/10/2012;101
8;1;382346;08/10/2012;101
8;1;382347;05/10/2012;101
8;1;382348;09/10/2012;101
8;1;382349;09/10/2012;101
8;1;382350;08/10/2012;101
8;1;382351;09/10/2012;101
8;1;382352;09/10/2012;101
8;1;382353;09/10/2012;101
8;1;382354;09/10/2012;101
8;1;382355;10/10/2012;101
8;1;382356;10/10/2012;101
8;1;382357;10/10/2012;101
8;1;382358;10/10/2012;101
8;1;382359;11/10/2012;101
8;1;382360;11/10/2012;101
8;1;382361;10/10/2012;101
8;1;382362;10/10/2012;101
8;1;382363;10/10/2012;101
8;1;382364;11/10/2012;101
8;1;382365;11/10/2012;101
8;1;382366;11/10/2012;101
8;1;382367;11/10/2012;101
8;1;382368;13/10/2012;101
8;1;382369;13/10/2012;101
8;1;382370;15/10/2012;101
8;1;382371;15/10/2012;101
8;1;382372;16/10/2012;101
8;1;382373;16/10/2012;101
8;1;382374;16/10/2012;101
8;1;382375;16/10/2012;101
8;1;382376;16/10/2012;101
8;1;382377;17/10/2012;101
8;1;382378;17/10/2012;101
8;1;382379;17/10/2012;101
8;1;382380;17/10/2012;101
8;1;382381;15/10/2012;101
8;1;382382;16/10/2012;101
8;1;382383;17/10/2012;101
8;1;382384;18/10/2012;101
8;1;382385;18/10/2012;101
8;1;382386;11/10/2012;101
8;1;382387;11/10/2012;101
8;1;382388;11/10/2012;101
8;1;382389;11/10/2012;101
8;1;382390;15/10/2012;101
8;1;382391;16/10/2012;101
8;1;382392;17/10/2012;101
8;1;382393;17/10/2012;101
8;1;382394;18/10/2012;101
8;1;382395;19/10/2012;101
8;1;382396;22/10/2012;101
8;1;382397;18/10/2012;101
8;1;382398;18/10/2012;101
8;1;382399;19/10/2012;101
8;1;382400;19/10/2012;101
8;1;382401;19/10/2012;101
8;1;382402;19/10/2012;101
8;1;382403;19/10/2012;101
8;1;382404;19/10/2012;101
8;1;382405;19/10/2012;101
8;1;382406;19/10/2012;101
8;1;382407;19/10/2012;101
8;1;382408;22/10/2012;101
8;1;382409;18/10/2012;101
8;1;382410;22/10/2012;101
8;1;382411;22/10/2012;101
8;1;382412;22/10/2012;101
8;1;382413;22/10/2012;101
8;1;382414;22/10/2012;101
8;1;382415;22/10/2012;101
8;1;382416;23/10/2012;101
8;1;382417;23/10/2012;101
8;1;382418;23/10/2012;101
8;1;382419;23/10/2012;101
8;1;382420;26/10/2012;101
8;1;382421;05/11/2012;101
8;1;382422;05/11/2012;101
8;1;382423;05/11/2012;101
8;1;382424;05/11/2012;101
8;1;382425;05/11/2012;101
8;1;382426;05/11/2012;101
8;1;382427;05/11/2012;101
8;1;382428;05/11/2012;101
8;1;382429;05/11/2012;101
8;1;382430;05/11/2012;101
8;1;382431;05/11/2012;101
8;1;382432;05/11/2012;101
8;1;382433;05/11/2012;101
8;1;382434;05/11/2012;101
8;1;382435;05/11/2012;101
8;1;382436;05/11/2012;101
8;1;382437;05/11/2012;101
8;1;382438;05/11/2012;101
8;1;382439;01/11/2012;101
8;1;382440;01/11/2012;101
8;1;382441;01/11/2012;101
8;1;382442;01/11/2012;101
8;1;382443;01/11/2012;101
8;1;382444;01/11/2012;101
8;1;382445;01/11/2012;101
8;1;382446;01/11/2012;101
8;1;382447;01/11/2012;101
8;1;382448;01/11/2012;101
8;1;382449;01/11/2012;101
8;1;382450;01/11/2012;101
8;1;382451;01/11/2012;101
8;1;382452;01/11/2012;101
8;1;382453;01/11/2012;101
8;1;382454;05/11/2012;101
8;1;382455;12/11/2012;101
8;1;382456;03/11/2012;101
8;1;382457;03/11/2012;101
8;1;382458;05/11/2012;101
8;1;382459;05/11/2012;101
8;1;382460;05/11/2012;101
8;1;382461;13/11/2012;101
8;1;382462;05/11/2012;101
8;1;382463;05/11/2012;101
8;1;382464;06/11/2012;101
8;1;382465;06/11/2012;101
8;1;382466;06/11/2012;101
8;1;382467;06/11/2012;101
8;1;382468;06/11/2012;101
8;1;382469;07/11/2012;101
8;1;382470;07/11/2012;101
8;1;382471;07/11/2012;101
8;1;382472;07/11/2012;101
8;1;382473;08/11/2012;101
8;1;382474;08/11/2012;101
8;1;382475;08/11/2012;101
8;1;382476;08/11/2012;101
8;1;382477;09/11/2012;101
8;1;382478;09/11/2012;101
8;1;382479;09/11/2012;101
8;1;382480;10/11/2012;101
8;1;382481;10/11/2012;101
8;1;382482;12/11/2012;101
8;1;382483;13/11/2012;101
8;1;382484;13/11/2012;101
276;1;382485;13/11/2012;101
8;1;382486;13/11/2012;101
8;1;382487;20/11/2012;101
8;1;382488;13/11/2012;101
8;1;382489;13/11/2012;101
8;1;382490;14/11/2012;101
8;1;382491;14/11/2012;101
4;1;382492;05/12/2012;103
8;1;382493;07/11/2012;101
8;1;382494;01/11/2012;101
8;1;382495;01/11/2012;101
8;1;382496;16/11/2012;101
8;1;382497;16/11/2012;101
8;1;382498;16/11/2012;101
8;1;382499;16/11/2012;101
8;1;382500;16/11/2012;101
8;1;382501;17/11/2012;101
8;1;382502;17/11/2012;101
8;1;382503;19/11/2012;101
8;1;382504;20/11/2012;101
8;1;382505;20/11/2012;101
8;1;382506;19/11/2012;101
8;1;382507;20/11/2012;101
8;1;382508;20/11/2012;101
8;1;382509;20/11/2012;101
8;1;382510;21/11/2012;101
8;1;382511;20/11/2012;101
8;1;382512;20/11/2012;101
8;1;382513;20/11/2012;101
8;1;382514;21/11/2012;101
8;1;382515;21/11/2012;101
8;1;382516;21/11/2012;101
8;1;382517;22/11/2012;101
8;1;382518;21/11/2012;101
8;1;382519;21/11/2012;101
8;1;382520;21/11/2012;101
8;1;382521;22/11/2012;101
8;1;382522;22/11/2012;101
8;1;382523;23/11/2012;101
8;1;382524;23/11/2012;101
8;1;382525;23/11/2012;101
8;1;382526;23/11/2012;101
4;1;382527;05/12/2012;103
4;1;382528;05/12/2012;103
8;1;382529;01/12/2012;101
8;1;382530;01/12/2012;101
8;1;382531;01/12/2012;101
8;1;382532;01/12/2012;101
8;1;382533;01/12/2012;101
8;1;382534;01/12/2012;101
8;1;382535;01/12/2012;101
8;1;382536;01/12/2012;101
8;1;382537;01/12/2012;101
8;1;382538;01/12/2012;101
8;1;382539;03/12/2012;101
8;1;382540;03/12/2012;101
8;1;382541;04/12/2012;101
8;1;382542;04/12/2012;101
8;1;382543;04/12/2012;101
8;1;382544;06/12/2012;101
8;1;382545;01/12/2012;101
8;1;382546;03/12/2012;101
8;1;382547;03/12/2012;101
8;1;382548;03/12/2012;101
8;1;382549;03/12/2012;101
8;1;382550;04/12/2012;101
8;1;382551;04/12/2012;101
8;1;382552;05/12/2012;101
8;1;382553;05/12/2012;101
8;1;382554;10/12/2012;101
8;1;382555;04/12/2012;101
8;1;382556;06/12/2012;101
8;1;382557;04/12/2012;101
8;1;382558;07/12/2012;101
8;1;382559;10/12/2012;101
8;1;382560;11/12/2012;101
8;1;382561;11/12/2012;101
8;1;382562;11/12/2012;101
8;1;382563;11/12/2012;101
8;1;382564;11/12/2012;101
8;1;382565;11/12/2012;101
8;1;382566;11/12/2012;101
8;1;382567;11/12/2012;101
8;1;382568;12/12/2012;101
8;1;382569;12/12/2012;101
8;1;382570;12/12/2012;101
8;1;382571;13/12/2012;101
8;1;382572;13/12/2012;101
8;1;382573;13/12/2012;101
8;1;382574;12/12/2012;101
8;1;382575;14/12/2012;101
8;1;382576;14/12/2012;101
8;1;382577;14/12/2012;101
8;1;382578;14/12/2012;101
8;1;382579;11/12/2012;101
8;1;382580;13/12/2012;101
8;1;382581;17/12/2012;101
8;1;382582;17/12/2012;101
8;1;382583;17/12/2012;101
8;1;382584;17/12/2012;101
8;1;382585;18/12/2012;101
8;1;382586;17/12/2012;101
8;1;382587;18/12/2012;101
8;1;382588;17/12/2012;101
8;1;382589;17/12/2012;101
8;1;382590;17/12/2012;101
8;1;382591;19/12/2012;101
8;1;382592;19/12/2012;101
8;1;382593;19/12/2012;101
8;1;382594;20/12/2012;101
8;1;382595;20/12/2012;101
8;1;382596;26/12/2012;101
8;1;382597;21/12/2012;101
8;1;382598;24/12/2012;101
8;1;382599;02/01/2013;101
8;1;382600;02/01/2013;101
8;1;382601;02/01/2013;101
8;1;382602;02/01/2013;101
8;1;382603;04/01/2013;101
8;1;382604;03/01/2013;101
8;1;382605;04/01/2013;101
8;1;382606;04/01/2013;101
8;1;382607;14/01/2013;101
8;1;382608;05/01/2013;101
8;1;382609;05/01/2013;101
8;1;382610;08/01/2013;101
8;1;382611;15/01/2013;101
8;1;382612;11/01/2013;101
8;1;382613;10/01/2013;101
8;1;382614;15/01/2013;103
8;1;382615;07/01/2013;101
8;1;382616;09/01/2013;101
8;1;382617;09/01/2013;101
8;1;382618;09/01/2013;101
8;1;382619;10/01/2013;101
8;1;382620;11/01/2013;101
8;1;382621;11/01/2013;101
8;1;382622;11/01/2013;101
8;1;382623;11/01/2013;101
8;1;382624;10/01/2013;101
8;1;382625;10/01/2013;101
8;1;382626;11/01/2013;101
8;1;382627;12/01/2013;101
8;1;382628;10/01/2013;101
8;1;382629;14/01/2013;101
8;1;382630;15/01/2013;101
8;1;382631;16/01/2013;101
8;1;382632;14/01/2013;101
8;1;382633;14/01/2013;101
8;1;382634;17/01/2013;101
8;1;382635;18/01/2013;101
8;1;382637;19/01/2013;101
8;1;382638;22/01/2013;101
8;1;382639;17/01/2013;101
8;1;382640;22/01/2013;101
8;1;382641;22/01/2013;101
8;1;382642;21/01/2013;101
8;1;382643;22/01/2013;101
4;1;382644;04/02/2013;101
4;1;382645;04/02/2013;101
4;1;382646;04/02/2013;101
4;1;382647;04/02/2013;101
4;1;382648;04/02/2013;101
4;1;382649;04/02/2013;101
4;1;382650;04/02/2013;101
4;1;382651;04/02/2013;101
4;1;382652;04/02/2013;101
4;1;382653;04/02/2013;101
4;1;382654;04/02/2013;101
4;1;382655;04/02/2013;101
8;1;382656;04/02/2013;101
8;1;382657;04/02/2013;101
8;1;382658;04/02/2013;101
8;1;382659;04/02/2013;103
8;1;382660;01/02/2013;101
8;1;382661;25/02/2013;103
8;1;382662;02/02/2013;101
8;1;382663;01/02/2013;101
8;1;382664;01/02/2013;101
8;1;382665;01/02/2013;101
8;1;382666;01/02/2013;101
8;1;382667;04/02/2013;101
8;1;382668;01/02/2013;101
8;1;382669;01/02/2013;101
8;1;382670;01/02/2013;101
8;1;382671;01/02/2013;101
8;1;382672;01/02/2013;101
8;1;382673;01/02/2013;101
8;1;382674;04/02/2013;103
8;1;382675;05/02/2013;101
8;1;382676;05/02/2013;101
8;1;382677;05/02/2013;103
8;1;382678;05/02/2013;103
8;1;382679;05/02/2013;103
8;1;382680;05/02/2013;103
8;1;382681;05/02/2013;103
8;1;382682;05/02/2013;103
8;1;382683;06/02/2013;101
8;1;382684;05/02/2013;103
8;1;382685;05/02/2013;103
8;1;382686;05/02/2013;103
8;1;382687;06/02/2013;101
8;1;382688;06/02/2013;101
8;1;382689;06/02/2013;101
8;1;382690;07/02/2013;101
8;1;382691;07/02/2013;101
8;1;382692;07/02/2013;101
8;1;382693;09/02/2013;101
8;1;382694;09/02/2013;101
4;1;382695;04/03/2013;101
4;1;382696;04/03/2013;101
8;1;382697;14/02/2013;101
8;1;382698;14/02/2013;101
8;1;382699;14/02/2013;101
8;1;382700;14/02/2013;101
4;1;382701;04/03/2013;101
8;1;382702;09/02/2013;101
4;1;382703;04/03/2013;101
8;1;382704;11/02/2013;101
8;1;382705;13/02/2013;101
8;1;382706;13/02/2013;101
8;1;382707;13/02/2013;101
8;1;382708;18/02/2013;103
8;1;382709;18/02/2013;103
8;1;382710;05/02/2013;103
8;1;382711;05/02/2013;103
8;1;382712;05/02/2013;103
8;1;382713;05/02/2013;103
8;1;382714;05/02/2013;103
8;1;382715;05/02/2013;103
8;1;382716;05/02/2013;103
8;1;382717;05/02/2013;103
8;1;382718;05/02/2013;103
8;1;382719;05/02/2013;103
8;1;382720;05/02/2013;103
8;1;382721;19/02/2013;101
8;1;382722;19/02/2013;101
8;1;382723;15/02/2013;101
8;1;382724;15/02/2013;101
8;1;382725;05/02/2013;103
8;1;382726;15/02/2013;101
8;1;382727;19/02/2013;101
8;1;382728;20/02/2013;101
8;1;382729;21/02/2013;101
8;1;382730;18/02/2013;103
8;1;382731;18/02/2013;101
8;1;382732;20/02/2013;101
8;1;382733;19/02/2013;101
8;1;382734;20/02/2013;101
8;1;382735;20/02/2013;101
8;1;382736;20/02/2013;101
8;1;382737;22/02/2013;101
8;1;382738;22/02/2013;101
8;1;382739;23/02/2013;101
8;1;382740;26/02/2013;101
8;1;382741;04/03/2013;103
8;1;382742;04/03/2013;103
8;1;382743;18/03/2013;103
8;1;382744;01/03/2013;101
8;1;382745;04/03/2013;101
8;1;382746;04/03/2013;101
8;1;382747;02/03/2013;101
8;1;382748;01/03/2013;101
8;1;382749;01/03/2013;101
8;1;382750;01/03/2013;101
8;1;382751;04/03/2013;103
8;1;382752;04/03/2013;103
8;1;382753;04/03/2013;103
8;1;382754;11/03/2013;103
8;1;382755;11/03/2013;103
8;1;382756;05/03/2013;103
8;1;382757;04/03/2013;103
8;1;382758;04/03/2013;103
8;1;382759;04/03/2013;103
8;1;382760;04/03/2013;103
8;1;382761;04/03/2013;101
8;1;382762;11/03/2013;103
8;1;382763;11/03/2013;103
8;1;382764;04/03/2013;101
8;1;382765;04/03/2013;101
8;1;382766;04/03/2013;101
8;1;382767;04/03/2013;101
8;1;382768;04/03/2013;101
8;1;382769;04/03/2013;101
8;1;382770;01/03/2013;103
8;1;382771;04/03/2013;103
8;1;382772;04/03/2013;103
8;1;382773;04/03/2013;101
8;1;382774;04/03/2013;101
8;1;382775;04/03/2013;101
8;1;382776;04/03/2013;101
8;1;382777;04/03/2013;101
8;1;382778;04/03/2013;101
8;1;382779;04/03/2013;101
8;1;382780;04/03/2013;101
8;1;382781;04/03/2013;101
8;1;382782;04/03/2013;101
4;1;382783;18/03/2013;101
8;1;382784;02/03/2013;101
8;1;382785;02/03/2013;101
8;1;382786;02/03/2013;101
8;1;382787;02/03/2013;101
4;1;382788;18/03/2013;101
276;1;382789;04/03/2013;101
8;1;382790;04/03/2013;101
8;1;382791;04/03/2013;101
8;1;382792;05/03/2013;101
8;1;382793;04/03/2013;101
8;1;382794;05/03/2013;101
8;1;382795;05/03/2013;101
8;1;382796;05/03/2013;101
8;1;382797;05/03/2013;101
8;1;382798;05/03/2013;101
8;1;382799;06/03/2013;101
8;1;382800;06/03/2013;101
8;1;382801;06/03/2013;101
8;1;382802;06/03/2013;101
8;1;382803;06/03/2013;101
8;1;382804;07/03/2013;101
8;1;382805;07/03/2013;101
8;1;382806;07/03/2013;101
8;1;382807;07/03/2013;101
8;1;382808;07/03/2013;101
8;1;382809;07/03/2013;101
8;1;382810;07/03/2013;101
8;1;382811;07/03/2013;101
8;1;382812;08/03/2013;101
8;1;382813;18/03/2013;101
8;1;382814;07/03/2013;101
8;1;382815;11/03/2013;101
8;1;382816;11/03/2013;101
8;1;382817;11/03/2013;101
8;1;382818;11/03/2013;101
8;1;382819;13/03/2013;101
8;1;382820;13/03/2013;101
8;1;382821;13/03/2013;101
8;1;382822;13/03/2013;101
8;1;382823;13/03/2013;101
8;1;382824;14/03/2013;101
8;1;382825;14/03/2013;101
8;1;382826;14/03/2013;101
8;1;382827;14/03/2013;101
8;1;382828;14/03/2013;101
8;1;382829;14/03/2013;101
8;1;382830;15/03/2013;101
8;1;382831;15/03/2013;101
8;1;382832;15/03/2013;101
8;1;382833;15/03/2013;101
8;1;382834;15/03/2013;101
8;1;382835;16/03/2013;101
8;1;382836;16/03/2013;101
8;1;382837;16/03/2013;101
8;1;382838;16/03/2013;101
8;1;382839;11/03/2013;103
8;1;382840;11/03/2013;103
8;1;382841;18/03/2013;103
8;1;382842;18/03/2013;101
8;1;382843;18/03/2013;101
8;1;382844;18/03/2013;101
8;1;382845;18/03/2013;101
8;1;382846;18/03/2013;101
8;1;382847;18/03/2013;101
8;1;382848;18/03/2013;101
8;1;382849;19/03/2013;101
8;1;382850;19/03/2013;101
8;1;382851;19/03/2013;101
8;1;382852;19/03/2013;101
8;1;382853;19/03/2013;101
8;1;382854;19/03/2013;101
8;1;382855;20/03/2013;101
8;1;382856;20/03/2013;101
8;1;382857;15/03/2013;101
8;1;382858;20/03/2013;101
8;1;382859;21/03/2013;101
8;1;382860;21/03/2013;101
8;1;382861;21/03/2013;101
8;1;382862;21/03/2013;101
8;1;382863;21/03/2013;101
8;1;382864;22/03/2013;101
8;1;382865;22/03/2013;101
8;1;382866;22/03/2013;101
8;1;382867;22/03/2013;101
8;1;382868;04/03/2013;103
8;1;382869;22/03/2013;101
8;1;382870;23/03/2013;101
8;1;382871;23/03/2013;101
8;1;382872;26/03/2013;101
8;1;382873;26/03/2013;101
8;1;382874;04/03/2013;103
8;1;382875;11/04/2013;103
8;1;382876;01/04/2013;101
8;1;382877;01/04/2013;101
8;1;382878;01/04/2013;101
8;1;382879;01/04/2013;101
8;1;382880;01/04/2013;101
8;1;382881;02/04/2013;101
8;1;382882;01/04/2013;101
8;1;382883;01/04/2013;101
8;1;382884;09/04/2013;103
8;1;382885;01/04/2013;101
8;1;382886;04/04/2013;101
8;1;382887;01/04/2013;101
8;1;382888;01/04/2013;101
8;1;382889;01/04/2013;101
8;1;382890;01/04/2013;101
8;1;382891;02/04/2013;101
8;1;382892;02/04/2013;101
8;1;382893;02/04/2013;101
8;1;382894;02/04/2013;101
8;1;382895;02/04/2013;101
8;1;382896;02/04/2013;101
8;1;382897;02/04/2013;101
8;1;382898;02/04/2013;101
8;1;382899;02/04/2013;101
8;1;382900;02/04/2013;101
8;1;382901;02/04/2013;101
8;1;382902;02/04/2013;101
8;1;382903;02/04/2013;101
8;1;382904;03/04/2013;101
8;1;382905;03/04/2013;101
8;1;382906;04/04/2013;101
8;1;382907;04/04/2013;101
8;1;382908;04/04/2013;101
8;1;382909;04/04/2013;101
8;1;382910;04/04/2013;101
8;1;382911;10/04/2013;101
8;1;382912;11/04/2013;101
8;1;382913;11/04/2013;101
8;1;382914;11/04/2013;101
8;1;382915;11/04/2013;101
8;1;382916;11/04/2013;101
8;1;382917;11/04/2013;101
8;1;382918;11/04/2013;101
8;1;382919;06/04/2013;101
8;1;382920;08/04/2013;101
8;1;382921;09/04/2013;101
8;1;382922;09/04/2013;101
8;1;382923;09/04/2013;101
8;1;382924;09/04/2013;101
8;1;382925;09/04/2013;101
8;1;382926;10/04/2013;101
8;1;382927;10/04/2013;101
8;1;382928;10/04/2013;101
8;1;382929;10/04/2013;101
8;1;382930;10/04/2013;101
8;1;382931;10/04/2013;101
8;1;382932;11/04/2013;103
8;1;382933;11/04/2013;101
8;1;382934;11/04/2013;101
8;1;382935;11/04/2013;101
8;1;382936;11/04/2013;101
8;1;382937;11/04/2013;101
8;1;382938;11/04/2013;101
8;1;382939;11/04/2013;101
8;1;382940;12/04/2013;101
8;1;382941;12/04/2013;101
8;1;382942;12/04/2013;101
8;1;382943;12/04/2013;101
8;1;382944;12/04/2013;101
8;1;382945;12/04/2013;101
8;1;382946;18/04/2013;101
8;1;382947;18/04/2013;101
8;1;382948;18/04/2013;101
8;1;382949;18/04/2013;101
8;1;382950;18/04/2013;101
8;1;382951;10/04/2013;101
8;1;382952;16/04/2013;101
8;1;382953;16/04/2013;101
8;1;382954;13/04/2013;101
8;1;382955;13/04/2013;101
8;1;382956;15/04/2013;101
8;1;382957;16/04/2013;101
8;1;382958;10/04/2013;101
8;1;382959;15/04/2013;101
8;1;382960;12/04/2013;101
8;1;382961;13/04/2013;101
8;1;382962;15/04/2013;101
8;1;382963;15/04/2013;101
8;1;382964;11/04/2013;101
8;1;382965;16/04/2013;101
8;1;382966;17/04/2013;101
8;1;382967;17/04/2013;101
8;1;382968;18/04/2013;101
8;1;382969;18/04/2013;101
8;1;382970;18/04/2013;101
8;1;382971;19/04/2013;101
8;1;382972;20/04/2013;101
8;1;382973;22/04/2013;101
8;1;382974;22/04/2013;101
8;1;382975;22/04/2013;101
8;1;382976;22/04/2013;101
4;1;382976;22/04/2013;101
8;1;382977;23/04/2013;101
8;1;382978;23/04/2013;101
8;1;382979;23/04/2013;101
8;1;382980;23/04/2013;101
8;1;382981;23/04/2013;101
8;1;382982;23/04/2013;101
8;1;382983;24/04/2013;101
8;1;382984;24/04/2013;101
8;1;382985;24/04/2013;101
8;1;382986;23/04/2013;101
8;1;382987;13/05/2013;103
8;1;382988;02/05/2013;101
8;1;382989;06/05/2013;101
8;1;382990;02/05/2013;101
8;1;382991;02/05/2013;101
8;1;382992;02/05/2013;101
8;1;382993;02/05/2013;101
8;1;382994;02/05/2013;101
8;1;382995;02/05/2013;101
8;1;382996;02/05/2013;101
8;1;382997;02/05/2013;101
8;1;382998;02/05/2013;101
8;1;382999;02/05/2013;101
8;1;383000;02/05/2013;101
8;1;383001;02/05/2013;101
8;1;383002;02/05/2013;101
8;1;383003;02/05/2013;101
8;1;383004;02/05/2013;101
8;1;383005;02/05/2013;101
8;1;383006;02/05/2013;101
8;1;383007;02/05/2013;101
8;1;383008;02/05/2013;101
8;1;383009;02/05/2013;101
8;1;383010;03/05/2013;101
8;1;383011;03/05/2013;101
8;1;383012;03/05/2013;101
8;1;383013;03/05/2013;101
8;1;383014;03/05/2013;101
8;1;383015;09/05/2013;101
8;1;383016;04/05/2013;101
8;1;383017;04/05/2013;101
8;1;383018;06/05/2013;101
8;1;383019;06/05/2013;103
8;1;383020;08/05/2013;101
8;1;383021;08/05/2013;101
8;1;383022;08/05/2013;101
8;1;383023;08/05/2013;101
8;1;383024;09/05/2013;101
8;1;383025;10/05/2013;101
8;1;383026;10/05/2013;101
8;1;383027;10/05/2013;101
8;1;383028;10/05/2013;101
8;1;383029;13/05/2013;101
8;1;383030;14/05/2013;101
8;1;383031;08/05/2013;101
8;1;383032;14/05/2013;101
8;1;383033;14/05/2013;101
8;1;383034;14/05/2013;101
8;1;383035;14/05/2013;101
8;1;383036;15/05/2013;101
276;1;383037;17/05/2013;101
8;1;383038;17/05/2013;101
8;1;383039;18/05/2013;101
8;1;383040;20/05/2013;101
8;1;383041;21/05/2013;101
8;1;383042;14/05/2013;101
8;1;383043;20/05/2013;101
8;1;383044;21/05/2013;101
8;1;383045;21/05/2013;101
8;1;383046;21/05/2013;101
8;1;383047;22/05/2013;101
8;1;383048;22/05/2013;101
8;1;383049;22/05/2013;101
8;1;383050;22/05/2013;101
8;1;383051;23/05/2013;101
8;1;383052;23/05/2013;101
8;1;383053;23/05/2013;101
8;1;383054;23/05/2013;101
8;1;383055;23/05/2013;101
1629;1;383056;03/05/2013;101
8;1;383056;03/05/2013;101
8;1;383057;24/05/2013;101
8;1;383058;01/06/2013;101
8;1;383059;01/06/2013;101
8;1;383060;03/06/2013;101
8;1;383061;01/06/2013;101
8;1;383062;01/06/2013;101
8;1;383063;03/06/2013;101
8;1;383064;03/06/2013;101
8;1;383065;01/06/2013;101
8;1;383067;03/06/2013;101
4;1;383068;12/06/2013;101
4;1;383069;12/06/2013;101
8;1;383070;04/06/2013;101
8;1;383071;04/06/2013;101
8;1;383072;04/06/2013;101
8;1;383073;01/06/2013;101
8;1;383074;04/06/2013;101
8;1;383075;05/06/2013;101
8;1;383076;06/06/2013;101
8;1;383077;05/06/2013;101
8;1;383078;07/06/2013;101
8;1;383079;07/06/2013;101
8;1;383080;07/06/2013;101
8;1;383081;08/06/2013;101
8;1;383082;10/06/2013;101
8;1;383083;10/06/2013;101
8;1;383084;13/06/2013;101
8;1;383085;11/06/2013;101
8;1;383086;15/06/2013;101
8;1;383087;10/06/2013;101
8;1;383088;12/06/2013;101
8;1;383089;13/06/2013;101
8;1;383090;12/06/2013;101
8;1;383091;12/06/2013;101
8;1;383092;12/06/2013;101
8;1;383093;13/06/2013;101
8;1;383094;13/06/2013;101
8;1;383095;13/06/2013;101
8;1;383096;14/06/2013;101
8;1;383097;14/06/2013;101
8;1;383098;14/06/2013;101
8;1;383099;14/06/2013;101
4;1;383100;01/07/2013;101
8;1;383101;14/06/2013;101
8;1;383102;19/06/2013;101
8;1;383103;14/06/2013;101
8;1;383104;15/06/2013;101
8;1;383105;15/06/2013;101
8;1;383106;17/06/2013;101
8;1;383107;17/06/2013;103
8;1;383108;10/06/2013;103
8;1;383109;17/06/2013;101
8;1;383110;17/06/2013;101
8;1;383111;17/06/2013;101
8;1;383112;18/06/2013;101
8;1;383113;18/06/2013;101
8;1;383114;19/06/2013;101
8;1;383115;19/06/2013;101
8;1;383116;20/06/2013;101
8;1;383117;19/06/2013;101
8;1;383118;20/06/2013;101
8;1;383119;24/06/2013;101
8;1;383120;24/06/2013;101
8;1;383121;17/06/2013;103
8;1;383122;20/06/2013;101
8;1;383123;21/06/2013;101
8;1;383124;21/06/2013;101
8;1;383125;21/06/2013;101
8;1;383126;21/06/2013;101
8;1;383127;22/06/2013;101
8;1;383128;21/06/2013;101
8;1;383129;24/06/2013;101
8;1;383130;22/06/2013;101
8;1;383131;22/06/2013;101
8;1;383132;22/06/2013;101
8;1;383133;20/06/2013;101
8;1;383134;24/06/2013;101
8;1;383135;01/07/2013;101
8;1;383136;01/07/2013;101
8;1;383137;01/07/2013;101
8;1;383138;01/07/2013;101
8;1;383139;01/07/2013;101
8;1;383140;01/07/2013;101
8;1;383141;04/07/2013;101
8;1;383142;01/07/2013;101
8;1;383143;03/07/2013;101
8;1;383144;02/07/2013;101
8;1;383145;01/07/2013;101
8;1;383146;01/07/2013;101
8;1;383147;01/07/2013;101
8;1;383148;01/07/2013;101
8;1;383149;01/07/2013;101
8;1;383150;03/07/2013;101
8;1;383151;10/07/2013;101
8;1;383152;08/07/2013;101
8;1;383153;04/07/2013;101
8;1;383154;08/07/2013;101
8;1;383155;09/07/2013;101
8;1;383156;06/07/2013;101
8;1;383157;06/07/2013;101
8;1;383158;05/07/2013;101
8;1;383159;06/07/2013;101
8;1;383160;06/07/2013;101
8;1;383161;05/07/2013;101
8;1;383162;06/07/2013;101
8;1;383163;08/07/2013;101
8;1;383164;08/07/2013;101
8;1;383165;08/07/2013;101
8;1;383166;10/07/2013;101
8;1;383167;10/07/2013;101
8;1;383168;04/07/2013;101
8;1;383169;06/07/2013;101
8;1;383170;09/07/2013;101
8;1;383171;10/07/2013;101
8;1;383172;05/07/2013;101
8;1;383173;11/07/2013;101
8;1;383174;12/07/2013;101
8;1;383175;11/07/2013;101
8;1;383176;15/07/2013;101
8;1;383177;12/07/2013;101
8;1;383178;15/07/2013;101
8;1;383179;06/07/2013;101
8;1;383180;12/07/2013;101
8;1;383181;08/07/2013;101
8;1;383182;11/07/2013;101
8;1;383183;15/07/2013;101
8;1;383184;15/07/2013;101
8;1;383185;15/07/2013;101
8;1;383186;15/07/2013;101
8;1;383187;16/07/2013;101
8;1;383188;15/07/2013;101
8;1;383189;16/07/2013;101
8;1;383190;16/07/2013;101
8;1;383191;17/07/2013;101
8;1;383192;16/07/2013;101
8;1;383193;17/07/2013;101
8;1;383194;16/07/2013;101
8;1;383195;16/07/2013;101
8;1;383196;17/07/2013;101
8;1;383197;18/07/2013;101
8;1;383198;18/07/2013;101
8;1;383199;18/07/2013;101
8;1;383200;18/07/2013;101
8;1;383201;17/07/2013;101
8;1;383202;17/07/2013;101
8;1;383203;19/07/2013;101
8;1;383205;20/07/2013;101
8;1;383206;20/07/2013;101
8;1;383207;22/07/2013;101
8;1;383208;24/07/2013;101
8;1;383209;20/07/2013;101
8;1;383210;24/07/2013;101
8;1;383211;22/07/2013;101
8;1;383212;23/07/2013;101
8;1;383213;22/07/2013;101
8;1;383214;20/07/2013;101
8;1;383215;22/07/2013;101
8;1;383216;22/07/2013;101
8;1;383217;22/07/2013;101
8;1;383218;22/07/2013;101
8;1;383219;24/07/2013;101
8;1;383220;25/07/2013;101
8;1;383221;25/07/2013;101
8;1;383222;29/07/2013;103
8;1;383223;01/08/2013;101
8;1;383224;01/08/2013;101
8;1;383225;01/08/2013;101
8;1;383226;01/08/2013;101
8;1;383227;01/08/2013;101
8;1;383228;01/08/2013;101
8;1;383229;01/08/2013;101
8;1;383230;01/08/2013;101
8;1;383231;05/08/2013;103
8;1;383232;05/08/2013;103
8;1;383233;01/08/2013;103
8;1;383234;01/08/2013;103
8;1;383235;05/08/2013;103
8;1;383236;02/08/2013;101
8;1;383237;01/08/2013;101
8;1;383238;01/08/2013;101
8;1;383239;01/08/2013;101
8;1;383240;01/08/2013;101
8;1;383241;05/08/2013;101
8;1;383242;01/08/2013;101
8;1;383243;02/08/2013;101
8;1;383244;01/08/2013;101
8;1;383245;01/08/2013;103
8;1;383246;02/08/2013;101
8;1;383247;01/08/2013;101
8;1;383248;01/08/2013;101
8;1;383249;07/08/2013;101
8;1;383250;05/08/2013;101
8;1;383251;05/08/2013;101
8;1;383252;07/08/2013;101
8;1;383253;07/08/2013;101
8;1;383254;07/08/2013;101
8;1;383255;05/08/2013;103
8;1;383256;05/08/2013;103
8;1;383257;08/08/2013;101
8;1;383258;07/08/2013;101
8;1;383259;12/08/2013;103
8;1;383260;07/08/2013;101
8;1;383261;08/08/2013;101
8;1;383262;01/08/2013;101
8;1;383263;07/08/2013;101
8;1;383264;07/08/2013;101
8;1;383265;07/08/2013;101
8;1;383266;09/08/2013;101
8;1;383267;09/08/2013;101
8;1;383268;09/08/2013;101
8;1;383269;10/08/2013;101
8;1;383270;10/08/2013;101
8;1;383271;09/08/2013;101
8;1;383272;12/08/2013;101
8;1;383273;12/08/2013;101
8;1;383274;12/08/2013;101
8;1;383275;08/08/2013;101
8;1;383276;08/08/2013;101
8;1;383277;08/08/2013;101
8;1;383278;15/08/2013;101
8;1;383279;12/08/2013;103
8;1;383280;15/08/2013;101
8;1;383281;10/08/2013;101
8;1;383282;14/08/2013;101
8;1;383283;13/08/2013;101
8;1;383284;14/08/2013;101
8;1;383285;15/08/2013;101
8;1;383286;15/08/2013;101
8;1;383287;14/08/2013;101
8;1;383288;10/08/2013;101
8;1;383289;08/08/2013;101
8;1;383290;14/08/2013;101
8;1;383291;14/08/2013;101
8;1;383292;14/08/2013;101
276;1;383293;08/08/2013;101
8;1;383294;15/08/2013;101
8;1;383295;17/08/2013;101
8;1;383296;16/08/2013;101
8;1;383297;16/08/2013;101
8;1;383298;17/08/2013;101
8;1;383299;19/08/2013;101
8;1;383300;19/08/2013;101
8;1;383301;15/08/2013;101
8;1;383302;19/08/2013;101
8;1;383303;20/08/2013;101
8;1;383304;21/08/2013;101
8;1;383305;20/08/2013;101
8;1;383306;20/08/2013;101
8;1;383307;26/08/2013;103
8;1;383308;22/08/2013;101
8;1;383309;21/08/2013;101
8;1;383310;21/08/2013;101
8;1;383311;22/08/2013;101
8;1;383312;23/08/2013;101
8;1;383313;22/08/2013;101
8;1;383314;26/08/2013;101
8;1;383315;26/08/2013;101
8;1;383316;26/08/2013;101
8;1;383317;26/08/2013;101
8;1;383318;26/08/2013;101
8;1;383319;02/09/2013;103
8;1;383320;02/09/2013;101
8;1;383321;02/09/2013;101
8;1;383322;02/09/2013;101
8;1;383323;02/09/2013;101
8;1;383324;03/09/2013;101
8;1;383325;02/09/2013;101
8;1;383326;02/09/2013;101
8;1;383327;02/09/2013;101
8;1;383328;02/09/2013;101
8;1;383329;02/09/2013;101
8;1;383330;09/09/2013;101
8;1;383331;05/09/2013;101
8;1;383332;05/09/2013;101
8;1;383333;05/09/2013;101
8;1;383334;05/09/2013;101
8;1;383335;05/09/2013;101
8;1;383336;05/09/2013;101
8;1;383337;05/09/2013;101
8;1;383338;05/09/2013;101
8;1;383339;05/09/2013;101
8;1;383340;05/09/2013;101
8;1;383341;02/09/2013;101
8;1;383342;04/09/2013;101
8;1;383343;03/09/2013;101
4;1;383344;11/09/2013;101
8;1;383345;02/09/2013;101
8;1;383346;02/09/2013;101
8;1;383347;02/09/2013;101
8;1;383348;03/09/2013;101
8;1;383349;02/09/2013;101
8;1;383350;05/09/2013;101
8;1;383351;02/09/2013;101
8;1;383352;02/09/2013;101
8;1;383353;02/09/2013;101
8;1;383354;02/09/2013;101
8;1;383355;02/09/2013;103
8;1;383356;02/09/2013;101
8;1;383357;02/09/2013;101
276;1;383358;03/09/2013;101
8;1;383359;06/09/2013;101
8;1;383360;12/09/2013;101
8;1;383361;12/09/2013;101
8;1;383362;12/09/2013;101
8;1;383363;02/09/2013;101
8;1;383364;09/09/2013;101
8;1;383365;09/09/2013;101
8;1;383366;09/09/2013;101
8;1;383367;09/09/2013;101
8;1;383368;09/09/2013;101
8;1;383369;06/09/2013;101
8;1;383370;06/09/2013;101
8;1;383371;05/09/2013;101
8;1;383372;05/09/2013;101
8;1;383373;05/09/2013;101
8;1;383374;11/09/2013;101
8;1;383375;09/09/2013;101
8;1;383376;09/09/2013;101
8;1;383377;04/09/2013;101
8;1;383378;09/09/2013;101
8;1;383379;12/09/2013;101
8;1;383380;13/09/2013;101
8;1;383381;10/09/2013;101
8;1;383382;11/09/2013;101
8;1;383383;09/09/2013;101
8;1;383384;02/09/2013;101
8;1;383385;12/09/2013;101
8;1;383386;16/09/2013;101
8;1;383387;04/09/2013;101
8;1;383388;14/09/2013;101
8;1;383389;12/09/2013;101
8;1;383390;11/09/2013;101
8;1;383391;16/09/2013;101
8;1;383392;04/09/2013;101
8;1;383393;16/09/2013;101
8;1;383394;13/09/2013;101
8;1;383395;12/09/2013;101
8;1;383396;11/09/2013;101
8;1;383397;10/09/2013;101
8;1;383398;18/09/2013;722
8;1;383399;02/09/2013;103
8;1;383400;18/09/2013;103
8;1;383401;18/09/2013;103
8;1;383402;18/09/2013;103
8;1;383403;18/09/2013;101
8;1;383404;24/09/2013;101
8;1;383405;24/09/2013;101
8;1;383406;24/09/2013;101
8;1;383407;24/09/2013;101
8;1;383408;25/09/2013;101
8;1;383409;24/09/2013;101
8;1;383410;23/09/2013;101
8;1;383411;23/09/2013;101
8;1;383412;19/09/2013;101
8;1;383413;24/09/2013;101
8;1;383414;24/09/2013;101
8;1;383415;25/09/2013;101
8;1;383416;24/09/2013;101
8;1;383417;19/09/2013;101
8;1;383418;16/09/2013;101
8;1;383419;16/09/2013;101
8;1;383421;27/09/2013;101
4;1;383422;02/10/2013;101
4;1;383423;02/10/2013;101
4;1;383424;02/10/2013;101
4;1;383425;02/10/2013;101
8;1;383426;01/10/2013;101
8;1;383427;01/10/2013;101
8;1;383428;02/10/2013;101
8;1;383429;01/10/2013;101
8;1;383430;03/10/2013;101
8;1;383431;02/10/2013;101
8;1;383432;03/10/2013;101
8;1;383433;03/10/2013;101
8;1;383434;02/10/2013;101
8;1;383435;02/10/2013;101
8;1;383436;01/10/2013;101
8;1;383437;01/10/2013;101
8;1;383438;02/10/2013;101
8;1;383439;02/10/2013;101
8;1;383440;01/10/2013;101
8;1;383441;03/10/2013;101
8;1;383442;01/10/2013;101
8;1;383443;01/10/2013;101
8;1;383444;01/10/2013;101
8;1;383445;03/10/2013;101
8;1;383446;01/10/2013;101
8;1;383447;01/10/2013;101
8;1;383448;01/10/2013;101
8;1;383449;01/10/2013;101
8;1;383450;01/10/2013;101
8;1;383451;01/10/2013;101
8;1;383452;01/10/2013;101
8;1;383453;01/10/2013;101
8;1;383454;01/10/2013;101
8;1;383455;03/10/2013;101
4;1;383456;21/10/2013;103
4;1;383457;21/10/2013;103
4;1;383458;21/10/2013;103
8;1;383459;10/10/2013;101
8;1;383460;10/10/2013;101
8;1;383461;10/10/2013;101
8;1;383462;10/10/2013;101
8;1;383463;10/10/2013;101
8;1;383464;10/10/2013;101
8;1;383465;10/10/2013;101
8;1;383466;10/10/2013;101
8;1;383467;09/10/2013;101
8;1;383468;09/10/2013;101
8;1;383469;09/10/2013;101
8;1;383470;08/10/2013;101
8;1;383471;03/10/2013;101
8;1;383472;05/10/2013;101
8;1;383473;05/10/2013;101
8;1;383474;05/10/2013;101
8;1;383475;05/10/2013;101
8;1;383476;04/10/2013;101
8;1;383477;04/10/2013;101
8;1;383478;04/10/2013;101
8;1;383479;03/10/2013;101
8;1;383480;03/10/2013;101
8;1;383481;11/10/2013;101
8;1;383482;11/10/2013;101
8;1;383483;14/10/2013;101
8;1;383484;14/10/2013;101
8;1;383485;15/10/2013;101
8;1;383486;10/10/2013;101
8;1;383487;14/10/2013;101
8;1;383488;15/10/2013;101
8;1;383489;15/10/2013;101
8;1;383490;15/10/2013;101
8;1;383491;15/10/2013;101
8;1;383492;15/10/2013;101
8;1;383493;17/10/2013;101
8;1;383494;17/10/2013;101
8;1;383495;17/10/2013;101
8;1;383496;18/10/2013;101
8;1;383497;18/10/2013;101
8;1;383498;16/10/2013;101
8;1;383499;18/10/2013;101
8;1;383500;17/10/2013;101
8;1;383501;16/10/2013;101
8;1;383502;16/10/2013;101
8;1;383503;16/10/2013;101
8;1;383504;21/10/2013;101
8;1;383505;19/10/2013;101
8;1;383506;21/10/2013;101
8;1;383507;21/10/2013;101
8;1;383508;21/10/2013;101
8;1;383509;21/10/2013;101
8;1;383510;21/10/2013;101
8;1;383511;21/10/2013;101
8;1;383512;21/10/2013;101
8;1;383513;21/10/2013;101
8;1;383514;21/10/2013;101
8;1;383515;22/10/2013;101
8;1;383516;22/10/2013;101
8;1;383517;22/10/2013;101
8;1;383518;21/10/2013;101
8;1;383519;21/10/2013;101
8;1;383520;23/10/2013;101
8;1;383521;23/10/2013;101
8;1;383522;23/10/2013;101
8;1;383523;23/10/2013;101
8;1;383524;24/10/2013;101
8;1;383525;24/10/2013;101
8;1;383526;24/10/2013;101
8;1;383527;24/10/2013;101
8;1;383528;24/10/2013;101
8;1;383529;24/10/2013;101
8;1;383530;24/10/2013;101
8;1;383531;24/10/2013;101
8;1;383532;07/10/2013;103
8;1;383533;01/11/2013;101
8;1;383534;01/11/2013;101
8;1;383535;01/11/2013;101
8;1;383536;01/11/2013;101
8;1;383537;01/11/2013;101
8;1;383538;04/11/2013;101
8;1;383539;01/11/2013;101
8;1;383540;04/11/2013;103
8;1;383541;01/11/2013;101
8;1;383542;01/11/2013;101
8;1;383543;04/11/2013;101
8;1;383544;01/11/2013;101
8;1;383545;04/11/2013;101
8;1;383546;04/11/2013;101
8;1;383547;01/11/2013;101
8;1;383548;01/11/2013;101
8;1;383549;01/11/2013;101
8;1;383550;01/11/2013;101
8;1;383551;01/11/2013;101
8;1;383552;01/11/2013;101
8;1;383553;01/11/2013;101
8;1;383554;01/11/2013;101
8;1;383555;04/11/2013;101
8;1;383556;04/11/2013;101
8;1;383557;01/11/2013;101
8;1;383558;01/11/2013;101
8;1;383559;07/11/2013;101
8;1;383560;07/11/2013;101
8;1;383561;07/11/2013;101
8;1;383562;07/11/2013;101
8;1;383563;06/11/2013;101
8;1;383564;07/11/2013;101
8;1;383565;07/11/2013;101
8;1;383566;06/11/2013;101
8;1;383567;06/11/2013;101
8;1;383568;06/11/2013;101
8;1;383569;04/11/2013;101
8;1;383570;05/11/2013;101
8;1;383571;01/11/2013;101
8;1;383572;01/11/2013;101
8;1;383573;01/11/2013;101
8;1;383574;04/11/2013;101
8;1;383575;05/11/2013;101
8;1;383576;07/11/2013;103
8;1;383577;04/11/2013;103
8;1;383578;08/11/2013;101
8;1;383579;06/11/2013;101
8;1;383580;07/11/2013;101
8;1;383581;09/11/2013;101
8;1;383582;11/11/2013;101
8;1;383583;11/11/2013;101
8;1;383584;11/11/2013;101
8;1;383585;11/11/2013;101
8;1;383586;12/11/2013;101
8;1;383587;12/11/2013;101
8;1;383588;12/11/2013;101
8;1;383589;12/11/2013;101
8;1;383590;12/11/2013;101
8;1;383591;12/11/2013;101
8;1;383592;12/11/2013;101
8;1;383593;12/11/2013;101
8;1;383594;13/11/2013;101
8;1;383595;14/11/2013;101
8;1;383596;14/11/2013;101
8;1;383597;12/11/2013;101
8;1;383598;14/11/2013;101
8;1;383599;14/11/2013;101
8;1;383600;14/11/2013;101
8;1;383601;14/11/2013;101
8;1;383602;14/11/2013;101
8;1;383603;14/11/2013;101
8;1;383604;11/11/2013;103
8;1;383605;14/11/2013;101
8;1;383606;14/11/2013;101
8;1;383607;14/11/2013;101
8;1;383608;14/11/2013;101
8;1;383609;14/11/2013;101
8;1;383610;14/11/2013;101
8;1;383611;18/11/2013;101
8;1;383612;19/11/2013;101
8;1;383613;19/11/2013;101
8;1;383614;18/11/2013;101
8;1;383615;19/11/2013;101
8;1;383616;18/11/2013;101
276;1;383617;18/11/2013;101
8;1;383618;18/11/2013;101
8;1;383619;20/11/2013;103
8;1;383620;19/11/2013;101
8;1;383621;11/11/2013;103
8;1;383622;11/11/2013;103
8;1;383623;19/11/2013;101
8;1;383624;19/11/2013;101
8;1;383625;18/11/2013;101
8;1;383626;19/11/2013;101
8;1;383627;20/11/2013;101
8;1;383628;20/11/2013;101
8;1;383629;20/11/2013;101
8;1;383630;20/11/2013;101
8;1;383631;20/11/2013;101
8;1;383632;24/11/2013;101
8;1;383633;26/11/2013;101
8;1;383634;21/11/2013;101
8;1;383635;21/11/2013;101
8;1;383636;21/11/2013;101
8;1;383637;21/11/2013;101
8;1;383638;21/11/2013;101
8;1;383639;21/11/2013;101
8;1;383640;21/11/2013;101
8;1;383641;21/11/2013;101
8;1;383642;20/11/2013;101
8;1;383643;20/11/2013;101
8;1;383644;22/11/2013;101
8;1;383645;25/11/2013;101
8;1;383646;02/12/2013;101
8;1;383647;02/12/2013;101
8;1;383648;02/12/2013;101
8;1;383649;02/12/2013;101
8;1;383650;02/12/2013;101
8;1;383651;02/12/2013;101
8;1;383652;02/12/2013;101
8;1;383653;02/12/2013;101
8;1;383654;02/12/2013;101
8;1;383655;02/12/2013;101
8;1;383656;02/12/2013;101
8;1;383657;02/12/2013;101
8;1;383658;02/12/2013;101
8;1;383659;02/12/2013;101
8;1;383660;02/12/2013;101
8;1;383661;02/12/2013;101
8;1;383662;02/12/2013;101
8;1;383663;02/12/2013;101
8;1;383664;02/12/2013;101
8;1;383665;02/12/2013;103
8;1;383666;02/12/2013;101
8;1;383667;02/12/2013;101
8;1;383668;03/12/2013;101
8;1;383669;02/12/2013;101
8;1;383670;04/12/2013;101
8;1;383671;05/12/2013;101
4;1;383672;15/01/2014;101
8;1;383673;05/12/2013;101
8;1;383674;05/12/2013;101
8;1;383675;05/12/2013;101
8;1;383676;05/12/2013;101
8;1;383677;05/12/2013;101
8;1;383678;06/12/2013;101
8;1;383679;05/12/2013;101
8;1;383680;06/12/2013;101
8;1;383681;06/12/2013;101
8;1;383682;06/12/2013;101
8;1;383683;07/12/2013;101
8;1;383684;07/12/2013;101
8;1;383685;09/12/2013;101
8;1;383686;07/12/2013;101
8;1;383687;10/12/2013;101
8;1;383688;10/12/2013;101
8;1;383689;11/12/2013;101
8;1;383690;11/12/2013;101
8;1;383691;10/12/2013;101
8;1;383692;12/12/2013;101
8;1;383693;12/12/2013;101
8;1;383694;11/12/2013;101
8;1;383695;11/12/2013;101
8;1;383696;11/12/2013;101
8;1;383697;11/12/2013;101
8;1;383698;12/12/2013;101
8;1;383699;12/12/2013;101
8;1;383700;12/12/2013;101
8;1;383701;12/12/2013;101
8;1;383702;12/12/2013;101
8;1;383703;12/12/2013;101
8;1;383704;12/12/2013;101
8;1;383705;12/12/2013;101
8;1;383706;12/12/2013;101
8;1;383707;11/12/2013;101
8;1;383708;13/12/2013;101
8;1;383709;14/12/2013;101
8;1;383710;16/12/2013;101
8;1;383711;16/12/2013;101
8;1;383712;17/12/2013;101
8;1;383713;17/12/2013;101
8;1;383714;17/12/2013;101
8;1;383715;18/12/2013;101
8;1;383716;19/12/2013;101
8;1;383717;18/12/2013;101
8;1;383718;20/12/2013;101
8;1;383719;20/12/2013;101
8;1;383720;20/12/2013;101
8;1;383721;20/12/2013;101
8;1;383722;20/12/2013;101
8;1;383723;20/12/2013;101
8;1;383724;20/12/2013;101
8;1;383725;20/12/2013;101
8;1;383726;21/12/2013;101
8;1;383727;23/12/2013;101
8;1;383728;21/12/2013;101
8;1;383729;26/12/2013;101
8;1;383730;03/01/2014;101
8;1;383731;02/01/2014;101
8;1;383732;02/01/2014;101
8;1;383733;02/01/2014;101
8;1;383734;06/01/2014;101
8;1;383735;02/01/2014;101
8;1;383736;02/01/2014;101
8;1;383737;02/01/2014;101
8;1;383738;02/01/2014;101
8;1;383739;02/01/2014;101
8;1;383740;02/01/2014;101
8;1;383741;02/01/2014;101
8;1;383742;06/01/2014;101
8;1;383743;02/01/2014;101
8;1;383744;06/01/2014;101
8;1;383745;03/01/2014;101
8;1;383746;06/01/2014;101
8;1;383747;04/01/2014;101
8;1;383748;08/01/2014;101
8;1;383749;08/01/2014;101
8;1;383750;13/01/2014;101
8;1;383751;09/01/2014;101
8;1;383752;09/01/2014;101
8;1;383753;10/01/2014;101
8;1;383754;10/01/2014;101
8;1;383755;10/01/2014;101
8;1;383756;09/01/2014;101
8;1;383757;10/01/2014;101
8;1;383758;06/01/2014;103
8;1;383759;15/01/2014;101
8;1;383760;10/01/2014;101
8;1;383761;10/01/2014;101
8;1;383762;13/01/2014;101
8;1;383763;13/01/2014;101
8;1;383764;13/01/2014;101
8;1;383765;10/01/2014;101
8;1;383766;13/01/2014;101
8;1;383767;14/01/2014;101
8;1;383768;13/01/2014;101
8;1;383769;14/01/2014;101
8;1;383770;16/01/2014;101
8;1;383771;16/01/2014;101
8;1;383772;16/01/2014;101
8;1;383773;16/01/2014;101
8;1;383774;17/01/2014;101
8;1;383775;17/01/2014;101
8;1;383776;16/01/2014;101
8;1;383777;16/01/2014;101
8;1;383778;20/01/2014;101
8;1;383779;14/01/2014;101
8;1;383780;21/01/2014;101
8;1;383781;23/01/2014;101
8;1;383782;23/01/2014;101
8;1;383783;23/01/2014;101
8;1;383784;22/01/2014;101
8;1;383785;23/01/2014;101
8;1;383786;27/01/2014;101
8;1;383787;28/01/2014;103
6;1;383788;02/01/2014;722
8;1;383789;29/01/2014;101
8;1;383790;29/01/2014;101
8;1;383791;29/01/2014;101
4;1;383792;05/02/2014;101
4;1;383793;05/02/2014;101
4;1;383794;05/02/2014;101
4;1;383795;05/02/2014;101
4;1;383796;05/02/2014;101
4;1;383797;05/02/2014;101
4;1;383798;05/02/2014;101
4;1;383799;05/02/2014;101
4;1;383800;05/02/2014;101
4;1;383801;05/02/2014;101
8;1;383802;03/02/2014;103
8;1;383803;03/02/2014;103
8;1;383804;03/02/2014;103
8;1;383805;03/02/2014;103
8;1;383806;03/02/2014;103
8;1;383807;03/02/2014;103
8;1;383808;03/02/2014;103
8;1;383809;03/02/2014;103
8;1;383810;03/02/2014;103
8;1;383811;03/02/2014;103
8;1;383812;03/02/2014;103
8;1;383813;03/02/2014;103
8;1;383814;03/02/2014;103
8;1;383815;03/02/2014;103
8;1;383816;03/02/2014;103
8;1;383817;03/02/2014;103
8;1;383818;03/02/2014;103
8;1;383819;03/02/2014;103
8;1;383820;03/02/2014;103
8;1;383821;03/02/2014;103
8;1;383822;03/02/2014;101
8;1;383823;03/02/2014;101
8;1;383824;03/02/2014;101
8;1;383825;03/02/2014;101
8;1;383826;03/02/2014;103
8;1;383827;03/02/2014;103
8;1;383828;01/02/2014;101
8;1;383829;01/02/2014;101
8;1;383830;03/02/2014;101
8;1;383831;01/02/2014;101
8;1;383832;01/02/2014;101
8;1;383833;01/02/2014;101
8;1;383834;01/02/2014;101
8;1;383835;01/02/2014;101
8;1;383836;01/02/2014;101
8;1;383837;01/02/2014;101
8;1;383838;03/02/2014;101
8;1;383839;04/02/2014;101
8;1;383840;01/02/2014;101
8;1;383841;03/02/2014;101
8;1;383842;01/02/2014;101
8;1;383843;01/02/2014;101
8;1;383844;04/02/2014;101
8;1;383845;06/02/2014;101
8;1;383846;06/02/2014;101
8;1;383847;06/02/2014;101
8;1;383848;06/02/2014;101
8;1;383849;06/02/2014;101
8;1;383850;07/02/2014;101
8;1;383851;06/02/2014;101
8;1;383852;08/02/2014;101
8;1;383853;11/02/2014;101
8;1;383854;11/02/2014;101
8;1;383855;10/02/2014;101
8;1;383856;10/02/2014;101
8;1;383857;11/02/2014;101
8;1;383858;11/02/2014;101
8;1;383859;11/02/2014;101
8;1;383860;11/02/2014;101
8;1;383861;11/02/2014;101
8;1;383862;10/02/2014;101
8;1;383863;13/02/2014;101
8;1;383864;12/02/2014;101
8;1;383865;11/02/2014;101
8;1;383866;11/02/2014;101
8;1;383867;11/02/2014;101
8;1;383868;12/02/2014;101
8;1;383869;12/02/2014;101
8;1;383870;12/02/2014;101
8;1;383871;14/02/2014;101
8;1;383872;11/02/2014;101
8;1;383873;12/02/2014;101
8;1;383874;13/02/2014;101
8;1;383875;17/02/2014;103
8;1;383876;17/02/2014;101
8;1;383877;11/02/2014;101
8;1;383878;17/02/2014;103
8;1;383879;17/02/2014;101
8;1;383880;18/02/2014;101
8;1;383881;15/02/2014;101
8;1;383882;20/02/2014;101
8;1;383883;17/02/2014;103
8;1;383884;15/02/2014;101
8;1;383885;15/02/2014;101
8;1;383886;15/02/2014;101
8;1;383887;15/02/2014;101
8;1;383888;19/02/2014;101
8;1;383889;18/02/2014;101
8;1;383890;15/02/2014;101
8;1;383891;15/02/2014;101
8;1;383892;19/02/2014;101
8;1;383893;19/02/2014;101
8;1;383894;19/02/2014;101
282;1;383895;18/02/2014;101
8;1;383896;19/02/2014;101
8;1;383897;18/02/2014;101
8;1;383898;18/02/2014;101
8;1;383899;24/02/2014;101
8;1;383900;20/02/2014;101
8;1;383901;18/02/2014;101
8;1;383902;20/02/2014;101
8;1;383903;20/02/2014;101
8;1;383904;20/02/2014;101
8;1;383905;24/02/2014;103
8;1;383906;24/02/2014;103
8;1;383907;24/02/2014;103
8;1;383908;10/02/2014;103
4;1;383909;26/02/2014;101
8;1;383910;24/02/2014;101
8;1;383911;21/02/2014;101
8;1;383912;21/02/2014;101
8;1;383913;24/02/2014;101
8;1;383914;17/02/2014;103
8;1;383915;24/02/2014;101
8;1;383916;21/02/2014;101
8;1;383917;21/02/2014;101
8;1;383918;21/02/2014;101
8;1;383919;24/02/2014;101
8;1;383920;25/02/2014;101
8;1;383921;25/02/2014;101
8;1;383922;17/02/2014;103
8;1;383923;25/02/2014;101
8;1;383924;27/02/2014;101
8;1;383925;25/02/2014;101
8;1;383926;25/02/2014;101
8;1;383927;21/02/2014;101
8;1;383928;24/02/2014;103
8;1;383929;17/02/2014;103
8;1;383931;26/02/2014;101
8;1;383932;26/02/2014;101
8;1;383933;17/02/2014;103
8;1;383934;26/02/2014;101
8;1;383935;26/02/2014;101
8;1;383936;26/02/2014;101
8;1;383937;26/02/2014;101
8;1;383938;26/02/2014;101
8;1;383939;26/02/2014;101
8;1;383940;26/02/2014;101
8;1;383941;05/03/2014;101
8;1;383942;05/03/2014;101
8;1;383943;05/03/2014;101
8;1;383944;05/03/2014;101
8;1;383945;05/03/2014;101
8;1;383946;05/03/2014;101
8;1;383947;05/03/2014;101
8;1;383948;05/03/2014;101
8;1;383949;05/03/2014;101
8;1;383950;01/03/2014;101
8;1;383951;06/03/2014;101
8;1;383952;05/03/2014;101
8;1;383953;01/03/2014;103
8;1;383954;05/03/2014;101
8;1;383955;05/03/2014;101
8;1;383956;05/03/2014;101
8;1;383957;05/03/2014;101
8;1;383958;05/03/2014;101
8;1;383959;05/03/2014;101
8;1;383960;05/03/2014;101
8;1;383961;06/03/2014;103
8;1;383962;05/03/2014;101
8;1;383963;03/03/2014;101
8;1;383964;10/03/2014;103
8;1;383965;03/03/2014;101
8;1;383966;03/03/2014;101
8;1;383967;03/03/2014;101
8;1;383968;03/03/2014;101
8;1;383969;05/03/2014;103
8;1;383970;05/03/2014;101
8;1;383971;05/03/2014;101
8;1;383972;05/03/2014;101
8;1;383973;05/03/2014;101
8;1;383974;06/03/2014;101
8;1;383975;06/03/2014;101
8;1;383976;12/03/2014;101
8;1;383977;12/03/2014;101
8;1;383978;10/03/2014;101
8;1;383979;10/03/2014;101
8;1;383980;10/03/2014;101
8;1;383981;12/03/2014;101
8;1;383982;12/03/2014;101
8;1;383983;12/03/2014;101
8;1;383984;05/03/2014;101
8;1;383985;07/03/2014;101
8;1;383986;06/03/2014;103
8;1;383987;06/03/2014;101
8;1;383988;06/03/2014;101
8;1;383989;06/03/2014;101
8;1;383990;06/03/2014;101
8;1;383991;06/03/2014;101
8;1;383992;06/03/2014;103
8;1;383993;06/03/2014;101
8;1;383994;07/03/2014;101
4;1;383995;17/03/2014;101
8;1;383996;10/03/2014;103
8;1;383997;10/03/2014;103
8;1;383998;10/03/2014;103
8;1;383999;10/03/2014;103
4;1;384000;17/03/2014;101
8;1;384001;10/03/2014;103
8;1;384002;18/03/2014;103
8;1;384003;05/03/2014;101
8;1;384004;10/03/2014;101
8;1;384005;10/03/2014;101
8;1;384006;06/03/2014;101
8;1;384007;03/03/2014;101
8;1;384008;10/03/2014;101
8;1;384009;10/03/2014;101
8;1;384010;15/03/2014;101
8;1;384011;06/03/2014;101
8;1;384012;10/03/2014;101
276;1;384013;10/03/2014;101
8;1;384014;10/03/2014;103
8;1;384015;10/03/2014;101
8;1;384016;10/03/2014;103
8;1;384017;11/03/2014;101
8;1;384018;11/03/2014;101
8;1;384019;11/03/2014;101
8;1;384020;24/03/2014;103
8;1;384021;24/03/2014;103
8;1;384022;12/03/2014;101
8;1;384023;18/03/2014;103
8;1;384024;12/03/2014;101
8;1;384025;12/03/2014;101
8;1;384026;13/03/2014;101
8;1;384027;12/03/2014;101
8;1;384028;13/03/2014;101
8;1;384029;13/03/2014;101
8;1;384030;13/03/2014;101
276;1;384031;13/03/2014;101
8;1;384032;14/03/2014;101
8;1;384033;14/03/2014;101
8;1;384034;15/03/2014;101
8;1;384035;05/03/2014;101
8;1;384036;10/03/2014;103
8;1;384037;17/03/2014;101
8;1;384038;17/03/2014;101
8;1;384039;18/03/2014;101
8;1;384040;18/03/2014;103
8;1;384041;18/03/2014;101
8;1;384042;18/03/2014;101
8;1;384043;10/03/2014;103
8;1;384044;20/03/2014;101
8;1;384045;06/03/2014;103
8;1;384046;10/03/2014;103
8;1;384047;18/03/2014;101
8;1;384048;18/03/2014;103
8;1;384049;18/03/2014;101
8;1;384050;18/03/2014;101
8;1;384051;19/03/2014;101
8;1;384052;19/03/2014;101
8;1;384053;19/03/2014;101
8;1;384054;19/03/2014;101
8;1;384056;19/03/2014;101
8;1;384057;19/03/2014;101
8;1;384058;19/03/2014;101
8;1;384059;20/03/2014;101
8;1;384060;20/03/2014;101
8;1;384061;20/03/2014;101
8;1;384062;20/03/2014;101
8;1;384063;21/03/2014;101
8;1;384064;20/03/2014;101
8;1;384065;20/03/2014;101
8;1;384066;24/03/2014;103
8;1;384067;20/03/2014;101
8;1;384068;21/03/2014;101
8;1;384069;21/03/2014;101
8;1;384070;06/03/2014;103
8;1;384071;21/03/2014;101
8;1;384072;21/03/2014;101
8;1;384073;21/03/2014;101
8;1;384074;21/03/2014;101
8;1;384075;21/03/2014;101
8;1;384076;21/03/2014;101
8;1;384077;21/03/2014;101
8;1;384078;05/03/2014;103
8;1;384079;17/03/2014;103
4;1;384080;01/04/2014;101
4;1;384081;01/04/2014;101
4;1;384082;01/04/2014;101
4;1;384083;01/04/2014;101
8;1;384084;01/04/2014;101
8;1;384085;01/04/2014;101
8;1;384086;01/04/2014;101
8;1;384087;01/04/2014;101
8;1;384088;01/04/2014;101
8;1;384089;01/04/2014;101
8;1;384090;01/04/2014;101
8;1;384091;01/04/2014;101
8;1;384092;01/04/2014;101
8;1;384093;01/04/2014;101
8;1;384094;01/04/2014;101
8;1;384095;01/04/2014;101
8;1;384096;01/04/2014;101
8;1;384097;07/04/2014;101
8;1;384098;01/04/2014;101
8;1;384099;01/04/2014;101
8;1;384100;01/04/2014;101
8;1;384101;01/04/2014;101
8;1;384102;02/04/2014;101
8;1;384103;02/04/2014;101
8;1;384104;02/04/2014;101
8;1;384105;02/04/2014;101
8;1;384106;03/04/2014;101
8;1;384107;03/04/2014;101
8;1;384108;03/04/2014;101
8;1;384109;03/04/2014;101
8;1;384110;03/04/2014;101
8;1;384111;01/04/2014;722
8;1;384112;01/04/2014;722
8;1;384113;01/04/2014;722
8;1;384114;03/04/2014;101
8;1;384115;03/04/2014;101
8;1;384116;03/04/2014;101
8;1;384117;04/04/2014;101
8;1;384118;04/04/2014;101
8;1;384119;04/04/2014;101
8;1;384120;03/04/2014;101
8;1;384121;03/04/2014;101
8;1;384122;03/04/2014;101
8;1;384123;07/04/2014;101
8;1;384124;08/04/2014;101
8;1;384125;08/04/2014;101
8;1;384126;08/04/2014;101
8;1;384127;07/04/2014;103
8;1;384128;07/04/2014;101
8;1;384129;07/04/2014;101
8;1;384130;07/04/2014;101
8;1;384131;07/04/2014;101
8;1;384132;10/04/2014;101
8;1;384133;07/04/2014;101
8;1;384134;15/04/2014;101
8;1;384135;14/04/2014;101
8;1;384136;14/04/2014;101
8;1;384137;09/04/2014;101
8;1;384138;08/04/2014;101
8;1;384139;09/04/2014;101
8;1;384140;09/04/2014;101
8;1;384141;12/04/2014;101
8;1;384142;09/04/2014;101
8;1;384143;15/04/2014;101
8;1;384144;15/04/2014;101
8;1;384145;10/04/2014;101
8;1;384146;10/04/2014;101
8;1;384147;14/04/2014;101
8;1;384148;14/04/2014;101
8;1;384149;14/04/2014;101
8;1;384150;15/04/2014;101
8;1;384151;15/04/2014;101
8;1;384152;11/04/2014;101
8;1;384153;10/04/2014;101
8;1;384154;14/04/2014;101
8;1;384155;14/04/2014;101
8;1;384156;14/04/2014;101
8;1;384157;16/04/2014;101
8;1;384158;16/04/2014;101
8;1;384159;16/04/2014;101
8;1;384160;16/04/2014;101
8;1;384161;09/04/2014;101
8;1;384162;16/04/2014;101
8;1;384163;15/04/2014;101
8;1;384164;16/04/2014;101
8;1;384165;15/04/2014;101
8;1;384166;16/04/2014;101
8;1;384167;17/04/2014;101
8;1;384168;17/04/2014;101
8;1;384169;17/04/2014;101
8;1;384170;17/04/2014;101
8;1;384171;22/04/2014;101
6;1;384172;16/04/2014;101
8;1;384172;16/04/2014;101
8;1;384173;16/04/2014;101
8;1;384174;17/04/2014;101
8;1;384175;19/04/2014;101
8;1;384176;17/04/2014;101
8;1;384177;17/04/2014;101
8;1;384178;11/04/2014;101
8;1;384179;17/04/2014;101
8;1;384180;17/04/2014;101
8;1;384181;17/04/2014;101
8;1;384182;28/04/2014;103
8;1;384183;22/04/2014;101
8;1;384184;22/04/2014;101
8;1;384185;22/04/2014;101
8;1;384186;22/04/2014;101
8;1;384187;28/04/2014;103
8;1;384188;22/04/2014;101
8;1;384189;22/04/2014;101
8;1;384190;24/04/2014;101
8;1;384191;22/04/2014;101
8;1;384192;22/04/2014;101
8;1;384193;22/04/2014;101
8;1;384194;22/04/2014;101
8;1;384195;22/04/2014;101
8;1;384196;22/04/2014;101
8;1;384197;19/04/2014;101
8;1;384198;22/04/2014;101
8;1;384199;22/04/2014;101
8;1;384200;22/04/2014;101
8;1;384201;19/04/2014;101
8;1;384202;22/04/2014;101
8;1;384203;01/04/2014;101
8;1;384204;22/04/2014;101
8;1;384205;22/04/2014;101
8;1;384206;22/04/2014;101
8;1;384207;22/04/2014;101
8;1;384208;22/04/2014;101
8;1;384209;22/04/2014;101
8;1;384210;22/04/2014;101
8;1;384211;23/04/2014;101
8;1;384212;22/04/2014;101
8;1;384213;22/04/2014;101
8;1;384214;22/04/2014;101
8;1;384215;22/04/2014;101
8;1;384216;02/05/2014;101
8;1;384217;02/05/2014;101
8;1;384218;02/05/2014;101
8;1;384219;02/05/2014;101
8;1;384220;02/05/2014;101
8;1;384221;02/05/2014;101
8;1;384222;02/05/2014;101
8;1;384223;02/05/2014;101
8;1;384224;02/05/2014;101
8;1;384225;02/05/2014;101
8;1;384226;03/05/2014;101
8;1;384227;05/05/2014;103
8;1;384228;05/05/2014;101
8;1;384229;05/05/2014;101
8;1;384230;05/05/2014;103
8;1;384231;05/05/2014;101
8;1;384232;05/05/2014;101
8;1;384233;05/05/2014;101
8;1;384234;06/05/2014;101
8;1;384235;05/05/2014;101
8;1;384236;05/05/2014;101
8;1;384237;06/05/2014;101
8;1;384238;06/05/2014;101
8;1;384239;07/05/2014;101
8;1;384240;07/05/2014;101
8;1;384241;08/05/2014;101
8;1;384242;12/05/2014;103
8;1;384243;06/05/2014;101
8;1;384244;07/05/2014;101
8;1;384245;07/05/2014;101
8;1;384246;07/05/2014;101
8;1;384247;08/05/2014;101
8;1;384248;08/05/2014;101
8;1;384249;08/05/2014;101
8;1;384250;08/05/2014;101
8;1;384251;08/05/2014;101
8;1;384252;08/05/2014;101
8;1;384253;08/05/2014;101
8;1;384254;08/05/2014;101
8;1;384255;09/05/2014;101
8;1;384256;09/05/2014;101
8;1;384257;08/05/2014;101
8;1;384258;09/05/2014;101
8;1;384259;09/05/2014;101
8;1;384260;09/05/2014;101
8;1;384261;09/05/2014;101
8;1;384262;09/05/2014;101
8;1;384263;09/05/2014;101
8;1;384264;09/05/2014;101
8;1;384265;10/05/2014;101
8;1;384266;10/05/2014;101
8;1;384267;09/05/2014;101
8;1;384268;10/05/2014;101
8;1;384269;10/05/2014;101
8;1;384270;12/05/2014;101
8;1;384271;12/05/2014;103
8;1;384272;12/05/2014;101
8;1;384273;13/05/2014;101
8;1;384274;13/05/2014;101
8;1;384275;14/05/2014;101
8;1;384276;08/05/2014;101
8;1;384277;14/05/2014;101
8;1;384278;14/05/2014;101
8;1;384279;14/05/2014;101
8;1;384280;14/05/2014;101
8;1;384281;14/05/2014;101
8;1;384282;15/05/2014;101
8;1;384283;15/05/2014;101
8;1;384284;15/05/2014;101
8;1;384285;14/05/2014;101
8;1;384286;14/05/2014;101
8;1;384287;15/05/2014;101
8;1;384288;15/05/2014;101
8;1;384289;16/05/2014;101
8;1;384290;19/05/2014;101
8;1;384291;19/05/2014;101
8;1;384292;19/05/2014;101
8;1;384293;19/05/2014;101
8;1;384294;16/05/2014;101
8;1;384295;16/05/2014;101
8;1;384296;16/05/2014;101
8;1;384297;17/05/2014;101
8;1;384298;17/05/2014;101
8;1;384299;19/05/2014;101
8;1;384300;19/05/2014;101
8;1;384301;22/05/2014;101
8;1;384302;17/05/2014;101
8;1;384303;17/05/2014;101
8;1;384304;20/05/2014;101
8;1;384305;20/05/2014;101
8;1;384306;20/05/2014;101
8;1;384307;20/05/2014;101
8;1;384308;20/05/2014;101
8;1;384309;26/05/2014;103
8;1;384310;20/05/2014;101
8;1;384311;21/05/2014;101
8;1;384312;21/05/2014;101
8;1;384313;21/05/2014;101
8;1;384314;21/05/2014;101
8;1;384315;21/05/2014;101
8;1;384316;26/05/2014;101
8;1;384317;27/05/2014;103
8;1;384319;19/05/2014;101
8;1;384320;21/05/2014;101
8;1;384321;21/05/2014;101
8;1;384322;21/05/2014;101
8;1;384323;21/05/2014;101
8;1;384324;21/05/2014;101
8;1;384325;21/05/2014;101
8;1;384326;21/05/2014;101
8;1;384327;22/05/2014;101
8;1;384328;23/05/2014;101
8;1;384329;23/05/2014;101
8;1;384330;22/05/2014;101
276;1;384331;23/05/2014;101
8;1;384332;22/05/2014;101
8;1;384333;22/05/2014;101
8;1;384334;22/05/2014;101
8;1;384335;22/05/2014;101
8;1;384336;28/05/2014;101
8;1;384337;28/05/2014;101
8;1;384338;28/05/2014;101
8;1;384339;28/05/2014;101
8;1;384340;02/06/2014;101
8;1;384341;02/06/2014;101
8;1;384342;02/06/2014;103
8;1;384343;02/06/2014;101
8;1;384344;02/06/2014;101
8;1;384345;02/06/2014;101
8;1;384346;02/06/2014;101
8;1;384347;03/06/2014;101
8;1;384348;02/06/2014;103
8;1;384349;02/06/2014;101
8;1;384350;02/06/2014;101
8;1;384351;02/06/2014;101
8;1;384352;02/06/2014;101
8;1;384353;02/06/2014;101
8;1;384354;02/06/2014;101
8;1;384355;03/06/2014;101
8;1;384356;03/06/2014;101
8;1;384357;03/06/2014;101
8;1;384358;04/06/2014;101
8;1;384359;05/06/2014;101
8;1;384360;03/06/2014;101
8;1;384361;03/06/2014;101
8;1;384362;04/06/2014;101
8;1;384363;04/06/2014;101
8;1;384364;04/06/2014;101
8;1;384365;05/06/2014;101
8;1;384366;05/06/2014;101
8;1;384367;05/06/2014;101
8;1;384368;05/06/2014;101
8;1;384369;05/06/2014;101
8;1;384370;05/06/2014;101
8;1;384371;05/06/2014;101
8;1;384372;05/06/2014;101
276;1;384373;09/06/2014;103
8;1;384374;04/06/2014;101
8;1;384375;05/06/2014;101
8;1;384376;02/06/2014;101
4;1;384377;16/06/2014;101
8;1;384378;04/06/2014;101
8;1;384379;09/06/2014;101
8;1;384380;07/06/2014;101
8;1;384381;09/06/2014;101
8;1;384382;07/06/2014;101
4;1;384383;16/06/2014;101
8;1;384384;10/06/2014;101
8;1;384385;10/06/2014;101
8;1;384386;10/06/2014;101
8;1;384387;10/06/2014;101
8;1;384388;11/06/2014;101
8;1;384389;10/06/2014;101
8;1;384390;11/06/2014;101
8;1;384391;11/06/2014;101
8;1;384392;12/06/2014;101
8;1;384393;12/06/2014;101
8;1;384394;12/06/2014;101
8;1;384395;12/06/2014;101
8;1;384396;12/06/2014;101
8;1;384397;12/06/2014;101
8;1;384398;12/06/2014;101
8;1;384399;12/06/2014;101
8;1;384400;13/06/2014;101
8;1;384401;13/06/2014;101
8;1;384402;13/06/2014;101
8;1;384403;13/06/2014;101
8;1;384404;16/06/2014;101
8;1;384405;13/06/2014;101
8;1;384406;17/06/2014;101
8;1;384407;16/06/2014;101
8;1;384408;16/06/2014;101
8;1;384409;21/06/2014;101
8;1;384410;20/06/2014;101
8;1;384411;20/06/2014;101
8;1;384412;20/06/2014;101
8;1;384413;20/06/2014;101
8;1;384414;18/06/2014;101
8;1;384415;18/06/2014;101
8;1;384416;20/06/2014;101
8;1;384417;23/06/2014;101
8;1;384418;23/06/2014;101
8;1;384419;18/06/2014;101
8;1;384420;23/06/2014;101
8;1;384421;21/06/2014;101
8;1;384422;01/07/2014;101
8;1;384423;01/07/2014;101
8;1;384424;01/07/2014;101
8;1;384425;01/07/2014;101
8;1;384426;03/07/2014;101
8;1;384427;03/07/2014;101
8;1;384428;03/07/2014;101
8;1;384429;03/07/2014;101
8;1;384430;03/07/2014;101
8;1;384431;03/07/2014;101
8;1;384432;01/07/2014;101
8;1;384433;01/07/2014;101
8;1;384434;01/07/2014;101
8;1;384435;01/07/2014;101
8;1;384436;02/07/2014;101
8;1;384437;01/07/2014;101
8;1;384438;01/07/2014;101
8;1;384439;01/07/2014;101
8;1;384440;02/07/2014;101
8;1;384441;01/07/2014;101
8;1;384442;01/07/2014;101
8;1;384443;01/07/2014;101
8;1;384444;01/07/2014;101
8;1;384445;01/07/2014;101
8;1;384446;01/07/2014;101
8;1;384447;01/07/2014;101
8;1;384448;01/07/2014;101
8;1;384449;01/07/2014;101
8;1;384450;01/07/2014;101
8;1;384451;02/07/2014;101
8;1;384452;02/07/2014;101
8;1;384453;02/07/2014;101
8;1;384454;02/07/2014;101
8;1;384455;02/07/2014;101
8;1;384456;02/07/2014;101
8;1;384457;02/07/2014;101
8;1;384458;03/07/2014;101
8;1;384459;03/07/2014;101
8;1;384460;04/07/2014;101
8;1;384461;03/07/2014;101
8;1;384462;04/07/2014;101
8;1;384463;04/07/2014;101
8;1;384464;07/07/2014;101
8;1;384465;07/07/2014;101
8;1;384466;07/07/2014;101
8;1;384467;07/07/2014;101
8;1;384468;07/07/2014;101
8;1;384469;07/07/2014;101
8;1;384470;08/07/2014;101
8;1;384471;07/07/2014;101
8;1;384472;07/07/2014;101
8;1;384473;07/07/2014;101
8;1;384474;08/07/2014;101
8;1;384475;08/07/2014;101
8;1;384476;10/07/2014;101
8;1;384477;08/07/2014;101
8;1;384478;08/07/2014;101
8;1;384479;07/07/2014;101
8;1;384480;08/07/2014;101
8;1;384481;10/07/2014;101
8;1;384482;10/07/2014;101
8;1;384483;10/07/2014;101
8;1;384484;10/07/2014;101
8;1;384485;01/07/2014;101
8;1;384486;10/07/2014;101
8;1;384487;10/07/2014;101
8;1;384488;10/07/2014;101
8;1;384489;11/07/2014;101
8;1;384490;10/07/2014;101
8;1;384491;10/07/2014;101
8;1;384492;10/07/2014;101
8;1;384493;11/07/2014;101
8;1;384494;10/07/2014;101
8;1;384495;01/07/2014;101
8;1;384496;11/07/2014;101
8;1;384497;21/07/2014;101
8;1;384498;11/07/2014;101
276;1;384499;14/07/2014;101
276;1;384500;11/07/2014;101
8;1;384501;01/07/2014;101
8;1;384502;14/07/2014;101
8;1;384503;15/07/2014;101
8;1;384504;16/07/2014;101
8;1;384505;15/07/2014;101
8;1;384506;16/07/2014;101
8;1;384507;17/07/2014;101
8;1;384508;16/07/2014;101
8;1;384509;17/07/2014;101
8;1;384510;17/07/2014;101
8;1;384511;14/07/2014;103
8;1;384512;16/07/2014;101
8;1;384513;16/07/2014;101
8;1;384514;16/07/2014;101
8;1;384515;17/07/2014;101
8;1;384516;18/07/2014;101
8;1;384517;17/07/2014;101
8;1;384518;18/07/2014;101
8;1;384519;18/07/2014;101
8;1;384520;18/07/2014;101
8;1;384521;21/07/2014;101
8;1;384522;21/07/2014;101
8;1;384523;18/07/2014;101
8;1;384524;21/07/2014;101
8;1;384525;18/07/2014;101
8;1;384526;21/07/2014;101
8;1;384527;22/07/2014;101
8;1;384528;22/07/2014;101
8;1;384529;21/07/2014;101
4;1;384530;04/08/2014;101
4;1;384531;04/08/2014;101
4;1;384532;04/08/2014;101
8;1;384533;01/08/2014;101
8;1;384534;01/08/2014;101
8;1;384535;01/08/2014;101
8;1;384536;01/08/2014;101
8;1;384537;01/08/2014;101
8;1;384538;01/08/2014;101
8;1;384539;01/08/2014;101
8;1;384540;01/08/2014;101
8;1;384541;01/08/2014;101
8;1;384542;18/08/2014;103
8;1;384543;01/08/2014;101
8;1;384544;01/08/2014;101
8;1;384545;01/08/2014;101
8;1;384546;01/08/2014;101
8;1;384547;01/08/2014;101
8;1;384548;01/08/2014;101
8;1;384549;01/08/2014;101
8;1;384550;01/08/2014;101
8;1;384551;01/08/2014;101
8;1;384552;01/08/2014;101
8;1;384553;01/08/2014;101
8;1;384554;01/08/2014;101
8;1;384555;01/08/2014;101
8;1;384556;01/08/2014;101
8;1;384557;01/08/2014;101
8;1;384558;01/08/2014;101
8;1;384559;05/08/2014;101
8;1;384560;05/08/2014;101
8;1;384561;04/08/2014;101
8;1;384562;04/08/2014;101
8;1;384563;06/08/2014;101
8;1;384564;06/08/2014;101
8;1;384565;04/08/2014;103
8;1;384566;04/08/2014;103
8;1;384567;04/08/2014;103
8;1;384568;06/08/2014;101
8;1;384569;06/08/2014;101
8;1;384570;07/08/2014;101
8;1;384571;07/08/2014;101
8;1;384572;09/08/2014;101
8;1;384573;07/08/2014;101
8;1;384574;07/08/2014;101
8;1;384575;07/08/2014;101
8;1;384576;08/08/2014;101
8;1;384577;11/08/2014;101
8;1;384578;09/08/2014;101
8;1;384579;09/08/2014;101
8;1;384580;11/08/2014;101
8;1;384581;11/08/2014;101
8;1;384582;08/08/2014;101
8;1;384583;11/08/2014;101
8;1;384584;11/08/2014;101
8;1;384585;08/08/2014;101
8;1;384586;11/08/2014;101
8;1;384587;12/08/2014;101
8;1;384588;13/08/2014;101
8;1;384589;13/08/2014;101
8;1;384590;13/08/2014;101
8;1;384591;14/08/2014;101
8;1;384592;13/08/2014;101
8;1;384593;13/08/2014;101
8;1;384594;13/08/2014;101
8;1;384595;13/08/2014;101
8;1;384596;14/08/2014;101
8;1;384597;14/08/2014;101
8;1;384598;14/08/2014;101
8;1;384599;14/08/2014;101
8;1;384600;14/08/2014;101
8;1;384601;14/08/2014;101
8;1;384602;14/08/2014;101
8;1;384603;14/08/2014;101
8;1;384604;14/08/2014;101
8;1;384605;14/08/2014;101
8;1;384606;14/08/2014;101
8;1;384607;14/08/2014;101
8;1;384608;14/08/2014;101
8;1;384609;14/08/2014;101
8;1;384610;15/08/2014;101
8;1;384611;15/08/2014;101
8;1;384612;15/08/2014;101
8;1;384613;18/08/2014;101
8;1;384614;15/08/2014;101
8;1;384615;15/08/2014;101
8;1;384616;15/08/2014;101
8;1;384617;15/08/2014;101
8;1;384618;16/08/2014;101
8;1;384619;19/08/2014;101
8;1;384620;19/08/2014;101
8;1;384621;19/08/2014;101
8;1;384622;19/08/2014;101
8;1;384623;19/08/2014;101
8;1;384624;11/08/2014;103
8;1;384625;20/08/2014;101
8;1;384626;20/08/2014;101
8;1;384627;04/08/2014;103
8;1;384628;20/08/2014;101
8;1;384629;20/08/2014;101
276;1;384630;18/08/2014;101
8;1;384631;20/08/2014;101
8;1;384632;20/08/2014;101
8;1;384633;20/08/2014;101
8;1;384634;20/08/2014;101
8;1;384635;20/08/2014;101
8;1;384636;20/08/2014;101
8;1;384637;20/08/2014;101
8;1;384638;20/08/2014;101
8;1;384639;20/08/2014;101
8;1;384640;21/08/2014;101
8;1;384641;21/08/2014;101
8;1;384642;21/08/2014;101
8;1;384643;21/08/2014;101
8;1;384644;21/08/2014;101
8;1;384645;21/08/2014;101
8;1;384646;21/08/2014;101
8;1;384647;21/08/2014;101
8;1;384648;20/08/2014;101
8;1;384649;20/08/2014;101
8;1;384650;21/08/2014;101
8;1;384651;21/08/2014;101
8;1;384652;21/08/2014;101
8;1;384653;21/08/2014;101
8;1;384654;22/08/2014;101
8;1;384655;21/08/2014;101
8;1;384656;11/08/2014;103
8;1;384657;21/08/2014;101
8;1;384658;21/08/2014;101
8;1;384659;18/08/2014;103
8;1;384660;21/08/2014;101
8;1;384661;21/08/2014;101
8;1;384662;11/08/2014;103
8;1;384663;11/08/2014;103
8;1;384664;21/08/2014;101
8;1;384665;21/08/2014;101
8;1;384666;21/08/2014;101
8;1;384667;22/08/2014;101
8;1;384668;22/08/2014;101
8;1;384669;23/08/2014;101
8;1;384670;25/08/2014;101
8;1;384671;11/08/2014;103
8;1;384672;01/09/2014;101
8;1;384673;01/09/2014;101
8;1;384674;01/09/2014;101
8;1;384675;01/09/2014;101
8;1;384676;01/09/2014;101
8;1;384677;01/09/2014;101
8;1;384678;01/09/2014;101
8;1;384679;01/09/2014;101
8;1;384680;01/09/2014;101
8;1;384681;01/09/2014;101
8;1;384682;01/09/2014;101
8;1;384683;01/09/2014;101
8;1;384684;01/09/2014;101
8;1;384685;01/09/2014;101
8;1;384686;01/09/2014;101
8;1;384687;01/09/2014;101
8;1;384688;15/09/2014;103
8;1;384689;01/09/2014;101
8;1;384690;01/09/2014;101
8;1;384691;01/09/2014;101
8;1;384692;02/09/2014;101
8;1;384693;02/09/2014;101
8;1;384694;02/09/2014;101
8;1;384695;02/09/2014;101
8;1;384696;02/09/2014;101
8;1;384697;02/09/2014;101
8;1;384698;03/09/2014;101
8;1;384699;03/09/2014;101
8;1;384700;03/09/2014;101
8;1;384701;03/09/2014;101
8;1;384702;03/09/2014;101
8;1;384703;03/09/2014;101
8;1;384704;03/09/2014;101
8;1;384705;04/09/2014;101
8;1;384706;04/09/2014;101
8;1;384707;04/09/2014;101
8;1;384708;05/09/2014;101
8;1;384709;08/09/2014;101
8;1;384710;08/09/2014;101
8;1;384711;05/09/2014;101
8;1;384712;05/09/2014;101
8;1;384713;08/09/2014;101
8;1;384714;06/09/2014;101
8;1;384715;08/09/2014;101
8;1;384716;05/09/2014;101
4;1;384717;11/09/2014;101
4;1;384718;11/09/2014;101
8;1;384719;10/09/2014;101
8;1;384720;15/09/2014;101
8;1;384721;09/09/2014;101
8;1;384722;11/09/2014;101
8;1;384723;15/09/2014;103
8;1;384724;10/09/2014;101
8;1;384725;04/09/2014;103
8;1;384726;12/09/2014;101
8;1;384727;22/09/2014;101
8;1;384728;15/09/2014;101
8;1;384729;12/09/2014;101
8;1;384730;15/09/2014;101
8;1;384732;13/09/2014;101
8;1;384733;16/09/2014;101
8;1;384734;16/09/2014;101
8;1;384735;17/09/2014;101
8;1;384736;16/09/2014;101
8;1;384737;16/09/2014;101
8;1;384738;17/09/2014;101
8;1;384739;15/09/2014;103
8;1;384740;18/09/2014;101
8;1;384741;18/09/2014;101
8;1;384742;18/09/2014;101
8;1;384743;18/09/2014;101
8;1;384744;18/09/2014;101
8;1;384745;22/09/2014;101
8;1;384746;22/09/2014;101
276;1;384747;19/09/2014;101
8;1;384748;22/09/2014;101
8;1;384749;22/09/2014;103
8;1;384750;19/09/2014;101
8;1;384751;22/09/2014;101
8;1;384752;22/09/2014;101
8;1;384753;22/09/2014;101
8;1;384754;22/09/2014;101
8;1;384755;22/09/2014;101
8;1;384756;22/09/2014;101
8;1;384757;22/09/2014;101
8;1;384759;22/09/2014;101
8;1;384760;23/09/2014;101
8;1;384761;23/09/2014;101
8;1;384762;22/09/2014;101
8;1;384763;23/09/2014;101
8;1;384764;22/09/2014;101
8;1;384765;22/09/2014;101
8;1;384766;22/09/2014;101
8;1;384767;22/09/2014;101
8;1;384768;22/09/2014;101
8;1;384769;22/09/2014;101
8;1;384770;23/09/2014;101
8;1;384771;23/09/2014;101
8;1;384772;23/09/2014;101
8;1;384773;23/09/2014;101
8;1;384774;10/09/2014;103
8;1;384775;24/09/2014;101
8;1;384776;24/09/2014;101
8;1;384777;24/09/2014;101
4;1;384778;13/10/2014;103
4;1;384779;13/10/2014;103
4;1;384780;13/10/2014;103
8;1;384781;01/10/2014;101
8;1;384782;02/10/2014;101
8;1;384783;01/10/2014;101
8;1;384784;01/10/2014;103
8;1;384785;02/10/2014;101
8;1;384786;01/10/2014;103
8;1;384787;01/10/2014;101
8;1;384788;01/10/2014;101
8;1;384789;01/10/2014;101
8;1;384790;01/10/2014;101
8;1;384791;01/10/2014;101
8;1;384792;01/10/2014;101
8;1;384793;13/10/2014;103
8;1;384794;03/10/2014;101
8;1;384795;06/10/2014;101
8;1;384796;04/10/2014;101
8;1;384797;07/10/2014;101
8;1;384798;08/10/2014;101
8;1;384799;07/10/2014;101
8;1;384800;07/10/2014;101
8;1;384801;07/10/2014;101
8;1;384802;10/10/2014;101
8;1;384803;08/10/2014;101
8;1;384804;08/10/2014;101
8;1;384805;08/10/2014;101
8;1;384806;08/10/2014;101
8;1;384807;09/10/2014;101
8;1;384808;10/10/2014;101
8;1;384809;10/10/2014;101
8;1;384810;11/10/2014;101
8;1;384811;10/10/2014;101
8;1;384812;10/10/2014;101
8;1;384813;13/10/2014;101
8;1;384814;13/10/2014;103
8;1;384815;13/10/2014;101
8;1;384816;11/10/2014;101
8;1;384817;13/10/2014;101
8;1;384818;13/10/2014;101
8;1;384819;14/10/2014;101
8;1;384820;17/10/2014;101
8;1;384821;13/10/2014;101
8;1;384822;13/10/2014;101
8;1;384823;13/10/2014;101
8;1;384824;13/10/2014;101
8;1;384825;13/10/2014;101
8;1;384826;13/10/2014;101
8;1;384827;13/10/2014;101
8;1;384828;13/10/2014;101
8;1;384829;13/10/2014;101
8;1;384830;13/10/2014;101
8;1;384831;13/10/2014;101
8;1;384832;13/10/2014;101
8;1;384833;14/10/2014;101
8;1;384834;15/10/2014;101
8;1;384835;15/10/2014;101
8;1;384836;16/10/2014;101
8;1;384837;16/10/2014;101
8;1;384838;16/10/2014;101
8;1;384839;17/10/2014;101
8;1;384840;17/10/2014;101
8;1;384841;17/10/2014;101
8;1;384842;17/10/2014;101
8;1;384843;18/10/2014;101
8;1;384844;20/10/2014;101
8;1;384845;21/10/2014;101
8;1;384846;20/10/2014;101
8;1;384847;20/10/2014;101
8;1;384848;20/10/2014;101
8;1;384849;20/10/2014;101
8;1;384850;20/10/2014;101
8;1;384851;20/10/2014;101
8;1;384852;20/10/2014;101
8;1;384853;20/10/2014;101
8;1;384854;21/10/2014;101
8;1;384855;21/10/2014;101
8;1;384856;21/10/2014;101
8;1;384857;20/10/2014;103
8;1;384858;22/10/2014;101
8;1;384859;22/10/2014;101
8;1;384860;21/10/2014;101
8;1;384861;21/10/2014;101
8;1;384862;22/10/2014;101
8;1;384863;22/10/2014;101
8;1;384864;22/10/2014;101
8;1;384865;03/11/2014;101
8;1;384866;03/11/2014;101
8;1;384867;01/11/2014;101
8;1;384868;01/11/2014;101
8;1;384869;01/11/2014;101
8;1;384870;01/11/2014;101
8;1;384871;01/11/2014;101
8;1;384872;01/11/2014;101
8;1;384873;03/11/2014;101
8;1;384874;01/11/2014;101
8;1;384875;04/11/2014;101
8;1;384876;04/11/2014;101
8;1;384877;04/11/2014;101
8;1;384878;05/11/2014;101
8;1;384879;04/11/2014;101
8;1;384880;05/11/2014;101
8;1;384881;05/11/2014;101
8;1;384882;05/11/2014;101
8;1;384883;05/11/2014;101
8;1;384884;06/11/2014;101
8;1;384885;06/11/2014;101
8;1;384886;06/11/2014;101
8;1;384887;06/11/2014;101
8;1;384888;06/11/2014;101
8;1;384889;06/11/2014;101
8;1;384890;06/11/2014;101
8;1;384891;06/11/2014;101
8;1;384892;06/11/2014;101
8;1;384893;06/11/2014;101
8;1;384894;07/11/2014;101
8;1;384895;07/11/2014;101
8;1;384896;07/11/2014;101
8;1;384897;10/11/2014;101
8;1;384898;07/11/2014;101
8;1;384899;10/11/2014;101
8;1;384900;10/11/2014;101
8;1;384901;07/11/2014;101
8;1;384902;07/11/2014;101
8;1;384903;10/11/2014;101
8;1;384904;10/11/2014;101
8;1;384905;11/11/2014;101
8;1;384906;11/11/2014;101
8;1;384907;11/11/2014;101
8;1;384908;11/11/2014;101
8;1;384909;11/11/2014;101
8;1;384910;11/11/2014;101
8;1;384911;12/11/2014;101
8;1;384912;11/11/2014;101
8;1;384913;10/11/2014;103
8;1;384914;12/11/2014;101
8;1;384915;12/11/2014;101
8;1;384916;17/11/2014;101
8;1;384917;12/11/2014;101
8;1;384918;13/11/2014;101
8;1;384919;17/11/2014;101
8;1;384920;20/11/2014;103
8;1;384921;14/11/2014;101
8;1;384922;13/11/2014;101
8;1;384923;13/11/2014;101
8;1;384924;13/11/2014;101
8;1;384925;13/11/2014;101
8;1;384926;14/11/2014;101
8;1;384927;14/11/2014;101
8;1;384928;17/11/2014;101
8;1;384929;18/11/2014;101
8;1;384930;18/11/2014;101
8;1;384931;19/11/2014;101
8;1;384932;19/11/2014;101
8;1;384933;19/11/2014;101
8;1;384934;19/11/2014;101
8;1;384935;19/11/2014;101
8;1;384936;19/11/2014;101
8;1;384937;19/11/2014;101
8;1;384938;19/11/2014;101
8;1;384939;19/11/2014;101
8;1;384940;19/11/2014;101
8;1;384941;20/11/2014;101
8;1;384942;20/11/2014;101
8;1;384943;19/11/2014;101
8;1;384944;20/11/2014;101
8;1;384945;20/11/2014;101
8;1;384946;20/11/2014;101
8;1;384947;20/11/2014;101
8;1;384948;20/11/2014;101
8;1;384949;20/11/2014;101
8;1;384950;20/11/2014;101
8;1;384951;20/11/2014;101
8;1;384952;20/11/2014;101
8;1;384953;21/11/2014;101
8;1;384954;21/11/2014;101
8;1;384955;21/11/2014;101
8;1;384956;20/11/2014;101
8;1;384957;20/11/2014;101
8;1;384958;10/11/2014;103
8;1;384959;24/11/2014;101
8;1;384960;24/11/2014;101
8;1;384961;24/11/2014;101
8;1;384962;21/11/2014;101
8;1;384963;24/11/2014;101
8;1;384964;24/11/2014;101
8;1;384965;25/11/2014;101
8;1;384966;24/11/2014;101
276;1;384967;24/11/2014;101
8;1;384968;25/11/2014;101
8;1;384969;25/11/2014;101
8;1;384970;24/11/2014;101
8;1;384971;25/11/2014;101
8;1;384972;25/11/2014;101
8;1;384973;01/12/2014;101
8;1;384974;01/12/2014;101
8;1;384975;01/12/2014;101
8;1;384976;02/12/2014;101
8;1;384977;01/12/2014;101
8;1;384978;02/12/2014;101
8;1;384979;02/12/2014;101
8;1;384980;02/12/2014;101
8;1;384981;02/12/2014;101
8;1;384982;02/12/2014;101
8;1;384983;02/12/2014;101
8;1;384984;02/12/2014;101
8;1;384985;03/12/2014;101
8;1;384986;03/12/2014;101
8;1;384987;03/12/2014;101
8;1;384988;04/12/2014;101
8;1;384989;03/12/2014;101
8;1;384990;04/12/2014;101
8;1;384991;02/12/2014;101
8;1;384992;03/12/2014;101
8;1;384993;03/12/2014;101
8;1;384994;03/12/2014;101
8;1;384995;04/12/2014;101
8;1;384996;04/12/2014;101
8;1;384997;04/12/2014;101
8;1;384998;03/12/2014;101
8;1;384999;04/12/2014;101
8;1;385000;04/12/2014;101
8;1;385001;05/12/2014;101
8;1;385002;05/12/2014;101
8;1;385003;05/12/2014;101
8;1;385004;06/12/2014;101
8;1;385005;09/12/2014;101
8;1;385006;05/12/2014;101
8;1;385007;06/12/2014;101
8;1;385009;09/12/2014;101
8;1;385010;10/12/2014;101
8;1;385011;10/12/2014;101
8;1;385012;11/12/2014;101
8;1;385013;11/12/2014;101
8;1;385014;11/12/2014;101
8;1;385015;11/12/2014;101
8;1;385016;11/12/2014;101
8;1;385017;11/12/2014;101
8;1;385018;11/12/2014;101
8;1;385019;11/12/2014;101
8;1;385020;11/12/2014;101
8;1;385021;12/12/2014;101
8;1;385022;15/12/2014;101
8;1;385023;12/12/2014;101
8;1;385024;11/12/2014;101
8;1;385025;12/12/2014;101
8;1;385026;12/12/2014;101
8;1;385027;12/12/2014;101
8;1;385028;12/12/2014;101
8;1;385029;15/12/2014;101
8;1;385030;12/12/2014;101
8;1;385031;12/12/2014;101
8;1;385032;12/12/2014;101
8;1;385033;15/12/2014;101
8;1;385034;12/12/2014;101
8;1;385035;15/12/2014;101
8;1;385036;15/12/2014;101
8;1;385037;15/12/2014;101
8;1;385038;16/12/2014;101
8;1;385039;17/12/2014;101
8;1;385040;17/12/2014;101
8;1;385041;18/12/2014;101
8;1;385042;17/12/2014;101
8;1;385043;17/12/2014;101
8;1;385044;17/12/2014;101
8;1;385045;17/12/2014;101
8;1;385046;17/12/2014;101
8;1;385047;18/12/2014;101
8;1;385048;17/12/2014;101
8;1;385050;18/12/2014;101
8;1;385051;18/12/2014;101
8;1;385052;18/12/2014;101
8;1;385053;18/12/2014;101
8;1;385054;18/12/2014;101
8;1;385055;18/12/2014;101
8;1;385056;19/12/2014;101
8;1;385057;19/12/2014;101
8;1;385058;19/12/2014;101
8;1;385059;19/12/2014;101
8;1;385060;22/12/2014;101
8;1;385061;22/12/2014;101
8;1;385062;22/12/2014;101
8;1;385063;22/12/2014;101
8;1;385064;22/12/2014;101
8;1;385065;02/01/2015;101
8;1;385066;05/01/2015;101
282;1;385066;05/01/2015;101
8;1;385067;05/01/2015;101
8;1;385068;05/01/2015;101
8;1;385069;05/01/2015;101
8;1;385070;05/01/2015;101
8;1;385071;05/01/2015;101
8;1;385072;06/01/2015;101
8;1;385073;06/01/2015;101
8;1;385074;06/01/2015;101
8;1;385075;06/01/2015;101
8;1;385076;06/01/2015;101
8;1;385077;07/01/2015;101
8;1;385078;07/01/2015;101
8;1;385079;07/01/2015;101
8;1;385080;07/01/2015;101
8;1;385081;08/01/2015;101
8;1;385082;08/01/2015;101
8;1;385083;09/01/2015;101
8;1;385084;08/01/2015;101
8;1;385085;09/01/2015;101
8;1;385086;09/01/2015;101
8;1;385087;12/01/2015;101
8;1;385088;10/01/2015;101
8;1;385089;12/01/2015;101
8;1;385090;12/01/2015;101
8;1;385091;12/01/2015;101
8;1;385092;12/01/2015;101
8;1;385093;12/01/2015;101
8;1;385094;13/01/2015;101
8;1;385095;14/01/2015;101
8;1;385096;15/01/2015;101
8;1;385097;09/01/2015;101
8;1;385098;15/01/2015;101
8;1;385099;15/01/2015;101
8;1;385100;19/01/2015;101
8;1;385101;16/01/2015;101
8;1;385103;19/01/2015;101
8;1;385104;20/01/2015;101
8;1;385105;19/01/2015;101
8;1;385106;20/01/2015;101
8;1;385107;21/01/2015;101
8;1;385108;21/01/2015;101
8;1;385109;20/01/2015;101
8;1;385110;19/01/2015;103
8;1;385111;21/01/2015;101
8;1;385112;22/01/2015;101
8;1;385113;21/01/2015;101
8;1;385114;21/01/2015;101
8;1;385115;26/01/2015;101
8;1;385116;22/01/2015;101
8;1;385117;22/01/2015;101
8;1;385118;23/01/2015;101
8;1;385119;23/01/2015;101
8;1;385120;22/01/2015;101
8;1;385121;23/01/2015;101
8;1;385122;23/01/2015;101
8;1;385123;23/01/2015;101
8;1;385124;23/01/2015;101
8;1;385125;02/02/2015;101
8;1;385126;03/02/2015;101
8;1;385127;02/02/2015;101
8;1;385128;02/02/2015;101
8;1;385129;02/02/2015;101
8;1;385130;02/02/2015;101
8;1;385131;02/02/2015;101
8;1;385132;02/02/2015;101
8;1;385133;02/02/2015;101
8;1;385134;02/02/2015;101
8;1;385135;03/02/2015;103
8;1;385136;09/02/2015;103
8;1;385137;09/02/2015;103
4;1;385138;05/02/2015;101
4;1;385139;05/02/2015;101
8;1;385140;03/02/2015;101
8;1;385141;09/02/2015;103
8;1;385142;09/02/2015;103
8;1;385143;09/02/2015;103
8;1;385144;03/02/2015;103
8;1;385145;03/02/2015;103
8;1;385146;02/02/2015;101
4;1;385147;05/02/2015;101
8;1;385148;05/02/2015;101
8;1;385149;03/02/2015;101
8;1;385150;03/02/2015;101
8;1;385151;03/02/2015;101
8;1;385152;03/02/2015;101
4;1;385153;05/02/2015;101
4;1;385154;05/02/2015;101
8;1;385154;05/02/2015;101
4;1;385155;05/02/2015;101
4;1;385156;05/02/2015;101
4;1;385157;05/02/2015;101
4;1;385158;05/02/2015;101
8;1;385159;04/02/2015;101
8;1;385160;04/02/2015;101
8;1;385161;02/02/2015;103
8;1;385162;04/02/2015;101
8;1;385163;04/02/2015;101
8;1;385164;03/02/2015;103
8;1;385165;06/02/2015;101
8;1;385166;05/02/2015;101
8;1;385167;05/02/2015;101
8;1;385168;06/02/2015;101
8;1;385169;05/02/2015;101
8;1;385170;09/02/2015;103
8;1;385171;06/02/2015;101
8;1;385172;06/02/2015;101
276;1;385172;06/02/2015;101
8;1;385173;06/02/2015;101
8;1;385174;09/02/2015;101
8;1;385175;09/02/2015;101
8;1;385176;09/02/2015;101
8;1;385177;06/02/2015;101
8;1;385178;09/02/2015;101
8;1;385179;10/02/2015;101
8;1;385180;10/02/2015;101
8;1;385181;11/02/2015;101
8;1;385182;10/02/2015;101
8;1;385183;11/02/2015;101
8;1;385184;11/02/2015;101
8;1;385185;03/02/2015;103
8;1;385186;12/02/2015;101
8;1;385187;13/02/2015;101
8;1;385188;12/02/2015;101
8;1;385189;19/02/2015;101
8;1;385190;13/02/2015;101
8;1;385191;13/02/2015;101
8;1;385192;13/02/2015;101
8;1;385193;16/02/2015;101
8;1;385194;12/02/2015;101
8;1;385195;16/02/2015;101
8;1;385196;13/02/2015;101
8;1;385197;03/02/2015;103
8;1;385198;18/02/2015;101
8;1;385199;18/02/2015;101
8;1;385200;18/02/2015;101
8;1;385201;19/02/2015;101
8;1;385202;23/02/2015;103
8;1;385203;19/02/2015;101
8;1;385204;19/02/2015;101
8;1;385205;21/02/2015;101
8;1;385206;20/02/2015;101
8;1;385207;20/02/2015;101
8;1;385208;20/02/2015;101
8;1;385209;23/02/2015;101
8;1;385210;23/02/2015;101
8;1;385211;23/02/2015;101
8;1;385212;23/02/2015;101
8;1;385213;23/02/2015;101
8;1;385214;03/02/2015;103
8;1;385215;24/02/2015;101
8;1;385216;24/02/2015;101
8;1;385217;24/02/2015;101
8;1;385218;24/02/2015;101
8;1;385219;23/02/2015;103
8;1;385220;02/03/2015;101
8;1;385221;02/03/2015;101
8;1;385222;02/03/2015;101
8;1;385223;02/03/2015;101
8;1;385224;02/03/2015;101
8;1;385225;02/03/2015;103
8;1;385226;02/03/2015;101
8;1;385227;03/03/2015;101
8;1;385228;02/03/2015;101
8;1;385229;02/03/2015;101
8;1;385230;03/03/2015;101
8;1;385231;02/03/2015;101
8;1;385232;04/03/2015;101
8;1;385233;05/03/2015;101
8;1;385234;05/03/2015;101
8;1;385235;05/03/2015;101
8;1;385236;09/03/2015;101
8;1;385237;05/03/2015;101
8;1;385238;06/03/2015;101
8;1;385239;10/03/2015;101
8;1;385240;02/03/2015;103
8;1;385241;10/03/2015;101
8;1;385242;10/03/2015;101
8;1;385243;10/03/2015;101
8;1;385244;09/03/2015;103
8;1;385245;11/03/2015;101
8;1;385246;11/03/2015;101
8;1;385247;10/03/2015;101
8;1;385248;11/03/2015;101
8;1;385249;12/03/2015;101
8;1;385250;12/03/2015;101
8;1;385251;12/03/2015;101
8;1;385252;12/03/2015;101
8;1;385253;13/03/2015;101
8;1;385254;13/03/2015;101
8;1;385255;13/03/2015;101
8;1;385256;13/03/2015;101
8;1;385257;16/03/2015;101
8;1;385258;16/03/2015;101
8;1;385259;09/03/2015;103
8;1;385260;16/03/2015;101
8;1;385261;16/03/2015;101
8;1;385262;17/03/2015;101
8;1;385263;17/03/2015;101
8;1;385264;17/03/2015;101
8;1;385265;23/03/2015;103
8;1;385266;19/03/2015;101
8;1;385267;20/03/2015;101
8;1;385268;19/03/2015;101
8;1;385269;20/03/2015;101
8;1;385270;20/03/2015;101
8;1;385271;20/03/2015;101
8;1;385272;20/03/2015;101
8;1;385273;20/03/2015;101
8;1;385274;20/03/2015;101
8;1;385275;30/03/2015;103
8;1;385276;23/03/2015;101
8;1;385277;23/03/2015;101
8;1;385278;21/03/2015;101
8;1;385279;23/03/2015;103
8;1;385280;23/03/2015;101
8;1;385281;24/03/2015;101
8;1;385282;23/03/2015;103
8;1;385283;23/03/2015;103
8;1;385284;16/03/2015;103
8;1;385285;16/03/2015;103
8;1;385286;16/03/2015;103
8;1;385287;01/04/2015;101
8;1;385288;01/04/2015;101
8;1;385289;01/04/2015;101
8;1;385290;01/04/2015;101
8;1;385291;01/04/2015;101
8;1;385292;01/04/2015;101
8;1;385293;01/04/2015;101
8;1;385294;01/04/2015;101
8;1;385295;01/04/2015;101
8;1;385296;01/04/2015;101
8;1;385297;16/04/2015;101
8;1;385298;06/04/2015;101
8;1;385299;06/04/2015;101
8;1;385300;02/04/2015;101
8;1;385301;02/04/2015;101
8;1;385302;02/04/2015;101
8;1;385303;06/04/2015;101
8;1;385304;06/04/2015;103
8;1;385305;06/04/2015;103
8;1;385306;06/04/2015;103
8;1;385307;06/04/2015;103
8;1;385308;06/04/2015;103
8;1;385309;06/04/2015;103
8;1;385310;06/04/2015;103
8;1;385311;06/04/2015;103
8;1;385312;06/04/2015;103
8;1;385313;06/04/2015;103
8;1;385314;06/04/2015;103
8;1;385315;06/04/2015;103
8;1;385316;06/04/2015;103
8;1;385317;06/04/2015;101
8;1;385318;08/04/2015;101
8;1;385319;06/04/2015;101
8;1;385320;06/04/2015;101
8;1;385321;06/04/2015;101
8;1;385322;07/04/2015;101
8;1;385323;07/04/2015;101
8;1;385324;08/04/2015;101
8;1;385325;08/04/2015;101
8;1;385326;08/04/2015;101
8;1;385327;09/04/2015;101
8;1;385328;08/04/2015;101
8;1;385329;10/04/2015;101
8;1;385330;10/04/2015;101
8;1;385331;10/04/2015;101
8;1;385332;09/04/2015;101
8;1;385333;13/04/2015;101
8;1;385334;09/04/2015;101
8;1;385335;06/04/2015;103
8;1;385336;14/04/2015;101
8;1;385337;08/04/2015;722
8;1;385338;15/04/2015;101
8;1;385339;16/04/2015;101
8;1;385340;16/04/2015;101
8;1;385341;14/04/2015;103
8;1;385342;22/04/2015;103
8;1;385343;17/04/2015;101
8;1;385344;17/04/2015;103
8;1;385345;17/04/2015;101
8;1;385346;17/04/2015;101
8;1;385347;16/04/2015;101
8;1;385348;27/04/2015;103
8;1;385349;17/04/2015;101
8;1;385350;13/04/2015;103
8;1;385351;16/04/2015;101
8;1;385352;22/04/2015;101
8;1;385353;22/04/2015;101
8;1;385354;17/04/2015;101
8;1;385355;17/04/2015;101
8;1;385356;13/04/2015;103
8;1;385357;22/04/2015;101
8;1;385358;22/04/2015;101
8;1;385359;22/04/2015;101
8;1;385360;23/04/2015;101
8;1;385361;24/04/2015;101
8;1;385362;23/04/2015;101
8;1;385363;23/04/2015;101
8;1;385364;23/04/2015;101
8;1;385365;23/04/2015;101
8;1;385366;23/04/2015;101
8;1;385367;23/04/2015;101
8;1;385368;24/04/2015;101
8;1;385369;24/04/2015;101
8;1;385370;24/04/2015;101
8;1;385371;23/04/2015;101
8;1;385372;24/04/2015;101
8;1;385373;23/04/2015;101
8;1;385374;24/04/2015;101
8;1;385375;23/04/2015;101
8;1;385376;04/05/2015;101
8;1;385377;04/05/2015;101
8;1;385378;04/05/2015;101
8;1;385379;04/05/2015;101
8;1;385380;04/05/2015;101
8;1;385381;04/05/2015;101
8;1;385382;04/05/2015;101
8;1;385383;02/05/2015;101
8;1;385384;02/05/2015;101
8;1;385385;02/05/2015;101
8;1;385386;02/05/2015;101
8;1;385387;04/05/2015;101
8;1;385388;05/05/2015;101
8;1;385389;02/05/2015;101
8;1;385390;02/05/2015;101
8;1;385391;06/05/2015;101
8;1;385392;06/05/2015;101
8;1;385393;02/05/2015;101
8;1;385394;06/05/2015;101
8;1;385395;12/05/2015;101
8;1;385396;08/05/2015;101
8;1;385397;07/05/2015;101
8;1;385398;07/05/2015;101
8;1;385399;07/05/2015;101
8;1;385400;07/05/2015;101
8;1;385401;11/05/2015;101
8;1;385402;07/05/2015;101
8;1;385403;11/05/2015;101
8;1;385404;07/05/2015;101
8;1;385405;07/05/2015;101
8;1;385406;08/05/2015;101
8;1;385407;07/05/2015;101
8;1;385408;08/05/2015;101
8;1;385409;08/05/2015;101
8;1;385410;08/05/2015;101
8;1;385411;08/05/2015;101
8;1;385412;09/05/2015;101
8;1;385413;14/05/2015;101
8;1;385414;14/05/2015;101
8;1;385415;14/05/2015;101
8;1;385416;04/05/2015;103
8;1;385417;14/05/2015;101
8;1;385418;14/05/2015;101
8;1;385419;14/05/2015;101
8;1;385420;14/05/2015;101
8;1;385421;15/05/2015;101
8;1;385422;14/05/2015;101
8;1;385423;15/05/2015;101
8;1;385424;14/05/2015;101
8;1;385425;18/05/2015;101
8;1;385426;18/05/2015;101
8;1;385427;16/05/2015;101
8;1;385428;18/05/2015;101
8;1;385429;25/05/2015;101
8;1;385430;18/05/2015;101
8;1;385431;18/05/2015;101
8;1;385432;18/05/2015;101
8;1;385433;18/05/2015;101
8;1;385434;25/05/2015;103
8;1;385435;19/05/2015;101
8;1;385436;04/05/2015;103
8;1;385437;20/05/2015;101
8;1;385438;20/05/2015;101
8;1;385439;20/05/2015;101
8;1;385440;21/05/2015;101
8;1;385441;21/05/2015;101
8;1;385442;25/05/2015;103
8;1;385443;22/05/2015;101
8;1;385444;21/05/2015;101
8;1;385445;21/05/2015;101
8;1;385446;21/05/2015;101
8;1;385447;21/05/2015;101
8;1;385448;22/05/2015;101
8;1;385449;22/05/2015;101
8;1;385450;01/06/2015;103
8;1;385451;21/05/2015;101
8;1;385452;21/05/2015;101
8;1;385453;21/05/2015;101
8;1;385454;22/05/2015;101
8;1;385455;22/05/2015;101
8;1;385456;18/05/2015;101
8;1;385457;01/06/2015;101
8;1;385458;01/06/2015;101
8;1;385459;01/06/2015;101
8;1;385460;01/06/2015;101
8;1;385461;01/06/2015;101
8;1;385462;08/06/2015;103
8;1;385463;01/06/2015;101
8;1;385464;01/06/2015;101
8;1;385465;01/06/2015;101
8;1;385466;01/06/2015;101
8;1;385467;01/06/2015;101
8;1;385468;01/06/2015;101
8;1;385469;05/06/2015;101
8;1;385470;03/06/2015;101
8;1;385471;03/06/2015;101
8;1;385472;02/06/2015;101
8;1;385473;02/06/2015;101
8;1;385474;02/06/2015;101
8;1;385475;05/06/2015;101
8;1;385476;05/06/2015;101
8;1;385477;05/06/2015;101
8;1;385478;08/06/2015;101
8;1;385479;05/06/2015;101
8;1;385480;08/06/2015;101
8;1;385481;06/06/2015;101
8;1;385482;09/06/2015;101
8;1;385483;09/06/2015;101
8;1;385484;10/06/2015;101
8;1;385485;15/06/2015;101
8;1;385486;09/06/2015;101
8;1;385487;15/06/2015;101
8;1;385488;12/06/2015;101
8;1;385489;12/06/2015;101
8;1;385490;15/06/2015;101
8;1;385491;12/06/2015;101
8;1;385492;12/06/2015;101
8;1;385493;16/06/2015;101
8;1;385494;15/06/2015;103
8;1;385495;16/06/2015;101
8;1;385496;17/06/2015;101
8;1;385497;17/06/2015;101
8;1;385498;17/06/2015;101
8;1;385499;18/06/2015;101
8;1;385500;18/06/2015;101
8;1;385501;22/06/2015;101
8;1;385502;29/06/2015;103
8;1;385503;24/06/2015;101
8;1;385504;25/06/2015;101
8;1;385505;24/06/2015;101
8;1;385506;24/06/2015;101
8;1;385507;08/07/2015;101
8;1;385508;30/06/2015;103
8;1;385509;02/07/2015;101
8;1;385510;01/07/2015;101
8;1;385511;01/07/2015;101
8;1;385512;03/07/2015;101
8;1;385513;07/07/2015;101
8;1;385514;06/07/2015;101
8;1;385515;04/07/2015;101
8;1;385516;09/07/2015;101
8;1;385517;09/07/2015;101
8;1;385518;09/07/2015;101
8;1;385519;09/07/2015;101
8;1;385520;13/07/2015;103
8;1;385521;10/07/2015;101
8;1;385522;13/07/2015;103
8;1;385523;15/07/2015;101
8;1;385524;15/07/2015;101
8;1;385525;15/07/2015;101
8;1;385526;14/07/2015;101
8;1;385527;14/07/2015;101
8;1;385528;16/07/2015;101
8;1;385529;16/07/2015;101
8;1;385530;16/07/2015;101
8;1;385531;16/07/2015;101
8;1;385532;20/07/2015;101
8;1;385533;20/07/2015;101
8;1;385534;13/07/2015;103
8;1;385536;18/07/2015;101
8;1;385537;18/07/2015;101
8;1;385538;18/07/2015;101
8;1;385539;21/07/2015;101
8;1;385540;22/07/2015;101
8;1;385541;23/07/2015;101
8;1;385542;22/07/2015;101
8;1;385543;22/07/2015;101
8;1;385544;23/07/2015;101
8;1;385545;27/07/2015;101
8;1;385546;23/07/2015;101
8;1;385547;23/07/2015;101
1417;1;385548;23/07/2015;101
8;1;385549;22/07/2015;101
8;1;385550;27/07/2015;101
8;1;385551;27/07/2015;101
8;1;385552;27/07/2015;101
8;1;385553;27/07/2015;101
8;1;385554;25/07/2015;101
8;1;385555;24/07/2015;101
8;1;385556;27/07/2015;101
8;1;385557;27/07/2015;101
8;1;385558;27/07/2015;101
8;1;385559;27/07/2015;101
8;1;385560;03/08/2015;103
8;1;385561;03/08/2015;101
8;1;385562;03/08/2015;101
8;1;385563;03/08/2015;103
8;1;385564;03/08/2015;101
8;1;385565;03/08/2015;101
8;1;385566;05/08/2015;101
8;1;385567;04/08/2015;101
8;1;385568;05/08/2015;101
8;1;385569;05/08/2015;101
8;1;385570;05/08/2015;101
8;1;385571;06/08/2015;101
8;1;385572;06/08/2015;101
8;1;385573;10/08/2015;101
8;1;385574;06/08/2015;101
8;1;385575;05/08/2015;101
8;1;385576;13/08/2015;101
8;1;385577;12/08/2015;101
8;1;385578;13/08/2015;101
4;1;385579;01/09/2015;101
8;1;385580;13/08/2015;101
8;1;385581;17/08/2015;101
8;1;385582;14/08/2015;101
8;1;385583;14/08/2015;101
8;1;385584;14/08/2015;101
8;1;385585;19/08/2015;101
8;1;385586;17/08/2015;103
8;1;385587;20/08/2015;101
8;1;385588;20/08/2015;101
8;1;385589;19/08/2015;101
8;1;385590;19/08/2015;101
8;1;385591;24/08/2015;103
8;1;385592;20/08/2015;101
8;1;385593;15/08/2015;101
8;1;385594;20/08/2015;101
8;1;385595;24/08/2015;103
8;1;385596;21/08/2015;101
8;1;385597;26/08/2015;103
8;1;385598;21/08/2015;101
8;1;385599;24/08/2015;101
8;1;385600;24/08/2015;101
8;1;385601;24/08/2015;101
8;1;385602;26/08/2015;103
8;1;385603;24/08/2015;101
8;1;385604;27/08/2015;101
8;1;385605;27/08/2015;101
8;1;385606;27/08/2015;101
8;1;385607;27/08/2015;101
8;1;385608;27/08/2015;101
8;1;385609;01/09/2015;101
8;1;385610;03/09/2015;101
8;1;385611;03/09/2015;101
8;1;385612;03/09/2015;101
8;1;385613;03/09/2015;101
8;1;385614;03/09/2015;101
8;1;385615;03/09/2015;101
8;1;385616;02/09/2015;101
8;1;385617;03/09/2015;101
8;1;385618;02/09/2015;101
8;1;385619;10/09/2015;101
8;1;385620;10/09/2015;101
8;1;385621;10/09/2015;101
8;1;385622;10/09/2015;101
8;1;385623;08/09/2015;101
8;1;385624;04/09/2015;101
8;1;385625;09/09/2015;101
8;1;385626;09/09/2015;101
8;1;385627;16/09/2015;101
8;1;385628;15/09/2015;101
8;1;385629;17/09/2015;101
8;1;385630;17/09/2015;101
8;1;385631;17/09/2015;101
8;1;385632;21/09/2015;103
8;1;385633;18/09/2015;101
8;1;385634;18/09/2015;101
8;1;385635;14/09/2015;103
8;1;385636;22/09/2015;101
8;1;385637;22/09/2015;101
8;1;385638;23/09/2015;101
8;1;385639;24/09/2015;101
8;1;385640;23/09/2015;101
8;1;385641;01/10/2015;101
8;1;385642;01/10/2015;101
8;1;385643;01/10/2015;101
8;1;385644;01/10/2015;101
8;1;385645;01/10/2015;101
8;1;385646;01/10/2015;103
8;1;385647;01/10/2015;103
276;1;385648;01/10/2015;103
8;1;385649;01/10/2015;101
8;1;385650;02/10/2015;101
8;1;385651;02/10/2015;101
8;1;385652;01/10/2015;101
8;1;385653;02/10/2015;101
8;1;385654;05/10/2015;101
8;1;385655;08/10/2015;101
8;1;385656;08/10/2015;101
8;1;385657;08/10/2015;101
8;1;385658;08/10/2015;101
8;1;385659;08/10/2015;101
8;1;385660;06/10/2015;101
8;1;385661;06/10/2015;101
8;1;385662;09/10/2015;101
8;1;385663;09/10/2015;101
8;1;385664;10/10/2015;101
8;1;385665;07/10/2015;103
8;1;385666;15/10/2015;101
8;1;385667;15/10/2015;101
8;1;385668;15/10/2015;101
8;1;385669;10/10/2015;101
8;1;385670;09/10/2015;101
8;1;385671;10/10/2015;101
8;1;385672;19/10/2015;101
8;1;385673;16/10/2015;101
8;1;385674;16/10/2015;101
8;1;385675;21/10/2015;101
8;1;385677;26/10/2015;101
8;1;385678;22/10/2015;101
8;1;385679;26/10/2015;101
8;1;385680;26/10/2015;101
8;1;385681;26/10/2015;101
8;1;385682;26/10/2015;101
8;1;385683;26/10/2015;101
8;1;385684;26/10/2015;101
8;1;385685;22/10/2015;101
8;1;385686;26/10/2015;103
8;1;385687;19/10/2015;101
8;1;385688;20/10/2015;101
8;1;385689;20/10/2015;101
8;1;385690;20/10/2015;101
8;1;385691;22/10/2015;101
8;1;385692;26/10/2015;101
8;1;385693;23/10/2015;101
8;1;385694;23/10/2015;101
8;1;385695;26/10/2015;101
8;1;385696;26/10/2015;101
8;1;385697;03/11/2015;101
8;1;385698;03/11/2015;101
8;1;385699;03/11/2015;101
8;1;385700;03/11/2015;101
8;1;385701;03/11/2015;101
8;1;385702;03/11/2015;101
8;1;385703;04/11/2015;101
8;1;385704;05/11/2015;101
8;1;385705;03/11/2015;103
8;1;385706;05/11/2015;101
8;1;385707;05/11/2015;101
8;1;385708;05/11/2015;101
8;1;385709;05/11/2015;101
8;1;385710;06/11/2015;101
8;1;385711;05/11/2015;101
8;1;385712;06/11/2015;101
8;1;385713;05/11/2015;101
8;1;385714;06/11/2015;101
8;1;385715;06/11/2015;101
8;1;385716;06/11/2015;101
8;1;385717;11/11/2015;101
8;1;385718;10/11/2015;101
8;1;385719;11/11/2015;101
8;1;385720;11/11/2015;101
8;1;385721;12/11/2015;101
8;1;385722;12/11/2015;101
8;1;385723;12/11/2015;101
8;1;385724;12/11/2015;101
8;1;385725;12/11/2015;101
8;1;385726;14/11/2015;101
8;1;385727;16/11/2015;101
8;1;385728;17/11/2015;101
8;1;385729;17/11/2015;101
8;1;385730;18/11/2015;101
8;1;385731;23/11/2015;101
8;1;385732;18/11/2015;101
8;1;385733;23/11/2015;101
8;1;385734;19/11/2015;101
8;1;385735;19/11/2015;101
8;1;385736;19/11/2015;101
8;1;385737;20/11/2015;101
8;1;385738;25/11/2015;101
8;1;385739;25/11/2015;101
8;1;385740;24/11/2015;101
8;1;385741;26/11/2015;101
8;1;385742;01/12/2015;101
8;1;385743;01/12/2015;101
8;1;385744;04/12/2015;101
8;1;385745;02/12/2015;101
8;1;385746;01/12/2015;101
8;1;385747;01/12/2015;101
8;1;385748;01/12/2015;101
8;1;385749;01/12/2015;101
8;1;385750;02/12/2015;101
8;1;385751;03/12/2015;101
8;1;385752;07/12/2015;101
8;1;385753;03/12/2015;101
8;1;385754;07/12/2015;101
8;1;385755;04/12/2015;101
8;1;385756;04/12/2015;101
8;1;385757;04/12/2015;101
8;1;385758;08/12/2015;101
8;1;385759;08/12/2015;101
8;1;385760;10/12/2015;101
8;1;385761;10/12/2015;101
4;1;385761;10/12/2015;101
8;1;385762;11/12/2015;101
8;1;385763;11/12/2015;101
8;1;385764;11/12/2015;101
8;1;385765;11/12/2015;101
8;1;385766;11/12/2015;101
8;1;385767;11/12/2015;101
8;1;385768;11/12/2015;101
8;1;385769;11/12/2015;101
8;1;385770;14/12/2015;101
8;1;385771;14/12/2015;101
8;1;385772;12/12/2015;101
8;1;385773;14/12/2015;101
8;1;385774;15/12/2015;101
8;1;385775;15/12/2015;101
8;1;385776;16/12/2015;101
8;1;385777;16/12/2015;101
8;1;385778;16/12/2015;101
8;1;385779;16/12/2015;101
8;1;385780;16/12/2015;101
8;1;385781;16/12/2015;101
8;1;385782;17/12/2015;101
8;1;385783;17/12/2015;101
8;1;385784;18/12/2015;101
8;1;385785;18/12/2015;101
8;1;385786;18/12/2015;101
8;1;385787;21/12/2015;101
8;1;385788;21/12/2015;101
4;1;385788;21/12/2015;101
8;1;385789;19/12/2015;101
8;1;385790;21/12/2015;101
8;1;385791;19/12/2015;101
8;1;385792;21/12/2015;101
8;1;385793;26/12/2015;101
8;1;385794;19/12/2015;101
8;1;385795;19/12/2015;101
8;1;385796;18/12/2015;101
8;1;385797;18/12/2015;101
8;1;385798;18/12/2015;101
8;1;385799;18/12/2015;101
8;1;385800;16/11/2015;103
8;1;385801;23/12/2015;101
8;1;385802;23/12/2015;101
8;1;385803;26/12/2015;101
8;1;385804;26/12/2015;101
8;1;385805;24/12/2015;101
8;1;385806;26/12/2015;101
8;1;385807;22/12/2015;101
8;1;385808;23/12/2015;101
8;1;385810;04/01/2016;101
8;1;385811;04/01/2016;101
8;1;385812;05/01/2016;101
8;1;385813;05/01/2016;101
8;1;385814;04/01/2016;101
8;1;385815;04/01/2016;101
8;1;385816;02/01/2016;101
8;1;385817;02/01/2016;101
8;1;385818;04/01/2016;101
8;1;385819;04/01/2016;101
8;1;385820;04/01/2016;101
8;1;385821;04/01/2016;101
8;1;385822;04/01/2016;101
8;1;385823;04/01/2016;101
8;1;385824;05/01/2016;101
8;1;385825;04/01/2016;101
8;1;385826;06/01/2016;101
8;1;385827;06/01/2016;101
8;1;385828;07/01/2016;101
8;1;385829;06/01/2016;101
8;1;385830;07/01/2016;101
8;1;385831;25/01/2016;103
8;1;385832;08/01/2016;101
8;1;385833;11/01/2016;101
8;1;385834;08/01/2016;101
8;1;385835;10/01/2016;101
8;1;385836;11/01/2016;101
8;1;385837;08/01/2016;101
8;1;385838;08/01/2016;101
8;1;385839;14/01/2016;101
8;1;385840;12/01/2016;101
8;1;385841;12/01/2016;101
8;1;385842;12/01/2016;101
8;1;385843;12/01/2016;101
8;1;385844;12/01/2016;101
8;1;385845;13/01/2016;101
8;1;385846;13/01/2016;101
8;1;385847;18/01/2016;101
8;1;385848;19/01/2016;101
8;1;385849;19/01/2016;101
8;1;385850;19/01/2016;101
8;1;385851;18/01/2016;101
8;1;385852;15/01/2016;101
8;1;385853;18/01/2016;101
8;1;385854;18/01/2016;101
8;1;385855;20/01/2016;101
8;1;385856;20/01/2016;101
8;1;385857;19/01/2016;101
8;1;385858;22/01/2016;101
8;1;385859;29/01/2016;101
8;1;385860;26/01/2016;101
8;1;385861;21/01/2016;101
8;1;385862;22/01/2016;101
8;1;385863;21/01/2016;101
8;1;385864;21/01/2016;101
8;1;385865;25/01/2016;101
8;1;385866;28/01/2016;101
4;1;385867;01/02/2016;101
4;1;385868;01/02/2016;101
4;1;385869;01/02/2016;101
4;1;385870;01/02/2016;101
4;1;385871;01/02/2016;101
8;1;385872;01/02/2016;101
8;1;385873;01/02/2016;101
8;1;385874;01/02/2016;101
8;1;385875;01/02/2016;101
8;1;385876;03/02/2016;101
8;1;385877;03/02/2016;101
8;1;385878;03/02/2016;101
8;1;385879;08/02/2016;101
8;1;385880;05/02/2016;101
8;1;385881;04/02/2016;101
8;1;385882;10/02/2016;101
282;1;385883;11/02/2016;101
8;1;385883;11/02/2016;101
8;1;385884;15/02/2016;103
8;1;385885;12/02/2016;101
8;1;385886;12/02/2016;101
8;1;385887;15/02/2016;101
8;1;385888;12/02/2016;101
8;1;385889;15/02/2016;103
8;1;385890;03/02/2016;103
8;1;385891;15/02/2016;101
8;1;385892;17/02/2016;101
8;1;385893;16/02/2016;101
8;1;385894;17/02/2016;101
8;1;385895;17/02/2016;101
8;1;385896;29/02/2016;103
8;1;385897;29/02/2016;103
8;1;385898;18/02/2016;101
8;1;385899;18/02/2016;101
8;1;385900;15/02/2016;103
8;1;385901;18/02/2016;101
8;1;385902;18/02/2016;101
8;1;385903;19/02/2016;101
8;1;385904;18/02/2016;101
8;1;385905;20/02/2016;101
8;1;385906;20/02/2016;101
8;1;385907;22/02/2016;101
8;1;385908;22/02/2016;103
8;1;385909;23/02/2016;101
8;1;385910;23/02/2016;101
8;1;385911;15/02/2016;103
8;1;385912;24/02/2016;101
8;1;385913;24/02/2016;101
8;1;385914;24/02/2016;101
8;1;385915;26/02/2016;101
4;1;385916;14/03/2016;103
4;1;385917;14/03/2016;103
4;1;385918;14/03/2016;103
8;1;385919;01/03/2016;101
8;1;385920;01/03/2016;101
8;1;385921;01/03/2016;101
8;1;385922;01/03/2016;101
8;1;385923;04/03/2016;101
8;1;385924;04/03/2016;101
8;1;385925;04/03/2016;101
8;1;385926;03/03/2016;101
8;1;385927;01/03/2016;101
8;1;385928;03/03/2016;101
8;1;385929;03/03/2016;101
8;1;385930;03/03/2016;101
8;1;385931;07/03/2016;101
8;1;385932;01/03/2016;101
8;1;385933;04/03/2016;101
8;1;385934;09/03/2016;101
8;1;385935;07/03/2016;101
8;1;385936;05/03/2016;101
8;1;385937;04/03/2016;101
8;1;385938;08/03/2016;101
8;1;385939;01/03/2016;101
8;1;385940;15/03/2016;101
8;1;385941;11/03/2016;101
8;1;385942;11/03/2016;101
8;1;385943;11/03/2016;101
8;1;385944;10/03/2016;101
8;1;385945;10/03/2016;101
8;1;385946;10/03/2016;101
8;1;385947;10/03/2016;101
8;1;385948;15/03/2016;101
8;1;385949;12/03/2016;101
8;1;385950;11/03/2016;101
8;1;385951;07/03/2016;101
8;1;385952;16/03/2016;101
8;1;385953;16/03/2016;101
8;1;385954;16/03/2016;101
8;1;385955;16/03/2016;101
8;1;385956;18/03/2016;101
8;1;385957;21/03/2016;101
8;1;385958;18/03/2016;101
8;1;385959;18/03/2016;101
8;1;385960;21/03/2016;101
282;1;385960;21/03/2016;101
8;1;385961;18/03/2016;101
8;1;385962;18/03/2016;101
8;1;385963;18/03/2016;101
8;1;385964;18/03/2016;101
8;1;385965;18/03/2016;101
8;1;385966;17/03/2016;101
8;1;385967;16/03/2016;101
8;1;385968;07/03/2016;103
8;1;385969;21/03/2016;101
8;1;385970;21/03/2016;101
8;1;385971;21/03/2016;101
8;1;385972;21/03/2016;101
8;1;385973;21/03/2016;101
8;1;385974;21/03/2016;101
8;1;385975;21/03/2016;101
8;1;385976;21/03/2016;101
8;1;385977;22/03/2016;101
8;1;385978;22/03/2016;101
8;1;385979;24/03/2016;101
8;1;385980;18/03/2016;101
8;1;385981;24/03/2016;101
8;1;385982;23/03/2016;101
8;1;385983;24/03/2016;101
8;1;385984;29/03/2016;101
8;1;385985;01/04/2016;101
8;1;385986;01/04/2016;101
8;1;385987;01/04/2016;101
8;1;385988;01/04/2016;101
8;1;385989;01/04/2016;101
8;1;385990;02/04/2016;101
8;1;385991;06/04/2016;101
8;1;385992;04/04/2016;103
8;1;385993;11/04/2016;103
8;1;385994;07/04/2016;101
8;1;385995;16/04/2016;101
8;1;385996;07/04/2016;101
8;1;385997;06/04/2016;101
8;1;385998;06/04/2016;101
8;1;385999;06/04/2016;101
8;1;386000;06/04/2016;101
8;1;386001;06/04/2016;101
8;1;386002;06/04/2016;101
8;1;386003;06/04/2016;101
8;1;386004;06/04/2016;101
8;1;386005;07/04/2016;101
8;1;386006;11/04/2016;103
8;1;386007;14/04/2016;101
8;1;386008;14/04/2016;101
8;1;386009;07/04/2016;101
8;1;386010;06/04/2016;101
8;1;386011;07/04/2016;101
8;1;386012;12/04/2016;101
8;1;386013;12/04/2016;101
8;1;386014;11/04/2016;103
8;1;386015;11/04/2016;103
8;1;386016;11/04/2016;103
8;1;386017;11/04/2016;103
8;1;386018;11/04/2016;103
8;1;386019;11/04/2016;103
8;1;386020;11/04/2016;103
8;1;386021;11/04/2016;103
8;1;386022;11/04/2016;103
8;1;386023;11/04/2016;103
8;1;386024;11/04/2016;103
8;1;386025;11/04/2016;103
8;1;386026;11/04/2016;103
8;1;386027;11/04/2016;103
8;1;386028;11/04/2016;103
8;1;386029;15/04/2016;101
8;1;386030;15/04/2016;101
8;1;386031;15/04/2016;101
8;1;386032;15/04/2016;101
8;1;386033;14/04/2016;101
8;1;386034;14/04/2016;101
8;1;386035;15/04/2016;101
8;1;386036;25/04/2016;103
8;1;386037;19/04/2016;101
8;1;386038;20/04/2016;101
8;1;386039;20/04/2016;101
8;1;386040;18/04/2016;101
8;1;386041;19/04/2016;101
8;1;386042;20/04/2016;101
8;1;386043;20/04/2016;101
8;1;386044;20/04/2016;101
8;1;386045;20/04/2016;101
8;1;386046;22/04/2016;101
8;1;386047;20/04/2016;101
8;1;386048;22/04/2016;101
8;1;386049;25/04/2016;103
8;1;386050;22/04/2016;101
8;1;386051;25/04/2016;101
8;1;386052;18/04/2016;103
8;1;386053;22/04/2016;101
8;1;386054;22/04/2016;101
8;1;386055;22/04/2016;101
8;1;386056;08/04/2016;722
8;1;386057;18/04/2016;103
8;1;386058;26/04/2016;101
8;1;386059;08/04/2016;722
8;1;386060;02/05/2016;101
8;1;386061;30/05/2016;103
8;1;386062;02/05/2016;101
8;1;386063;02/05/2016;101
8;1;386064;03/05/2016;101
8;1;386065;04/05/2016;103
8;1;386066;04/05/2016;101
8;1;386067;04/05/2016;101
8;1;386068;04/05/2016;101
8;1;386069;06/05/2016;101
8;1;386070;06/05/2016;101
8;1;386071;05/05/2016;101
8;1;386072;04/05/2016;101
8;1;386073;05/05/2016;101
8;1;386074;16/05/2016;101
8;1;386075;05/05/2016;101
8;1;386076;05/05/2016;101
8;1;386077;09/05/2016;101
8;1;386078;05/05/2016;101
8;1;386079;05/05/2016;101
8;1;386080;04/05/2016;101
8;1;386081;04/05/2016;101
8;1;386082;09/05/2016;101
8;1;386083;07/05/2016;101
8;1;386084;11/05/2016;101
8;1;386085;10/05/2016;101
8;1;386086;10/05/2016;101
8;1;386087;10/05/2016;101
8;1;386088;10/05/2016;101
8;1;386089;11/05/2016;101
8;1;386090;11/05/2016;101
8;1;386091;11/05/2016;101
8;1;386092;11/05/2016;101
8;1;386093;12/05/2016;101
8;1;386094;11/05/2016;101
8;1;386095;13/05/2016;101
8;1;386096;13/05/2016;101
8;1;386097;30/05/2016;103
8;1;386098;16/05/2016;101
8;1;386099;16/05/2016;101
8;1;386100;16/05/2016;101
8;1;386101;17/05/2016;101
8;1;386102;20/05/2016;101
8;1;386103;25/05/2016;101
8;1;386104;23/05/2016;101
8;1;386105;19/05/2016;101
8;1;386106;19/05/2016;101
8;1;386107;20/05/2016;101
8;1;386108;23/05/2016;101
8;1;386109;24/05/2016;101
8;1;386110;20/05/2016;101
8;1;386111;25/05/2016;101
8;1;386112;27/05/2016;101
8;1;386113;30/05/2016;101
8;1;386114;30/05/2016;101
8;1;386115;01/06/2016;101
8;1;386116;01/06/2016;101
8;1;386117;02/06/2016;101
8;1;386118;01/06/2016;101
8;1;386119;02/06/2016;101
8;1;386120;02/06/2016;101
8;1;386121;01/06/2016;101
8;1;386122;02/06/2016;101
8;1;386123;01/06/2016;101
8;1;386124;01/06/2016;101
8;1;386125;01/06/2016;101
8;1;386126;02/06/2016;101
8;1;386127;01/06/2016;101
8;1;386128;01/06/2016;101
8;1;386129;01/06/2016;101
8;1;386130;03/06/2016;101
8;1;386131;08/06/2016;101
8;1;386132;06/06/2016;101
8;1;386133;06/06/2016;101
8;1;386134;09/06/2016;101
8;1;386135;15/06/2016;101
8;1;386136;16/06/2016;101
8;1;386137;15/06/2016;101
8;1;386138;17/06/2016;101
8;1;386139;16/06/2016;101
8;1;386140;22/06/2016;101
8;1;386141;18/06/2016;101
8;1;386142;21/06/2016;101
8;1;386143;21/06/2016;101
8;1;386144;23/06/2016;101
8;1;386145;20/06/2016;103
8;1;386146;20/06/2016;101
8;1;386147;21/06/2016;101
8;1;386148;21/06/2016;101
8;1;386149;22/06/2016;101
8;1;386150;23/06/2016;101
8;1;386151;23/06/2016;101
8;1;386152;23/06/2016;101
8;1;386153;23/06/2016;101
8;1;386154;23/06/2016;101
8;1;386155;23/06/2016;101
8;1;386156;23/06/2016;101
8;1;386157;24/06/2016;101
8;1;386158;25/06/2016;101
8;1;386159;27/06/2016;101
8;1;386160;27/06/2016;101
8;1;386161;25/06/2016;101
8;1;386162;27/06/2016;101
8;1;386163;27/06/2016;101
8;1;386164;28/06/2016;101
8;1;386165;04/07/2016;101
8;1;386166;01/07/2016;101
8;1;386167;01/07/2016;101
8;1;386168;01/07/2016;101
8;1;386169;04/07/2016;101
8;1;386170;05/07/2016;101
8;1;386171;05/07/2016;101
8;1;386172;06/07/2016;101
8;1;386173;06/07/2016;101
8;1;386174;06/07/2016;101
8;1;386175;06/07/2016;101
8;1;386176;06/07/2016;101
8;1;386177;07/07/2016;101
8;1;386178;07/07/2016;101
8;1;386179;07/07/2016;101
8;1;386180;08/07/2016;101
8;1;386181;11/07/2016;101
8;1;386182;12/07/2016;101
8;1;386183;13/07/2016;101
8;1;386184;13/07/2016;101
8;1;386185;13/07/2016;101
8;1;386186;13/07/2016;101
8;1;386187;13/07/2016;101
8;1;386188;14/07/2016;101
8;1;386189;14/07/2016;101
8;1;386190;14/07/2016;101
8;1;386191;14/07/2016;101
8;1;386192;15/07/2016;101
8;1;386193;15/07/2016;101
8;1;386194;15/07/2016;101
8;1;386195;18/07/2016;101
8;1;386196;19/07/2016;101
8;1;386197;19/07/2016;101
8;1;386198;18/07/2016;101
8;1;386199;19/07/2016;101
8;1;386200;20/07/2016;101
8;1;386201;20/07/2016;101
8;1;386202;20/07/2016;101
8;1;386203;21/07/2016;101
8;1;386204;26/07/2016;103
8;1;386205;21/07/2016;101
8;1;386206;21/07/2016;101
8;1;386207;21/07/2016;101
8;1;386208;21/07/2016;101
8;1;386209;26/07/2016;103
8;1;386210;22/07/2016;101
8;1;386211;22/07/2016;101
8;1;386212;22/07/2016;101
8;1;386213;25/07/2016;101
8;1;386214;26/07/2016;101
8;1;386215;26/07/2016;101
8;1;386216;26/07/2016;101
1417;1;386217;01/08/2016;101
8;1;386218;01/08/2016;101
4;1;386218;01/08/2016;101
8;1;386219;01/08/2016;101
8;1;386220;01/08/2016;101
8;1;386221;01/08/2016;101
8;1;386222;03/08/2016;101
8;1;386223;03/08/2016;101
8;1;386224;01/08/2016;101
8;1;386225;01/08/2016;101
8;1;386226;02/08/2016;101
8;1;386227;05/08/2016;101
8;1;386228;05/08/2016;101
8;1;386229;05/08/2016;101
8;1;386230;08/08/2016;101
8;1;386231;06/08/2016;101
8;1;386232;09/08/2016;101
8;1;386233;10/08/2016;101
8;1;386234;10/08/2016;101
8;1;386235;11/08/2016;101
8;1;386236;11/08/2016;101
8;1;386237;11/08/2016;101
8;1;386238;15/08/2016;103
8;1;386239;15/08/2016;101
8;1;386240;01/09/2016;103
8;1;386241;16/08/2016;101
8;1;386242;16/08/2016;101
8;1;386243;17/08/2016;101
8;1;386244;17/08/2016;101
8;1;386245;18/08/2016;101
8;1;386246;22/08/2016;101
8;1;386247;22/08/2016;103
8;1;386248;22/08/2016;103
8;1;386249;23/08/2016;101
8;1;386250;22/08/2016;101
8;1;386251;24/08/2016;101
8;1;386252;24/08/2016;101
8;1;386253;24/08/2016;101
8;1;386254;24/08/2016;101
8;1;386255;25/08/2016;101
8;1;386256;25/08/2016;101
8;1;386257;24/08/2016;101
8;1;386258;29/08/2016;101
8;1;386259;01/09/2016;101
8;1;386260;02/09/2016;101
8;1;386261;01/09/2016;101
8;1;386262;01/09/2016;101
276;1;386263;01/09/2016;101
8;1;386264;01/09/2016;101
8;1;386265;01/09/2016;101
8;1;386266;14/09/2016;103
8;1;386267;05/09/2016;101
4;1;386268;08/09/2016;101
8;1;386269;06/09/2016;101
8;1;386270;08/09/2016;101
8;1;386271;08/09/2016;101
8;1;386272;09/09/2016;101
8;1;386273;09/09/2016;101
8;1;386274;09/09/2016;101
8;1;386275;12/09/2016;101
8;1;386276;12/09/2016;101
8;1;386277;12/09/2016;101
8;1;386278;12/09/2016;101
8;1;386279;12/09/2016;101
8;1;386280;10/09/2016;101
8;1;386281;10/09/2016;101
8;1;386282;12/09/2016;101
8;1;386283;13/09/2016;101
8;1;386284;13/09/2016;101
8;1;386285;13/09/2016;101
8;1;386286;14/09/2016;101
8;1;386287;14/09/2016;101
8;1;386288;15/09/2016;101
8;1;386289;15/09/2016;101
8;1;386290;16/09/2016;101
8;1;386291;16/09/2016;101
8;1;386292;16/09/2016;101
8;1;386293;19/09/2016;101
8;1;386294;03/10/2016;103
8;1;386295;19/09/2016;101
8;1;386296;21/09/2016;101
8;1;386297;21/09/2016;101
8;1;386298;26/09/2016;103
8;1;386299;22/09/2016;101
8;1;386300;23/09/2016;101
8;1;386301;23/09/2016;101
8;1;386302;23/09/2016;101
8;1;386303;23/09/2016;101
8;1;386304;23/09/2016;101
8;1;386305;23/09/2016;101
8;1;386306;23/09/2016;101
8;1;386307;26/09/2016;101
8;1;386308;01/10/2016;101
8;1;386309;03/10/2016;101
8;1;386310;03/10/2016;103
8;1;386311;03/10/2016;101
8;1;386312;01/10/2016;101
8;1;386313;03/10/2016;101
8;1;386314;03/10/2016;101
8;1;386315;03/10/2016;101
8;1;386316;03/10/2016;101
8;1;386317;03/10/2016;101
8;1;386318;03/10/2016;101
8;1;386319;03/10/2016;101
8;1;386320;03/10/2016;101
8;1;386321;03/10/2016;101
8;1;386322;03/10/2016;101
8;1;386323;03/10/2016;101
8;1;386324;03/10/2016;101
8;1;386325;03/10/2016;101
8;1;386326;04/10/2016;101
8;1;386327;04/10/2016;101
8;1;386328;05/10/2016;101
8;1;386329;06/10/2016;101
8;1;386330;06/10/2016;101
8;1;386331;07/10/2016;101
8;1;386332;07/10/2016;101
8;1;386333;07/10/2016;101
8;1;386334;07/10/2016;101
8;1;386335;10/10/2016;103
8;1;386336;11/10/2016;101
8;1;386337;11/10/2016;101
8;1;386338;13/10/2016;101
8;1;386339;14/10/2016;101
8;1;386340;17/10/2016;101
8;1;386341;13/10/2016;101
8;1;386342;24/10/2016;101
8;1;386343;17/10/2016;101
8;1;386344;14/10/2016;101
8;1;386345;14/10/2016;101
8;1;386346;14/10/2016;101
8;1;386347;17/10/2016;101
8;1;386348;18/10/2016;101
8;1;386349;19/10/2016;101
8;1;386350;19/10/2016;101
8;1;386351;19/10/2016;101
8;1;386352;19/10/2016;101
8;1;386353;19/10/2016;101
8;1;386354;19/10/2016;101
8;1;386355;20/10/2016;101
8;1;386356;20/10/2016;101
8;1;386357;20/10/2016;101
8;1;386358;20/10/2016;101
8;1;386359;21/10/2016;101
8;1;386360;21/10/2016;101
8;1;386361;21/10/2016;101
8;1;386362;21/10/2016;101
8;1;386363;22/10/2016;101
8;1;386364;22/10/2016;101
8;1;386365;22/10/2016;101
8;1;386366;24/10/2016;101
8;1;386367;24/10/2016;101
8;1;386368;24/10/2016;101
8;1;386369;26/10/2016;101
8;1;386370;26/10/2016;101
8;1;386371;26/10/2016;101
8;1;386372;01/11/2016;101
8;1;386373;01/11/2016;101
8;1;386374;01/11/2016;101
8;1;386375;01/11/2016;101
8;1;386376;03/11/2016;101
8;1;386377;01/11/2016;101
8;1;386378;01/11/2016;101
8;1;386379;01/11/2016;101
8;1;386380;01/11/2016;101
8;1;386381;03/11/2016;101
8;1;386382;03/11/2016;101
8;1;386383;03/11/2016;101
8;1;386384;03/11/2016;101
8;1;386385;03/11/2016;101
8;1;386386;04/11/2016;101
8;1;386387;04/11/2016;101
8;1;386388;04/11/2016;101
8;1;386389;04/11/2016;101
8;1;386390;04/11/2016;101
8;1;386391;05/11/2016;101
8;1;386392;07/11/2016;101
8;1;386393;08/11/2016;101
8;1;386394;08/11/2016;101
8;1;386395;09/11/2016;101
8;1;386396;09/11/2016;101
8;1;386397;10/11/2016;101
8;1;386398;10/11/2016;101
8;1;386399;10/11/2016;101
8;1;386400;11/11/2016;101
8;1;386401;11/11/2016;101
8;1;386402;11/11/2016;101
8;1;386403;11/11/2016;101
8;1;386404;11/11/2016;101
8;1;386405;12/11/2016;101
8;1;386406;14/11/2016;101
8;1;386407;12/11/2016;101
8;1;386409;16/11/2016;101
8;1;386410;16/11/2016;101
8;1;386411;16/11/2016;101
8;1;386412;17/11/2016;101
8;1;386413;01/11/2016;101
8;1;386414;21/11/2016;101
8;1;386415;21/11/2016;101
8;1;386416;21/11/2016;101
8;1;386417;14/11/2016;101
1629;1;386417;14/11/2016;101
8;1;386418;24/11/2016;101
8;1;386419;25/11/2016;101
8;1;386420;01/12/2016;101
8;1;386421;01/12/2016;101
8;1;386422;14/12/2016;101
8;1;386423;01/12/2016;101
8;1;386424;01/12/2016;101
8;1;386425;01/12/2016;101
8;1;386426;01/12/2016;101
8;1;386427;02/12/2016;101
8;1;386428;05/12/2016;101
8;1;386429;03/12/2016;101
8;1;386430;03/12/2016;101
8;1;386431;01/12/2016;101
8;1;386432;02/12/2016;101
8;1;386433;01/12/2016;101
8;1;386434;02/12/2016;101
8;1;386435;01/12/2016;101
8;1;386436;05/12/2016;101
8;1;386437;05/12/2016;103
8;1;386438;09/12/2016;101
8;1;386439;09/12/2016;101
8;1;386440;12/12/2016;101
8;1;386441;12/12/2016;101
8;1;386442;10/12/2016;101
8;1;386443;12/12/2016;101
8;1;386444;13/12/2016;101
8;1;386445;12/12/2016;101
8;1;386446;12/12/2016;101
8;1;386447;12/12/2016;101
8;1;386448;08/12/2016;101
8;1;386449;07/12/2016;101
8;1;386450;07/12/2016;101
8;1;386451;07/12/2016;101
8;1;386452;08/12/2016;101
8;1;386453;12/12/2016;101
8;1;386454;12/12/2016;101
8;1;386455;12/12/2016;101
8;1;386456;13/12/2016;101
8;1;386457;14/12/2016;101
8;1;386458;14/12/2016;101
8;1;386459;14/12/2016;101
8;1;386460;14/12/2016;101
8;1;386461;17/12/2016;101
8;1;386462;17/12/2016;101
8;1;386463;20/12/2016;101
8;1;386464;17/12/2016;101
8;1;386465;21/12/2016;101
8;1;386466;26/12/2016;101
8;1;386467;02/01/2017;101
8;1;386468;21/12/2016;101
8;1;386469;21/12/2016;101
8;1;386470;21/12/2016;101
8;1;386471;21/12/2016;101
8;1;386472;22/12/2016;101
8;1;386473;22/12/2016;101
8;1;386474;02/01/2017;103
8;1;386475;22/12/2016;101
8;1;386476;02/01/2017;101
8;1;386477;22/12/2016;101
8;1;386478;22/12/2016;101
8;1;386479;23/12/2016;101
8;1;386480;26/12/2016;101
8;1;386481;27/12/2016;101
8;1;386482;27/12/2016;101
8;1;386483;02/01/2017;101
8;1;386484;02/01/2017;101
8;1;386485;02/01/2017;101
8;1;386486;02/01/2017;101
8;1;386487;02/01/2017;101
8;1;386488;02/01/2017;101
8;1;386489;03/01/2017;101
8;1;386490;03/01/2017;101
8;1;386491;03/01/2017;101
8;1;386492;02/01/2017;722
282;1;386493;02/01/2017;722
8;1;386494;05/01/2017;101
8;1;386495;06/01/2017;101
8;1;386496;09/01/2017;103
8;1;386497;09/01/2017;101
8;1;386498;09/01/2017;101
8;1;386499;10/01/2017;101
8;1;386500;06/01/2017;101
8;1;386501;12/01/2017;101
8;1;386502;11/01/2017;101
8;1;386503;11/01/2017;101
8;1;386504;12/01/2017;101
8;1;386505;12/01/2017;101
8;1;386506;12/01/2017;101
8;1;386507;16/01/2017;101
276;1;386508;13/01/2017;101
8;1;386509;16/01/2017;101
8;1;386510;17/01/2017;101
8;1;386511;18/01/2017;101
8;1;386512;19/01/2017;101
8;1;386513;19/01/2017;101
8;1;386514;18/01/2017;101
8;1;386515;18/01/2017;101
8;1;386516;20/01/2017;101
8;1;386517;20/01/2017;101
8;1;386518;23/01/2017;101
8;1;386519;24/01/2017;101
8;1;386520;25/01/2017;101
8;1;386521;25/01/2017;101
8;1;386522;25/01/2017;101
8;1;386523;25/01/2017;101
8;1;386524;25/01/2017;101
8;1;386525;25/01/2017;101
8;1;386526;26/01/2017;101
4;1;386527;01/02/2017;101
4;1;386528;01/02/2017;101
4;1;386529;01/02/2017;101
4;1;386530;01/02/2017;101
4;1;386531;01/02/2017;101
4;1;386532;01/02/2017;101
8;1;386533;01/02/2017;101
8;1;386534;01/02/2017;101
8;1;386535;01/02/2017;101
8;1;386536;01/02/2017;101
8;1;386537;02/02/2017;101
8;1;386538;02/02/2017;101
8;1;386539;02/02/2017;101
8;1;386540;02/02/2017;101
8;1;386541;02/02/2017;101
8;1;386542;01/02/2017;101
8;1;386543;03/02/2017;101
8;1;386544;06/02/2017;101
8;1;386545;06/02/2017;101
8;1;386546;07/02/2017;101
8;1;386547;09/02/2017;101
8;1;386548;08/02/2017;101
8;1;386549;08/02/2017;101
8;1;386550;08/02/2017;101
8;1;386551;09/02/2017;101
8;1;386552;09/02/2017;101
8;1;386553;10/02/2017;101
8;1;386554;10/02/2017;101
8;1;386555;10/02/2017;101
8;1;386556;11/02/2017;101
8;1;386557;13/02/2017;101
8;1;386558;13/02/2017;101
8;1;386559;11/02/2017;101
8;1;386560;06/02/2017;103
8;1;386561;14/02/2017;101
8;1;386562;15/02/2017;101
8;1;386563;15/02/2017;101
8;1;386564;16/02/2017;101
8;1;386565;16/02/2017;101
8;1;386566;16/02/2017;101
8;1;386567;16/02/2017;101
8;1;386568;20/02/2017;101
8;1;386569;16/02/2017;101
8;1;386570;16/02/2017;101
4;1;386571;22/02/2017;101
4;1;386572;22/02/2017;101
4;1;386573;22/02/2017;101
8;1;386574;21/02/2017;101
8;1;386575;21/02/2017;101
4;1;386576;22/02/2017;101
8;1;386577;21/02/2017;101
8;1;386578;22/02/2017;101
4;1;386579;22/02/2017;101
8;1;386580;22/02/2017;101
8;1;386581;22/02/2017;101
8;1;386582;22/02/2017;101
8;1;386583;22/02/2017;101
8;1;386584;22/02/2017;101
8;1;386585;22/02/2017;101
8;1;386586;22/02/2017;101
8;1;386587;23/02/2017;101
8;1;386588;01/03/2017;103
8;1;386589;23/02/2017;101
8;1;386590;23/02/2017;101
8;1;386591;01/03/2017;101
8;1;386592;01/03/2017;101
8;1;386593;02/03/2017;101
8;1;386594;01/03/2017;101
1417;1;386595;02/03/2017;101
8;1;386596;06/03/2017;103
8;1;386597;02/03/2017;101
8;1;386598;03/03/2017;101
8;1;386599;03/03/2017;101
8;1;386600;03/03/2017;101
8;1;386601;04/03/2017;101
8;1;386602;04/03/2017;101
8;1;386603;06/03/2017;103
8;1;386604;08/03/2017;101
8;1;386605;08/03/2017;101
8;1;386606;09/03/2017;101
8;1;386607;20/03/2017;103
8;1;386608;09/03/2017;101
8;1;386609;09/03/2017;101
8;1;386610;10/03/2017;101
8;1;386611;09/03/2017;101
8;1;386612;10/03/2017;101
8;1;386613;10/03/2017;101
8;1;386614;10/03/2017;101
8;1;386615;11/03/2017;101
8;1;386616;13/03/2017;101
8;1;386617;14/03/2017;101
8;1;386618;14/03/2017;101
8;1;386619;16/03/2017;103
8;1;386620;14/03/2017;101
8;1;386621;15/03/2017;101
8;1;386622;14/03/2017;101
8;1;386623;16/03/2017;101
8;1;386624;16/03/2017;101
8;1;386625;16/03/2017;101
8;1;386626;16/03/2017;101
8;1;386627;17/03/2017;101
8;1;386628;01/02/2017;103
8;1;386629;17/03/2017;101
8;1;386630;17/03/2017;101
276;1;386631;20/03/2017;103
8;1;386632;17/03/2017;101
8;1;386633;18/03/2017;101
8;1;386634;18/03/2017;101
8;1;386635;20/03/2017;101
8;1;386636;20/03/2017;101
8;1;386637;23/03/2017;101
8;1;386638;23/03/2017;101
8;1;386639;23/03/2017;101
8;1;386640;23/03/2017;101
8;1;386641;23/03/2017;101
8;1;386642;28/03/2017;101
8;1;386643;25/03/2017;101
8;1;386644;27/03/2017;101
8;1;386645;27/03/2017;101
8;1;386646;27/03/2017;101
8;1;386647;27/03/2017;101
8;1;386648;27/03/2017;101
8;1;386649;27/03/2017;101
8;1;386650;25/03/2017;101
8;1;386651;25/03/2017;101
8;1;386652;25/03/2017;101
8;1;386653;25/03/2017;101
8;1;386654;03/04/2017;101
8;1;386655;03/04/2017;101
8;1;386656;03/04/2017;101
8;1;386657;01/04/2017;101
8;1;386658;01/04/2017;101
8;1;386659;01/04/2017;101
8;1;386660;01/04/2017;101
8;1;386661;01/04/2017;101
8;1;386662;01/04/2017;101
8;1;386663;01/04/2017;101
8;1;386664;01/04/2017;101
8;1;386665;01/04/2017;101
8;1;386666;01/04/2017;101
8;1;386667;01/04/2017;101
8;1;386668;03/04/2017;101
8;1;386669;03/04/2017;101
8;1;386670;03/04/2017;101
8;1;386671;03/04/2017;101
8;1;386672;03/04/2017;101
8;1;386673;03/04/2017;101
8;1;386674;04/04/2017;101
8;1;386675;04/04/2017;101
8;1;386676;04/04/2017;101
8;1;386677;04/04/2017;101
8;1;386678;04/04/2017;101
8;1;386679;04/04/2017;101
8;1;386680;05/04/2017;101
8;1;386681;05/04/2017;101
8;1;386682;05/04/2017;101
8;1;386683;06/04/2017;101
8;1;386684;06/04/2017;101
8;1;386685;27/03/2017;103
8;1;386686;06/04/2017;101
8;1;386687;06/04/2017;101
8;1;386688;07/04/2017;101
8;1;386689;07/04/2017;101
8;1;386690;07/04/2017;101
8;1;386691;07/04/2017;101
8;1;386692;10/04/2017;101
8;1;386693;11/04/2017;101
8;1;386694;12/04/2017;101
8;1;386695;12/04/2017;101
8;1;386696;12/04/2017;101
8;1;386697;13/04/2017;101
8;1;386698;13/04/2017;101
8;1;386699;17/04/2017;101
8;1;386700;15/04/2017;101
8;1;386701;18/04/2017;101
8;1;386702;18/04/2017;101
8;1;386703;18/04/2017;101
8;1;386704;19/04/2017;101
8;1;386705;19/04/2017;101
8;1;386706;19/04/2017;101
8;1;386707;19/04/2017;101
8;1;386708;20/04/2017;101
8;1;386709;19/04/2017;101
8;1;386710;20/04/2017;101
8;1;386711;20/04/2017;101
8;1;386712;20/04/2017;101
8;1;386713;26/04/2017;103
8;1;386714;24/04/2017;101
8;1;386715;24/04/2017;101
8;1;386716;24/04/2017;101
8;1;386717;24/04/2017;101
8;1;386718;24/04/2017;101
8;1;386719;20/04/2017;101
8;1;386720;24/04/2017;101
8;1;386721;24/04/2017;101
8;1;386722;22/04/2017;101
8;1;386723;06/04/2017;722
8;1;386724;06/04/2017;722
8;1;386725;25/04/2017;101
8;1;386726;25/04/2017;101
8;1;386727;25/04/2017;101
8;1;386728;26/04/2017;101
8;1;386729;26/04/2017;101
8;1;386730;26/04/2017;101
282;1;386731;27/03/2017;722
8;1;386732;26/04/2017;101
8;1;386733;27/04/2017;101
8;1;386734;27/04/2017;101
8;1;386735;27/04/2017;101
8;1;386736;02/05/2017;101
8;1;386737;02/05/2017;101
8;1;386738;02/05/2017;101
8;1;386739;02/05/2017;101
8;1;386740;02/05/2017;101
8;1;386741;02/05/2017;101
8;1;386742;02/05/2017;101
8;1;386743;02/05/2017;101
8;1;386744;02/05/2017;101
8;1;386745;03/05/2017;101
8;1;386746;03/05/2017;101
8;1;386747;03/05/2017;101
8;1;386748;03/05/2017;101
8;1;386749;03/05/2017;101
8;1;386750;03/05/2017;101
8;1;386751;02/05/2017;101
8;1;386752;05/05/2017;101
8;1;386753;05/05/2017;101
8;1;386754;04/05/2017;101
8;1;386755;05/05/2017;101
8;1;386756;05/05/2017;101
8;1;386757;05/05/2017;101
8;1;386758;05/05/2017;101
8;1;386759;03/05/2017;101
8;1;386760;08/05/2017;101
8;1;386761;08/05/2017;101
8;1;386762;08/05/2017;101
8;1;386763;08/05/2017;101
8;1;386764;08/05/2017;101
8;1;386765;09/05/2017;101
8;1;386766;09/05/2017;101
8;1;386767;09/05/2017;101
8;1;386768;10/05/2017;101
8;1;386769;10/05/2017;101
8;1;386770;10/05/2017;101
8;1;386771;10/05/2017;101
8;1;386772;10/05/2017;101
8;1;386773;10/05/2017;101
8;1;386774;11/05/2017;101
8;1;386775;11/05/2017;101
8;1;386776;11/05/2017;101
8;1;386777;11/05/2017;101
8;1;386778;11/05/2017;101
8;1;386779;08/05/2017;101
8;1;386780;11/05/2017;101
8;1;386781;11/05/2017;101
8;1;386782;11/05/2017;101
8;1;386783;11/05/2017;101
8;1;386784;11/05/2017;101
8;1;386785;11/05/2017;101
8;1;386786;12/05/2017;101
8;1;386787;12/05/2017;101
8;1;386788;12/05/2017;101
8;1;386789;13/05/2017;101
8;1;386790;12/05/2017;101
8;1;386791;13/05/2017;101
8;1;386792;13/05/2017;101
8;1;386793;13/05/2017;101
8;1;386794;15/05/2017;101
8;1;386795;15/05/2017;103
8;1;386796;15/05/2017;101
8;1;386797;16/05/2017;101
8;1;386798;16/05/2017;101
8;1;386799;16/05/2017;101
8;1;386800;15/05/2017;103
4;1;386801;22/05/2017;101
8;1;386802;18/05/2017;101
8;1;386803;18/05/2017;101
8;1;386804;18/05/2017;101
8;1;386805;18/05/2017;101
8;1;386806;18/05/2017;101
8;1;386807;18/05/2017;101
8;1;386808;18/05/2017;101
8;1;386809;19/05/2017;101
8;1;386810;17/05/2017;101
8;1;386811;18/05/2017;101
8;1;386812;18/05/2017;101
8;1;386813;18/05/2017;101
8;1;386814;18/05/2017;101
8;1;386815;18/05/2017;101
8;1;386816;18/05/2017;101
8;1;386817;19/05/2017;101
8;1;386818;19/05/2017;101
8;1;386819;19/05/2017;101
8;1;386820;22/05/2017;101
8;1;386821;20/05/2017;101
8;1;386822;20/05/2017;101
8;1;386823;20/05/2017;101
8;1;386824;22/05/2017;101
8;1;386825;22/05/2017;101
8;1;386826;23/05/2017;101
8;1;386827;25/05/2017;101
8;1;386828;25/05/2017;101
8;1;386829;24/05/2017;101
8;1;386830;24/05/2017;101
8;1;386831;25/05/2017;101
8;1;386832;25/05/2017;101
8;1;386833;25/05/2017;101
8;1;386834;25/05/2017;101
8;1;386835;01/06/2017;101
8;1;386836;01/06/2017;101
8;1;386837;01/06/2017;101
8;1;386838;01/06/2017;101
8;1;386839;01/06/2017;101
8;1;386840;01/06/2017;101
8;1;386841;01/06/2017;101
8;1;386842;01/06/2017;101
8;1;386843;01/06/2017;101
8;1;386844;01/06/2017;101
8;1;386845;01/06/2017;101
8;1;386846;01/06/2017;101
8;1;386847;02/06/2017;101
8;1;386848;05/06/2017;103
8;1;386849;05/06/2017;103
8;1;386850;05/06/2017;103
8;1;386851;01/06/2017;101
8;1;386852;06/06/2017;101
8;1;386853;06/06/2017;101
8;1;386854;07/06/2017;101
8;1;386855;08/06/2017;101
8;1;386856;08/06/2017;101
8;1;386857;08/06/2017;101
8;1;386858;13/06/2017;101
8;1;386859;09/06/2017;101
8;1;386860;08/06/2017;101
8;1;386861;09/06/2017;101
8;1;386862;09/06/2017;101
8;1;386863;09/06/2017;101
8;1;386864;09/06/2017;101
8;1;386865;09/06/2017;101
8;1;386866;10/06/2017;101
8;1;386867;12/06/2017;101
8;1;386868;12/06/2017;101
8;1;386869;12/06/2017;101
4;1;386870;07/08/2017;103
8;1;386871;13/06/2017;101
8;1;386872;12/06/2017;101
8;1;386873;12/06/2017;101
8;1;386874;16/06/2017;101
8;1;386875;16/06/2017;101
8;1;386876;19/06/2017;101
8;1;386877;17/06/2017;101
8;1;386878;28/06/2017;103
4;1;386879;07/08/2017;103
8;1;386880;21/06/2017;101
8;1;386881;22/06/2017;101
8;1;386882;22/06/2017;101
8;1;386883;22/06/2017;101
8;1;386884;22/06/2017;101
8;1;386885;22/06/2017;101
8;1;386886;22/06/2017;101
8;1;386888;22/06/2017;101
8;1;386889;22/06/2017;101
8;1;386890;23/06/2017;101
8;1;386891;24/06/2017;101
8;1;386892;24/06/2017;101
8;1;386893;21/06/2017;101
8;1;386894;24/06/2017;101
8;1;386895;26/06/2017;103
8;1;386896;26/06/2017;103
8;1;386897;24/06/2017;101
8;1;386898;26/06/2017;101
8;1;386899;03/07/2017;101
8;1;386900;01/07/2017;101
8;1;386901;01/07/2017;101
8;1;386902;03/07/2017;101
8;1;386903;03/07/2017;101
8;1;386904;01/07/2017;101
8;1;386905;01/07/2017;101
8;1;386906;03/07/2017;101
8;1;386907;03/07/2017;101
8;1;386908;10/07/2017;103
8;1;386909;03/07/2017;101
8;1;386910;03/07/2017;101
8;1;386911;03/07/2017;101
8;1;386912;03/07/2017;101
8;1;386913;03/07/2017;101
8;1;386914;06/07/2017;101
8;1;386915;03/07/2017;101
8;1;386916;06/07/2017;101
8;1;386917;03/07/2017;101
8;1;386918;03/07/2017;101
8;1;386919;03/07/2017;101
8;1;386920;13/07/2017;101
8;1;386921;03/07/2017;101
8;1;386922;04/07/2017;101
8;1;386923;07/07/2017;101
8;1;386924;04/07/2017;101
8;1;386925;05/07/2017;101
8;1;386926;05/07/2017;101
8;1;386927;06/07/2017;101
8;1;386928;06/07/2017;101
8;1;386929;07/07/2017;101
8;1;386930;07/07/2017;101
276;1;386931;10/07/2017;101
8;1;386932;07/07/2017;101
8;1;386933;08/07/2017;101
8;1;386934;08/07/2017;101
8;1;386935;24/07/2017;103
8;1;386936;24/07/2017;103
8;1;386937;08/07/2017;101
8;1;386938;08/07/2017;101
8;1;386939;08/07/2017;101
8;1;386940;08/07/2017;101
8;1;386941;08/07/2017;101
8;1;386942;08/07/2017;101
8;1;386943;08/07/2017;101
8;1;386944;08/07/2017;101
8;1;386945;10/07/2017;101
8;1;386946;10/07/2017;101
8;1;386947;11/07/2017;101
8;1;386948;11/07/2017;101
8;1;386949;24/07/2017;103
8;1;386950;13/07/2017;101
8;1;386951;07/07/2017;101
8;1;386952;11/07/2017;101
8;1;386953;10/07/2017;101
8;1;386954;17/07/2017;101
8;1;386955;11/07/2017;101
8;1;386956;17/07/2017;101
8;1;386957;12/07/2017;101
8;1;386958;17/07/2017;101
8;1;386959;17/07/2017;101
8;1;386960;17/07/2017;101
8;1;386961;17/07/2017;101
8;1;386962;17/07/2017;101
8;1;386963;12/07/2017;101
8;1;386964;12/07/2017;101
8;1;386965;12/07/2017;101
8;1;386966;17/07/2017;101
8;1;386967;12/07/2017;101
8;1;386968;13/07/2017;101
8;1;386969;13/07/2017;101
8;1;386970;13/07/2017;101
8;1;386971;13/07/2017;101
8;1;386972;14/07/2017;101
8;1;386973;14/07/2017;101
8;1;386974;13/07/2017;101
8;1;386975;14/07/2017;101
8;1;386976;14/07/2017;101
8;1;386977;14/07/2017;101
8;1;386978;14/07/2017;101
8;1;386979;17/07/2017;101
8;1;386980;14/07/2017;101
8;1;386981;20/07/2017;101
8;1;386982;18/07/2017;101
8;1;386983;13/07/2017;101
8;1;386984;19/07/2017;101
8;1;386985;19/07/2017;101
8;1;386986;13/07/2017;101
8;1;386987;20/07/2017;101
8;1;386988;20/07/2017;101
8;1;386989;20/07/2017;101
8;1;386990;21/07/2017;101
8;1;386991;21/07/2017;101
8;1;386992;22/07/2017;101
8;1;386993;22/07/2017;101
8;1;386994;22/07/2017;101
8;1;386995;22/07/2017;101
8;1;386996;24/07/2017;101
8;1;386997;25/07/2017;101
8;1;386998;26/07/2017;101
8;1;386999;25/07/2017;101
8;1;387000;25/07/2017;101
8;1;387001;26/07/2017;101
8;1;387002;24/07/2017;101
8;1;387003;01/08/2017;101
8;1;387004;01/08/2017;101
8;1;387005;01/08/2017;101
8;1;387006;01/08/2017;101
8;1;387007;01/08/2017;101
8;1;387008;02/08/2017;101
8;1;387009;02/08/2017;101
8;1;387010;02/08/2017;101
8;1;387011;02/08/2017;101
8;1;387012;03/08/2017;101
8;1;387013;03/08/2017;101
8;1;387014;03/08/2017;101
8;1;387015;03/08/2017;101
8;1;387016;04/08/2017;101
8;1;387017;04/08/2017;101
8;1;387018;07/08/2017;103
8;1;387019;07/08/2017;103
8;1;387020;07/08/2017;103
8;1;387021;07/08/2017;103
8;1;387022;07/08/2017;103
8;1;387023;07/08/2017;103
8;1;387024;07/08/2017;103
8;1;387025;07/08/2017;103
8;1;387026;07/08/2017;103
8;1;387027;07/08/2017;103
8;1;387028;07/08/2017;103
8;1;387029;07/08/2017;103
8;1;387030;07/08/2017;103
8;1;387031;05/08/2017;101
8;1;387032;07/08/2017;101
8;1;387033;07/08/2017;103
8;1;387034;09/08/2017;101
8;1;387035;09/08/2017;101
8;1;387036;09/08/2017;101
8;1;387037;10/08/2017;101
8;1;387038;10/08/2017;101
8;1;387039;10/08/2017;101
8;1;387040;10/08/2017;101
8;1;387041;10/08/2017;101
8;1;387042;10/08/2017;101
8;1;387043;10/08/2017;101
8;1;387044;11/08/2017;101
8;1;387045;11/08/2017;101
8;1;387046;11/08/2017;101
8;1;387047;14/08/2017;103
8;1;387048;14/08/2017;101
8;1;387049;14/08/2017;101
8;1;387050;12/08/2017;101
8;1;387051;14/08/2017;101
8;1;387052;15/08/2017;101
8;1;387053;15/08/2017;101
1629;1;387054;16/08/2017;101
1629;1;387055;16/08/2017;101
8;1;387056;28/08/2017;103
8;1;387057;16/08/2017;101
8;1;387058;16/08/2017;101
8;1;387059;16/08/2017;101
8;1;387060;17/08/2017;101
8;1;387061;17/08/2017;101
8;1;387062;18/08/2017;101
8;1;387063;18/08/2017;101
8;1;387064;18/08/2017;101
8;1;387065;18/08/2017;101
8;1;387066;19/08/2017;101
8;1;387067;19/08/2017;101
8;1;387068;21/08/2017;101
8;1;387069;21/08/2017;101
8;1;387070;21/08/2017;101
8;1;387071;21/08/2017;101
8;1;387072;21/08/2017;101
8;1;387073;21/08/2017;101
8;1;387074;19/08/2017;101
8;1;387075;21/08/2017;101
8;1;387076;21/08/2017;101
8;1;387077;21/08/2017;101
8;1;387078;21/08/2017;101
8;1;387079;21/08/2017;101
8;1;387080;21/08/2017;101
8;1;387081;22/08/2017;101
8;1;387082;23/08/2017;101
8;1;387083;23/08/2017;101
8;1;387084;23/08/2017;101
8;1;387085;23/08/2017;101
8;1;387086;24/08/2017;101
8;1;387087;25/08/2017;101
8;1;387088;28/08/2017;103
8;1;387089;25/08/2017;101
8;1;387090;28/08/2017;101
8;1;387091;01/09/2017;101
8;1;387092;01/09/2017;103
8;1;387093;01/09/2017;101
8;1;387094;04/09/2017;101
8;1;387095;04/09/2017;101
8;1;387096;04/09/2017;101
8;1;387097;04/09/2017;101
8;1;387098;04/09/2017;101
8;1;387099;04/09/2017;101
8;1;387100;04/09/2017;103
8;1;387101;04/09/2017;101
8;1;387102;05/09/2017;101
8;1;387103;06/09/2017;101
8;1;387104;06/09/2017;101
8;1;387105;08/09/2017;101
8;1;387106;11/09/2017;101
8;1;387107;11/09/2017;101
8;1;387108;11/09/2017;101
8;1;387109;11/09/2017;101
8;1;387110;11/09/2017;101
8;1;387111;12/09/2017;101
8;1;387112;13/09/2017;101
8;1;387113;13/09/2017;101
8;1;387114;13/09/2017;101
8;1;387115;14/09/2017;101
8;1;387116;13/09/2017;101
8;1;387117;15/09/2017;101
8;1;387118;18/09/2017;101
8;1;387119;18/09/2017;101
8;1;387120;15/09/2017;101
8;1;387121;15/09/2017;101
8;1;387122;15/09/2017;101
8;1;387123;19/09/2017;101
8;1;387124;16/09/2017;101
8;1;387125;16/09/2017;101
8;1;387126;18/09/2017;103
8;1;387127;21/09/2017;101
8;1;387128;18/09/2017;101
8;1;387129;18/09/2017;101
8;1;387130;18/09/2017;101
8;1;387131;18/09/2017;101
8;1;387132;18/09/2017;101
8;1;387133;12/09/2017;101
8;1;387134;18/09/2017;101
8;1;387135;19/09/2017;101
8;1;387136;18/09/2017;101
8;1;387137;19/09/2017;101
8;1;387138;18/09/2017;101
8;1;387139;18/09/2017;101
8;1;387140;01/09/2017;103
8;1;387141;20/09/2017;101
8;1;387142;22/09/2017;101
8;1;387143;23/09/2017;101
8;1;387144;25/09/2017;101
8;1;387145;25/09/2017;103
8;1;387146;02/10/2017;101
8;1;387147;02/10/2017;101
8;1;387148;02/10/2017;101
8;1;387149;02/10/2017;101
8;1;387150;02/10/2017;103
8;1;387151;02/10/2017;101
8;1;387152;02/10/2017;101
8;1;387153;02/10/2017;101
8;1;387154;02/10/2017;101
8;1;387155;02/10/2017;101
8;1;387156;02/10/2017;101
8;1;387157;04/10/2017;101
8;1;387158;04/10/2017;101
8;1;387159;04/10/2017;101
8;1;387160;04/10/2017;101
8;1;387161;04/10/2017;101
8;1;387162;04/10/2017;101
8;1;387163;04/10/2017;101
8;1;387164;05/10/2017;101
8;1;387165;05/10/2017;101
8;1;387166;05/10/2017;101
8;1;387167;09/10/2017;101
8;1;387168;09/10/2017;101
8;1;387169;09/10/2017;101
8;1;387170;09/10/2017;101
8;1;387171;09/10/2017;101
8;1;387172;09/10/2017;103
8;1;387173;09/10/2017;101
8;1;387174;09/10/2017;101
8;1;387175;09/10/2017;101
8;1;387176;09/10/2017;101
8;1;387177;09/10/2017;101
8;1;387178;09/10/2017;101
8;1;387179;09/10/2017;101
8;1;387180;09/10/2017;101
8;1;387181;09/10/2017;101
8;1;387182;09/10/2017;101
8;1;387183;09/10/2017;101
8;1;387184;09/10/2017;101
8;1;387185;09/10/2017;101
8;1;387186;10/10/2017;101
8;1;387187;10/10/2017;101
8;1;387188;10/10/2017;101
4;1;387189;11/10/2017;101
8;1;387190;10/10/2017;101
8;1;387191;10/10/2017;101
8;1;387192;10/10/2017;101
8;1;387193;11/10/2017;101
8;1;387194;11/10/2017;101
8;1;387195;13/10/2017;101
8;1;387196;13/10/2017;101
8;1;387197;13/10/2017;101
8;1;387198;13/10/2017;101
4;1;387199;16/10/2017;101
8;1;387200;16/10/2017;101
8;1;387201;16/10/2017;101
8;1;387202;16/10/2017;101
8;1;387203;16/10/2017;103
8;1;387204;16/10/2017;103
8;1;387205;16/10/2017;103
8;1;387206;16/10/2017;103
8;1;387207;14/10/2017;101
8;1;387208;16/10/2017;101
8;1;387209;16/10/2017;101
8;1;387210;16/10/2017;101
8;1;387211;17/10/2017;101
8;1;387212;17/10/2017;101
8;1;387213;17/10/2017;101
8;1;387214;17/10/2017;101
8;1;387215;17/10/2017;101
8;1;387216;18/10/2017;101
8;1;387217;18/10/2017;101
8;1;387218;19/10/2017;101
8;1;387219;19/10/2017;101
8;1;387220;19/10/2017;101
8;1;387221;16/10/2017;103
8;1;387222;19/10/2017;101
8;1;387223;20/10/2017;101
8;1;387224;20/10/2017;101
8;1;387225;20/10/2017;101
8;1;387226;23/10/2017;101
8;1;387227;23/10/2017;101
8;1;387228;23/10/2017;101
8;1;387229;23/10/2017;101
8;1;387230;23/10/2017;101
8;1;387231;21/10/2017;101
8;1;387232;23/10/2017;101
8;1;387233;19/10/2017;101
8;1;387234;20/10/2017;101
8;1;387235;21/10/2017;101
8;1;387236;21/10/2017;101
8;1;387237;21/10/2017;101
8;1;387238;21/10/2017;101
8;1;387239;24/10/2017;101
8;1;387240;24/10/2017;101
8;1;387241;24/10/2017;101
8;1;387242;24/10/2017;101
8;1;387243;24/10/2017;101
8;1;387244;24/10/2017;101
8;1;387245;26/10/2017;103
8;1;387246;26/10/2017;103
8;1;387247;27/10/2017;101
8;1;387248;25/10/2017;101
8;1;387249;25/10/2017;101
8;1;387250;26/10/2017;101
4;1;387251;30/10/2017;101
8;1;387252;01/11/2017;101
8;1;387253;01/11/2017;101
8;1;387254;01/11/2017;101
8;1;387255;06/11/2017;101
8;1;387256;01/11/2017;101
8;1;387257;01/11/2017;101
8;1;387258;01/11/2017;101
8;1;387259;01/11/2017;101
8;1;387260;01/11/2017;101
8;1;387261;01/11/2017;101
8;1;387262;01/11/2017;101
8;1;387263;01/11/2017;101
8;1;387264;01/11/2017;101
8;1;387265;01/11/2017;101
8;1;387266;01/11/2017;101
8;1;387267;01/11/2017;101
8;1;387268;01/11/2017;101
8;1;387269;01/11/2017;101
8;1;387270;03/11/2017;101
8;1;387271;03/11/2017;101
8;1;387272;03/11/2017;101
8;1;387274;03/11/2017;101
8;1;387275;03/11/2017;101
8;1;387276;03/11/2017;101
8;1;387277;03/11/2017;101
8;1;387278;03/11/2017;101
8;1;387279;03/11/2017;101
8;1;387280;03/11/2017;101
8;1;387281;03/11/2017;101
8;1;387282;03/11/2017;101
8;1;387283;06/11/2017;101
8;1;387284;06/11/2017;101
8;1;387285;04/11/2017;101
8;1;387286;06/11/2017;101
8;1;387287;06/11/2017;101
8;1;387288;06/11/2017;101
8;1;387289;06/11/2017;101
8;1;387290;06/11/2017;101
8;1;387291;06/11/2017;101
8;1;387292;06/11/2017;101
8;1;387293;06/11/2017;101
8;1;387294;06/11/2017;101
8;1;387295;04/11/2017;101
8;1;387296;07/11/2017;101
8;1;387297;07/11/2017;103
8;1;387298;07/11/2017;101
8;1;387299;07/11/2017;101
8;1;387300;07/11/2017;101
8;1;387301;08/11/2017;101
8;1;387302;08/11/2017;101
8;1;387303;08/11/2017;101
8;1;387304;08/11/2017;101
8;1;387305;08/11/2017;101
8;1;387306;08/11/2017;101
8;1;387307;08/11/2017;101
8;1;387308;09/11/2017;101
8;1;387309;13/11/2017;101
8;1;387310;13/11/2017;103
8;1;387311;11/11/2017;101
8;1;387312;11/11/2017;101
8;1;387313;11/11/2017;101
8;1;387314;11/11/2017;101
8;1;387315;13/11/2017;101
8;1;387316;11/11/2017;101
8;1;387317;20/11/2017;103
8;1;387318;14/11/2017;101
8;1;387319;13/11/2017;103
8;1;387320;14/11/2017;101
8;1;387321;14/11/2017;101
8;1;387322;14/11/2017;101
8;1;387323;13/11/2017;101
8;1;387324;14/11/2017;101
8;1;387325;16/11/2017;101
8;1;387326;16/11/2017;101
8;1;387327;16/11/2017;101
8;1;387328;17/11/2017;101
8;1;387329;17/11/2017;101
8;1;387330;18/11/2017;101
8;1;387331;21/11/2017;101
8;1;387332;21/11/2017;101
8;1;387333;21/11/2017;101
8;1;387334;21/11/2017;101
8;1;387335;21/11/2017;101
8;1;387336;22/11/2017;101
8;1;387337;22/11/2017;101
8;1;387338;22/11/2017;101
8;1;387339;22/11/2017;101
8;1;387340;23/11/2017;101
8;1;387341;23/11/2017;101
8;1;387342;23/11/2017;101
8;1;387343;23/11/2017;101
8;1;387344;20/11/2017;101
8;1;387345;20/11/2017;101
8;1;387346;23/11/2017;101
8;1;387347;24/11/2017;101
8;1;387348;24/11/2017;101
4;1;387349;08/01/2018;101
8;1;387350;01/12/2017;101
8;1;387351;01/12/2017;101
8;1;387352;01/12/2017;101
8;1;387353;01/12/2017;101
8;1;387354;01/12/2017;101
8;1;387355;01/12/2017;101
8;1;387356;01/12/2017;101
8;1;387357;01/12/2017;101
8;1;387358;01/12/2017;101
8;1;387359;01/12/2017;101
8;1;387360;01/12/2017;101
8;1;387361;01/12/2017;101
8;1;387362;01/12/2017;101
8;1;387363;01/12/2017;101
8;1;387364;01/12/2017;101
8;1;387365;04/12/2017;101
8;1;387366;02/12/2017;101
8;1;387367;04/12/2017;101
8;1;387368;02/12/2017;101
8;1;387369;02/12/2017;101
8;1;387370;04/12/2017;101
8;1;387371;05/12/2017;101
4;1;387372;08/01/2018;101
8;1;387373;06/12/2017;101
8;1;387374;07/12/2017;101
4;1;387375;08/01/2018;101
8;1;387376;07/12/2017;101
8;1;387377;07/12/2017;101
8;1;387378;07/12/2017;101
8;1;387379;08/12/2017;101
8;1;387380;08/12/2017;101
8;1;387381;08/12/2017;101
8;1;387382;08/12/2017;101
8;1;387383;09/12/2017;101
8;1;387384;08/12/2017;101
8;1;387385;08/12/2017;101
8;1;387386;08/12/2017;101
8;1;387387;12/12/2017;101
8;1;387388;12/12/2017;101
8;1;387389;08/12/2017;101
8;1;387390;12/12/2017;101
8;1;387391;12/12/2017;101
8;1;387392;12/12/2017;101
8;1;387393;12/12/2017;101
4;1;387394;08/01/2018;101
8;1;387395;12/12/2017;101
8;1;387396;13/12/2017;101
8;1;387397;13/12/2017;101
8;1;387398;13/12/2017;101
4;1;387399;08/01/2018;101
8;1;387400;14/12/2017;101
8;1;387401;14/12/2017;101
8;1;387402;15/12/2017;101
8;1;387403;15/12/2017;101
8;1;387404;15/12/2017;101
8;1;387405;15/12/2017;101
4;1;387406;08/01/2018;101
8;1;387407;18/12/2017;101
8;1;387408;18/12/2017;101
8;1;387409;19/12/2017;101
8;1;387410;20/12/2017;101
8;1;387411;21/12/2017;101
8;1;387412;21/12/2017;101
8;1;387413;22/12/2017;101
8;1;387414;22/12/2017;101
8;1;387415;05/12/2017;101
8;1;387416;22/12/2017;101
8;1;387417;26/12/2017;101
8;1;387418;23/12/2017;101
8;1;387419;26/12/2017;101
8;1;387420;02/01/2018;101
8;1;387421;02/01/2018;101
8;1;387422;02/01/2018;101
8;1;387423;02/01/2018;101
8;1;387424;02/01/2018;101
8;1;387425;02/01/2018;101
8;1;387426;02/01/2018;101
8;1;387427;02/01/2018;101
8;1;387428;04/01/2018;101
8;1;387429;04/01/2018;101
8;1;387430;04/01/2018;101
8;1;387431;04/01/2018;101
8;1;387432;04/01/2018;101
8;1;387433;05/01/2018;101
8;1;387434;05/01/2018;101
8;1;387435;08/01/2018;101
8;1;387436;08/01/2018;101
8;1;387437;09/01/2018;101
8;1;387438;09/01/2018;101
8;1;387439;09/01/2018;101
8;1;387440;08/01/2018;101
8;1;387441;10/01/2018;101
8;1;387442;10/01/2018;101
8;1;387443;11/01/2018;101
8;1;387444;11/01/2018;101
8;1;387445;11/01/2018;101
8;1;387446;11/01/2018;101
8;1;387447;12/01/2018;101
8;1;387448;12/01/2018;101
8;1;387449;12/01/2018;101
8;1;387450;13/01/2018;101
8;1;387451;13/01/2018;101
8;1;387452;16/01/2018;101
8;1;387453;17/01/2018;101
8;1;387454;17/01/2018;101
8;1;387455;18/01/2018;101
8;1;387456;18/01/2018;101
8;1;387457;18/01/2018;101
8;1;387458;18/01/2018;101
8;1;387459;18/01/2018;101
8;1;387460;22/01/2018;101
8;1;387461;22/01/2018;101
8;1;387462;22/01/2018;101
8;1;387463;22/01/2018;101
8;1;387464;19/01/2018;101
8;1;387465;19/01/2018;101
8;1;387466;19/01/2018;101
8;1;387467;22/01/2018;101
8;1;387468;22/01/2018;101
8;1;387469;22/01/2018;101
8;1;387470;22/01/2018;101
8;1;387471;20/01/2018;101
8;1;387472;23/01/2018;101
4;1;387473;07/02/2018;101
8;1;387474;24/01/2018;101
8;1;387475;24/01/2018;101
8;1;387476;25/01/2018;101
8;1;387477;25/01/2018;101
8;1;387478;26/01/2018;101
8;1;387479;26/01/2018;101
4;1;387480;07/02/2018;101
4;1;387481;07/02/2018;101
4;1;387482;07/02/2018;101
4;1;387483;07/02/2018;101
4;1;387484;07/02/2018;101
4;1;387485;07/02/2018;101
8;1;387486;01/02/2018;101
8;1;387487;01/02/2018;101
8;1;387488;01/02/2018;101
8;1;387489;01/02/2018;101
8;1;387490;01/02/2018;101
8;1;387491;01/02/2018;101
8;1;387492;01/02/2018;101
8;1;387493;01/02/2018;101
8;1;387494;02/02/2018;101
8;1;387495;02/02/2018;101
8;1;387496;02/02/2018;101
8;1;387497;03/02/2018;101
8;1;387498;05/02/2018;101
8;1;387499;05/02/2018;101
8;1;387500;05/02/2018;101
8;1;387501;05/02/2018;101
8;1;387502;05/02/2018;101
8;1;387503;05/02/2018;103
8;1;387504;05/02/2018;103
8;1;387505;05/02/2018;101
8;1;387506;07/02/2018;101
8;1;387507;08/02/2018;101
8;1;387508;08/02/2018;101
8;1;387509;09/02/2018;101
8;1;387510;09/02/2018;101
8;1;387511;10/02/2018;101
8;1;387512;10/02/2018;101
8;1;387513;10/02/2018;101
8;1;387514;14/02/2018;101
8;1;387515;14/02/2018;101
8;1;387516;14/02/2018;103
8;1;387517;14/02/2018;101
8;1;387518;14/02/2018;101
8;1;387519;14/02/2018;103
8;1;387520;15/02/2018;101
4;1;387521;16/02/2018;101
8;1;387522;15/02/2018;101
4;1;387523;16/02/2018;101
8;1;387524;16/02/2018;101
8;1;387525;19/02/2018;101
8;1;387526;19/02/2018;101
8;1;387527;19/02/2018;101
8;1;387528;19/02/2018;101
8;1;387529;19/02/2018;101
8;1;387530;17/02/2018;101
8;1;387531;19/02/2018;101
8;1;387532;19/02/2018;101
8;1;387533;19/02/2018;101
8;1;387534;19/02/2018;101
8;1;387535;20/02/2018;101
8;1;387536;19/02/2018;101
8;1;387537;19/02/2018;101
8;1;387538;20/02/2018;101
8;1;387539;20/02/2018;101
8;1;387540;20/02/2018;101
8;1;387541;20/02/2018;101
8;1;387542;21/02/2018;101
8;1;387543;22/02/2018;101
8;1;387544;22/02/2018;101
8;1;387545;22/02/2018;101
8;1;387546;23/02/2018;101
8;1;387547;26/02/2018;101
8;1;387548;24/02/2018;101
8;1;387549;26/02/2018;101
8;1;387550;01/03/2018;101
8;1;387551;01/03/2018;101
8;1;387552;01/03/2018;101
8;1;387553;01/03/2018;101
8;1;387554;01/03/2018;101
8;1;387555;01/03/2018;101
8;1;387556;02/03/2018;101
8;1;387557;02/03/2018;101
8;1;387558;05/03/2018;101
8;1;387559;05/03/2018;101
8;1;387560;05/03/2018;101
8;1;387561;05/03/2018;101
8;1;387562;03/03/2018;101
8;1;387563;03/03/2018;101
8;1;387564;05/03/2018;101
8;1;387565;05/03/2018;103
8;1;387566;05/03/2018;103
8;1;387567;05/03/2018;101
8;1;387568;05/03/2018;101
8;1;387569;06/03/2018;101
8;1;387570;06/03/2018;101
8;1;387571;06/03/2018;101
8;1;387572;06/03/2018;101
8;1;387573;07/03/2018;101
8;1;387574;07/03/2018;101
1629;1;387575;07/03/2018;101
1629;1;387576;07/03/2018;101
8;1;387577;08/03/2018;101
8;1;387578;08/03/2018;101
8;1;387579;09/03/2018;101
8;1;387580;09/03/2018;101
8;1;387581;09/03/2018;101
8;1;387582;12/03/2018;101
8;1;387583;12/03/2018;101
8;1;387584;13/03/2018;101
8;1;387585;14/03/2018;101
8;1;387586;15/03/2018;101
8;1;387587;15/03/2018;101
8;1;387588;15/03/2018;101
8;1;387589;15/03/2018;101
8;1;387590;15/03/2018;103
8;1;387591;15/03/2018;101
8;1;387592;15/03/2018;101
8;1;387593;16/03/2018;101
8;1;387594;16/03/2018;101
8;1;387595;20/03/2018;101
8;1;387597;20/03/2018;101
8;1;387598;19/03/2018;101
8;1;387599;20/03/2018;101
8;1;387600;20/03/2018;101
8;1;387601;17/03/2018;101
8;1;387603;19/03/2018;101
8;1;387604;20/03/2018;101
8;1;387605;19/03/2018;101
8;1;387606;20/03/2018;101
8;1;387607;20/03/2018;101
8;1;387608;20/03/2018;101
8;1;387609;20/03/2018;101
8;1;387610;20/03/2018;101
8;1;387611;19/03/2018;101
8;1;387612;20/03/2018;101
8;1;387613;19/03/2018;101
8;1;387614;19/03/2018;101
8;1;387615;19/03/2018;101
8;1;387616;19/03/2018;101
8;1;387617;19/03/2018;101
8;1;387618;19/03/2018;103
8;1;387619;20/03/2018;101
8;1;387620;20/03/2018;101
8;1;387621;20/03/2018;101
8;1;387622;20/03/2018;101
8;1;387624;20/03/2018;101
8;1;387625;20/03/2018;101
8;1;387626;20/03/2018;101
8;1;387627;20/03/2018;101
8;1;387628;20/03/2018;101
8;1;387629;20/03/2018;101
8;1;387630;20/03/2018;101
8;1;387631;20/03/2018;101
8;1;387632;20/03/2018;101
8;1;387633;20/03/2018;101
8;1;387634;20/03/2018;101
8;1;387635;20/03/2018;101
8;1;387636;20/03/2018;101
8;1;387637;20/03/2018;101
8;1;387638;20/03/2018;101
8;1;387639;20/03/2018;101
8;1;387640;20/03/2018;101
8;1;387641;20/03/2018;101
8;1;387642;20/03/2018;103
8;1;387643;20/03/2018;101
8;1;387644;20/03/2018;101
8;1;387645;20/03/2018;101
8;1;387646;20/03/2018;101
8;1;387647;20/03/2018;101
8;1;387648;20/03/2018;101
8;1;387649;20/03/2018;101
8;1;387650;20/03/2018;101
8;1;387651;21/03/2018;101
8;1;387652;21/03/2018;101
8;1;387653;22/03/2018;901
8;1;387654;21/03/2018;101
8;1;387655;21/03/2018;101
8;1;387656;21/03/2018;101
8;1;387657;21/03/2018;101
8;1;387658;21/03/2018;101
8;1;387660;22/03/2018;101
8;1;387661;22/03/2018;101
8;1;387662;22/03/2018;101
8;1;387663;23/03/2018;101
8;1;387664;23/03/2018;101
8;1;387665;23/03/2018;101
8;1;387666;24/03/2018;101
8;1;387667;24/03/2018;101
8;1;387668;26/03/2018;103
8;1;387669;24/03/2018;101
8;1;387670;24/03/2018;101
8;1;387671;24/03/2018;101
8;1;387672;24/03/2018;101
8;1;387673;02/04/2018;101
8;1;387674;02/04/2018;101
8;1;387675;02/04/2018;101
8;1;387676;02/04/2018;101
8;1;387677;02/04/2018;101
8;1;387678;02/04/2018;101
8;1;387679;02/04/2018;101
8;1;387680;03/04/2018;101
8;1;387681;03/04/2018;101
8;1;387682;03/04/2018;101
8;1;387683;03/04/2018;101
8;1;387684;03/04/2018;101
8;1;387685;04/04/2018;101
8;1;387686;04/04/2018;101
8;1;387687;04/04/2018;101
4;1;387688;05/04/2018;101
8;1;387689;04/04/2018;101
8;1;387690;04/04/2018;101
4;1;387691;05/04/2018;101
8;1;387692;05/04/2018;101
8;1;387693;05/04/2018;101
8;1;387694;05/04/2018;101
8;1;387695;05/04/2018;101
8;1;387696;05/04/2018;101
8;1;387697;05/04/2018;101
8;1;387698;05/04/2018;101
8;1;387699;06/04/2018;101
8;1;387700;06/04/2018;101
8;1;387701;06/04/2018;101
8;1;387702;06/04/2018;101
8;1;387703;06/04/2018;101
8;1;387704;06/04/2018;101
8;1;387705;09/04/2018;101
8;1;387706;09/04/2018;101
8;1;387707;09/04/2018;101
8;1;387708;10/04/2018;101
8;1;387709;12/04/2018;101
8;1;387710;12/04/2018;101
8;1;387711;12/04/2018;101
8;1;387712;12/04/2018;101
8;1;387713;14/04/2018;101
8;1;387714;17/04/2018;101
8;1;387715;17/04/2018;101
8;1;387716;19/04/2018;101
8;1;387717;17/04/2018;101
8;1;387718;17/04/2018;101
8;1;387719;18/04/2018;101
8;1;387720;18/04/2018;101
8;1;387721;18/04/2018;101
8;1;387722;18/04/2018;101
8;1;387723;18/04/2018;101
8;1;387724;19/04/2018;101
8;1;387725;19/04/2018;101
8;1;387726;19/04/2018;101
8;1;387728;20/04/2018;101
8;1;387729;23/04/2018;103
8;1;387730;23/04/2018;103
8;1;387731;23/04/2018;101
8;1;387732;21/04/2018;101
8;1;387733;24/04/2018;101
8;1;387734;24/04/2018;101
8;1;387735;24/04/2018;101
8;1;387736;25/04/2018;101
8;1;387737;25/04/2018;101
8;1;387738;25/04/2018;101
8;1;387739;05/04/2018;722
8;1;387740;02/05/2018;101
8;1;387741;02/05/2018;101
8;1;387742;02/05/2018;101
8;1;387743;02/05/2018;101
8;1;387744;02/05/2018;101
8;1;387746;03/05/2018;101
8;1;387747;03/05/2018;101
8;1;387748;03/05/2018;101
8;1;387749;03/05/2018;101
8;1;387750;03/05/2018;101
8;1;387751;03/05/2018;101
8;1;387752;03/05/2018;101
8;1;387753;03/05/2018;101
8;1;387754;04/05/2018;101
8;1;387755;04/05/2018;101
8;1;387756;04/05/2018;101
8;1;387757;05/05/2018;101
8;1;387758;07/05/2018;101
8;1;387759;07/05/2018;101
8;1;387760;08/05/2018;101
276;1;387761;08/05/2018;101
8;1;387762;08/05/2018;101
8;1;387763;08/05/2018;101
8;1;387764;09/05/2018;101
8;1;387765;09/05/2018;101
8;1;387766;09/05/2018;101
8;1;387767;09/05/2018;101
8;1;387768;09/05/2018;101
8;1;387769;10/05/2018;101
8;1;387770;10/05/2018;101
8;1;387771;10/05/2018;101
8;1;387772;10/05/2018;101
8;1;387773;10/05/2018;101
8;1;387774;10/05/2018;101
8;1;387775;10/05/2018;101
8;1;387776;10/05/2018;101
8;1;387777;11/05/2018;101
8;1;387778;11/05/2018;101
8;1;387779;11/05/2018;101
8;1;387780;11/05/2018;101
8;1;387781;11/05/2018;101
8;1;387782;14/05/2018;101
8;1;387783;12/05/2018;101
1417;1;387784;14/05/2018;101
8;1;387785;15/05/2018;101
8;1;387786;15/05/2018;101
8;1;387787;15/05/2018;101
8;1;387788;15/05/2018;101
8;1;387789;15/05/2018;101
8;1;387790;16/05/2018;101
8;1;387791;17/05/2018;101
8;1;387792;16/05/2018;101
8;1;387793;17/05/2018;101
8;1;387794;17/05/2018;101
276;1;387795;17/05/2018;101
8;1;387796;17/05/2018;101
8;1;387797;17/05/2018;101
8;1;387798;17/05/2018;101
8;1;387799;17/05/2018;101
8;1;387800;18/05/2018;101
8;1;387801;19/05/2018;101
8;1;387802;21/05/2018;101
8;1;387803;21/05/2018;101
8;1;387804;21/05/2018;101
8;1;387805;21/05/2018;101
8;1;387806;21/05/2018;101
8;1;387807;21/05/2018;101
8;1;387808;21/05/2018;101
8;1;387809;21/05/2018;101
8;1;387810;21/05/2018;101
8;1;387811;21/05/2018;101
8;1;387812;21/05/2018;101
8;1;387814;22/05/2018;101
8;1;387815;22/05/2018;101
8;1;387816;22/05/2018;101
8;1;387817;22/05/2018;101
8;1;387818;23/05/2018;101
8;1;387819;23/05/2018;101
8;1;387820;24/05/2018;101
8;1;387821;24/05/2018;101
8;1;387822;24/05/2018;101
8;1;387823;24/05/2018;101
8;1;387824;25/05/2018;101
8;1;387825;25/05/2018;101
8;1;387826;25/05/2018;101
8;1;387827;25/05/2018;101
8;1;387828;25/05/2018;101
8;1;387829;25/05/2018;101
8;1;387830;01/06/2018;101
8;1;387831;01/06/2018;101
8;1;387832;04/06/2018;101
8;1;387833;02/06/2018;101
8;1;387834;04/06/2018;101
8;1;387835;04/06/2018;101
8;1;387836;04/06/2018;101
8;1;387837;04/06/2018;101
4;1;387837;04/06/2018;101
8;1;387838;04/06/2018;101
8;1;387839;04/06/2018;101
8;1;387840;05/06/2018;101
8;1;387841;05/06/2018;101
8;1;387842;05/06/2018;101
8;1;387843;06/06/2018;101
8;1;387844;07/06/2018;101
8;1;387845;08/06/2018;101
8;1;387846;08/06/2018;101
8;1;387847;08/06/2018;101
8;1;387848;11/06/2018;101
8;1;387849;11/06/2018;101
8;1;387850;11/06/2018;101
8;1;387851;11/06/2018;101
8;1;387852;11/06/2018;101
8;1;387853;11/06/2018;101
8;1;387854;11/06/2018;101
8;1;387855;11/06/2018;101
8;1;387856;11/06/2018;101
8;1;387857;11/06/2018;101
8;1;387858;11/06/2018;101
8;1;387859;11/06/2018;101
8;1;387860;12/06/2018;101
8;1;387861;14/06/2018;101
8;1;387863;14/06/2018;101
8;1;387864;18/06/2018;101
8;1;387865;15/06/2018;101
8;1;387866;15/06/2018;101
8;1;387867;15/06/2018;101
8;1;387868;15/06/2018;101
8;1;387869;18/06/2018;101
8;1;387870;18/06/2018;101
8;1;387871;18/06/2018;101
8;1;387872;16/06/2018;101
8;1;387873;16/06/2018;101
8;1;387874;16/06/2018;101
8;1;387875;16/06/2018;101
8;1;387876;18/06/2018;101
8;1;387877;16/06/2018;101
276;1;387879;19/06/2018;101
8;1;387880;19/06/2018;101
8;1;387881;19/06/2018;101
8;1;387882;19/06/2018;101
8;1;387883;19/06/2018;101
8;1;387884;20/06/2018;101
8;1;387885;20/06/2018;101
8;1;387886;20/06/2018;101
8;1;387887;20/06/2018;101
8;1;387888;20/06/2018;101
8;1;387889;21/06/2018;101
8;1;387890;21/06/2018;101
8;1;387891;21/06/2018;101
8;1;387892;21/06/2018;101
8;1;387893;21/06/2018;101
8;1;387894;21/06/2018;101
8;1;387895;21/06/2018;101
8;1;387896;21/06/2018;101
8;1;387898;21/06/2018;101
8;1;387899;21/06/2018;101
8;1;387900;21/06/2018;101
8;1;387901;22/06/2018;101
8;1;387902;22/06/2018;101
8;1;387903;22/06/2018;101
276;1;387904;25/06/2018;103
8;1;387905;25/06/2018;103
8;1;387906;23/06/2018;101
8;1;387907;26/06/2018;101
8;1;387908;26/06/2018;101
8;1;387909;26/06/2018;101
8;1;387910;02/07/2018;101
8;1;387911;02/07/2018;101
8;1;387912;02/07/2018;101
8;1;387913;02/07/2018;101
8;1;387914;02/07/2018;101
8;1;387915;02/07/2018;101
8;1;387916;02/07/2018;101
8;1;387917;02/07/2018;101
8;1;387918;03/07/2018;101
8;1;387919;03/07/2018;101
8;1;387920;03/07/2018;101
8;1;387921;03/07/2018;101
8;1;387922;03/07/2018;103
8;1;387923;04/07/2018;101
8;1;387924;04/07/2018;101
8;1;387925;04/07/2018;101
8;1;387926;04/07/2018;101
8;1;387927;05/07/2018;101
8;1;387928;05/07/2018;101
8;1;387929;05/07/2018;101
8;1;387930;05/07/2018;101
8;1;387931;05/07/2018;101
8;1;387932;06/07/2018;101
8;1;387933;06/07/2018;101
8;1;387934;06/07/2018;101
8;1;387935;09/07/2018;103
8;1;387936;09/07/2018;103
8;1;387937;06/07/2018;101
8;1;387938;06/07/2018;101
8;1;387939;06/07/2018;101
8;1;387940;09/07/2018;101
8;1;387941;09/07/2018;101
8;1;387942;09/07/2018;101
4;1;387942;09/07/2018;101
8;1;387943;09/07/2018;101
8;1;387944;09/07/2018;101
8;1;387945;09/07/2018;101
8;1;387946;09/07/2018;101
8;1;387947;09/07/2018;101
8;1;387948;10/07/2018;101
8;1;387949;10/07/2018;101
8;1;387950;10/07/2018;101
8;1;387951;10/07/2018;101
8;1;387952;10/07/2018;101
8;1;387953;10/07/2018;101
8;1;387954;10/07/2018;101
8;1;387955;10/07/2018;101
8;1;387956;11/07/2018;101
8;1;387957;11/07/2018;101
8;1;387958;11/07/2018;101
8;1;387959;12/07/2018;101
8;1;387960;12/07/2018;101
8;1;387961;12/07/2018;101
8;1;387962;12/07/2018;101
8;1;387963;12/07/2018;101
8;1;387964;12/07/2018;101
8;1;387965;13/07/2018;101
8;1;387966;14/07/2018;101
8;1;387967;16/07/2018;101
8;1;387969;17/07/2018;101
8;1;387970;17/07/2018;101
8;1;387971;17/07/2018;101
8;1;387972;17/07/2018;101
8;1;387973;17/07/2018;101
8;1;387974;18/07/2018;101
8;1;387975;18/07/2018;101
8;1;387976;20/07/2018;101
8;1;387977;20/07/2018;101
8;1;387978;23/07/2018;101
8;1;387979;23/07/2018;101
8;1;387980;23/07/2018;101
8;1;387981;23/07/2018;101
8;1;387982;21/07/2018;101
8;1;387983;21/07/2018;101
8;1;387984;23/07/2018;101
8;1;387985;23/07/2018;101
8;1;387986;24/07/2018;101
8;1;387987;24/07/2018;101
8;1;387988;24/07/2018;101
8;1;387989;24/07/2018;101
8;1;387990;24/07/2018;103
8;1;387991;25/07/2018;101
8;1;387992;26/07/2018;101
8;1;387993;26/07/2018;101
4;1;387994;08/08/2018;101
4;1;387995;01/08/2018;101
4;1;387996;01/08/2018;101
8;1;387997;01/08/2018;101
8;1;387998;01/08/2018;101
8;1;387999;01/08/2018;101
8;1;388000;01/08/2018;101
8;1;388001;01/08/2018;101
8;1;388002;02/08/2018;101
8;1;388003;02/08/2018;101
8;1;388004;02/08/2018;101
8;1;388005;02/08/2018;101
8;1;388006;02/08/2018;101
8;1;388007;02/08/2018;101
8;1;388008;02/08/2018;101
8;1;388009;02/08/2018;101
8;1;388010;03/08/2018;101
8;1;388011;03/08/2018;101
8;1;388012;06/08/2018;103
8;1;388013;06/08/2018;103
8;1;388014;06/08/2018;101
8;1;388015;06/08/2018;101
8;1;388016;06/08/2018;101
8;1;388017;07/08/2018;101
8;1;388018;07/08/2018;101
8;1;388019;07/08/2018;103
8;1;388020;07/08/2018;101
8;1;388021;07/08/2018;101
8;1;388022;08/08/2018;101
8;1;388023;08/08/2018;101
8;1;388024;09/08/2018;101
8;1;388025;09/08/2018;101
8;1;388026;09/08/2018;101
8;1;388027;09/08/2018;101
8;1;388028;09/08/2018;101
8;1;388029;09/08/2018;101
8;1;388030;10/08/2018;101
8;1;388031;10/08/2018;101
8;1;388032;10/08/2018;101
8;1;388033;10/08/2018;101
8;1;388034;13/08/2018;101
8;1;388035;11/08/2018;101
8;1;388036;11/08/2018;101
8;1;388037;13/08/2018;103
8;1;388038;11/08/2018;101
8;1;388039;13/08/2018;101
8;1;388040;13/08/2018;103
8;1;388041;13/08/2018;103
1629;1;388042;13/08/2018;101
8;1;388043;14/08/2018;101
8;1;388044;14/08/2018;101
276;1;388045;14/08/2018;101
8;1;388046;15/08/2018;101
8;1;388047;15/08/2018;101
8;1;388048;15/08/2018;101
8;1;388049;15/08/2018;101
8;1;388050;16/08/2018;101
8;1;388051;15/08/2018;101
8;1;388052;16/08/2018;101
8;1;388053;16/08/2018;101
8;1;388054;16/08/2018;101
8;1;388055;16/08/2018;101
8;1;388056;16/08/2018;101
8;1;388057;16/08/2018;103
8;1;388058;17/08/2018;101
8;1;388059;17/08/2018;101
8;1;388060;17/08/2018;101
8;1;388061;18/08/2018;101
8;1;388062;18/08/2018;101
4;1;388063;17/09/2018;103
8;1;388064;18/08/2018;101
8;1;388065;18/08/2018;101
8;1;388066;18/08/2018;101
8;1;388067;18/08/2018;101
8;1;388068;18/08/2018;101
4;1;388069;17/09/2018;103
8;1;388070;21/08/2018;101
8;1;388071;21/08/2018;101
8;1;388072;21/08/2018;101
8;1;388073;21/08/2018;101
4;1;388074;17/09/2018;103
8;1;388075;22/08/2018;101
8;1;388076;22/08/2018;103
8;1;388077;22/08/2018;101
8;1;388078;23/08/2018;101
8;1;388079;23/08/2018;101
8;1;388080;23/08/2018;101
8;1;388081;24/08/2018;101
8;1;388082;24/08/2018;101
4;1;388083;28/08/2018;101
8;1;388084;25/08/2018;101
8;1;388085;25/08/2018;101
8;1;388086;25/08/2018;101
8;1;388087;27/08/2018;101
8;1;388088;03/09/2018;103
8;1;388089;03/09/2018;103
8;1;388090;03/09/2018;103
8;1;388091;03/09/2018;101
8;1;388092;03/09/2018;101
8;1;388093;03/09/2018;101
8;1;388094;03/09/2018;101
8;1;388095;03/09/2018;101
8;1;388096;03/09/2018;101
8;1;388097;03/09/2018;101
8;1;388098;05/09/2018;101
8;1;388099;05/09/2018;101
8;1;388100;05/09/2018;101
8;1;388101;05/09/2018;101
8;1;388102;05/09/2018;101
8;1;388103;06/09/2018;101
8;1;388104;06/09/2018;101
8;1;388105;10/09/2018;103
8;1;388106;10/09/2018;101
8;1;388107;11/09/2018;101
8;1;388108;11/09/2018;101
8;1;388109;12/09/2018;101
8;1;388110;03/09/2018;103
8;1;388111;13/09/2018;101
8;1;388112;13/09/2018;101
8;1;388113;13/09/2018;101
8;1;388114;13/09/2018;101
8;1;388115;13/09/2018;101
8;1;388116;13/09/2018;101
1629;1;388117;13/09/2018;101
8;1;388118;14/09/2018;101
8;1;388119;14/09/2018;101
8;1;388120;14/09/2018;101
8;1;388121;14/09/2018;101
8;1;388122;17/09/2018;103
8;1;388123;17/09/2018;103
8;1;388124;17/09/2018;103
8;1;388125;17/09/2018;103
8;1;388126;17/09/2018;103
8;1;388127;17/09/2018;103
8;1;388128;17/09/2018;103
8;1;388129;17/09/2018;103
8;1;388130;17/09/2018;103
8;1;388131;17/09/2018;103
8;1;388132;17/09/2018;103
8;1;388133;17/09/2018;103
8;1;388134;17/09/2018;103
8;1;388135;17/09/2018;103
8;1;388136;17/09/2018;103
8;1;388137;17/09/2018;103
8;1;388138;18/09/2018;101
8;1;388139;18/09/2018;101
8;1;388140;19/09/2018;101
8;1;388141;19/09/2018;101
8;1;388142;19/09/2018;101
8;1;388143;21/09/2018;101
8;1;388144;21/09/2018;101
8;1;388145;21/09/2018;101
8;1;388146;21/09/2018;101
8;1;388147;21/09/2018;101
8;1;388148;21/09/2018;101
8;1;388149;24/09/2018;103
8;1;388150;24/09/2018;103
8;1;388151;24/09/2018;103
8;1;388152;24/09/2018;103
8;1;388153;24/09/2018;101
8;1;388154;24/09/2018;103
8;1;388155;24/09/2018;101
8;1;388156;24/09/2018;101
8;1;388157;24/09/2018;101
8;1;388158;24/09/2018;101
8;1;388159;24/09/2018;101
8;1;388160;24/09/2018;101
8;1;388161;24/09/2018;101
8;1;388162;24/09/2018;101
8;1;388163;24/09/2018;101
8;1;388164;26/09/2018;101
8;1;388165;26/09/2018;101
8;1;388166;26/09/2018;101
8;1;388167;26/09/2018;101
8;1;388168;26/09/2018;101
8;1;388169;24/09/2018;103
8;1;388170;26/09/2018;101
8;1;388171;27/09/2018;101
8;1;388172;01/10/2018;103
8;1;388173;01/10/2018;103
8;1;388174;01/10/2018;103
8;1;388175;01/10/2018;103
8;1;388176;02/10/2018;101
8;1;388177;01/10/2018;101
8;1;388178;02/10/2018;101
8;1;388179;02/10/2018;101
8;1;388180;02/10/2018;101
8;1;388181;02/10/2018;101
8;1;388182;02/10/2018;101
8;1;388183;02/10/2018;101
8;1;388184;02/10/2018;101
8;1;388185;02/10/2018;101
8;1;388186;01/10/2018;103
8;1;388187;03/10/2018;101
8;1;388188;03/10/2018;101
8;1;388189;03/10/2018;101
8;1;388190;03/10/2018;101
8;1;388191;03/10/2018;101
8;1;388192;04/10/2018;101
8;1;388193;04/10/2018;101
8;1;388194;04/10/2018;101
8;1;388195;04/10/2018;101
8;1;388196;04/10/2018;101
8;1;388197;04/10/2018;101
276;1;388198;08/10/2018;101
8;1;388199;05/10/2018;101
8;1;388200;05/10/2018;101
8;1;388201;05/10/2018;101
8;1;388203;05/10/2018;101
8;1;388204;05/10/2018;101
8;1;388205;05/10/2018;101
8;1;388206;08/10/2018;101
8;1;388207;06/10/2018;101
8;1;388208;06/10/2018;101
8;1;388209;06/10/2018;101
8;1;388210;06/10/2018;101
8;1;388211;06/10/2018;101
8;1;388212;08/10/2018;103
8;1;388213;09/10/2018;101
8;1;388214;09/10/2018;101
8;1;388215;09/10/2018;101
8;1;388216;09/10/2018;101
8;1;388217;09/10/2018;101
8;1;388218;09/10/2018;101
8;1;388219;09/10/2018;101
8;1;388220;09/10/2018;101
8;1;388221;10/10/2018;901
8;1;388222;10/10/2018;101
8;1;388223;10/10/2018;101
8;1;388224;10/10/2018;101
8;1;388225;10/10/2018;101
8;1;388226;10/10/2018;101
8;1;388227;10/10/2018;101
8;1;388228;08/10/2018;103
8;1;388229;11/10/2018;101
8;1;388230;11/10/2018;101
8;1;388231;11/10/2018;101
8;1;388232;11/10/2018;101
8;1;388233;11/10/2018;101
8;1;388234;13/10/2018;101
8;1;388235;13/10/2018;101
8;1;388236;13/10/2018;101
8;1;388237;13/10/2018;101
8;1;388238;13/10/2018;101
8;1;388239;15/10/2018;101
8;1;388240;16/10/2018;101
8;1;388241;16/10/2018;101
8;1;388242;16/10/2018;101
8;1;388243;16/10/2018;101
8;1;388244;16/10/2018;101
8;1;388245;16/10/2018;101
8;1;388246;16/10/2018;101
8;1;388247;17/10/2018;101
8;1;388248;17/10/2018;101
8;1;388249;17/10/2018;101
8;1;388250;17/10/2018;101
8;1;388251;17/10/2018;101
8;1;388252;17/10/2018;101
4;1;388253;22/10/2018;101
8;1;388254;18/10/2018;101
8;1;388255;18/10/2018;101
8;1;388256;18/10/2018;101
8;1;388257;18/10/2018;101
8;1;388258;18/10/2018;101
8;1;388259;18/10/2018;101
8;1;388260;19/10/2018;101
8;1;388261;19/10/2018;101
8;1;388262;19/10/2018;101
8;1;388263;19/10/2018;101
8;1;388264;22/10/2018;101
8;1;388265;22/10/2018;101
8;1;388266;22/10/2018;101
8;1;388267;20/10/2018;101
8;1;388268;20/10/2018;101
8;1;388269;22/10/2018;101
8;1;388270;22/10/2018;103
8;1;388271;20/10/2018;101
8;1;388272;20/10/2018;101
8;1;388273;22/10/2018;101
8;1;388274;22/10/2018;101
8;1;388275;23/10/2018;101
8;1;388276;23/10/2018;101
8;1;388277;23/10/2018;101
8;1;388278;23/10/2018;101
8;1;388279;23/10/2018;101
8;1;388280;23/10/2018;101
8;1;388281;23/10/2018;101
8;1;388282;23/10/2018;101
8;1;388283;23/10/2018;101
8;1;388284;24/10/2018;101
8;1;388285;24/10/2018;101
8;1;388286;24/10/2018;101
8;1;388287;24/10/2018;101
8;1;388288;24/10/2018;101
8;1;388289;24/10/2018;101
8;1;388290;24/10/2018;101
8;1;388291;25/10/2018;101
8;1;388292;29/10/2018;103
8;1;388293;01/11/2018;101
8;1;388294;01/11/2018;101
8;1;388295;01/11/2018;103
8;1;388296;01/11/2018;101
8;1;388297;01/11/2018;101
8;1;388298;01/11/2018;101
8;1;388299;01/11/2018;103
8;1;388300;01/11/2018;103
8;1;388301;01/11/2018;103
8;1;388302;03/11/2018;101
8;1;388303;05/11/2018;101
8;1;388304;05/11/2018;101
8;1;388305;05/11/2018;103
8;1;388306;05/11/2018;101
8;1;388307;05/11/2018;101
8;1;388308;05/11/2018;101
8;1;388309;05/11/2018;101
8;1;388310;05/11/2018;103
8;1;388311;06/11/2018;101
8;1;388312;06/11/2018;101
8;1;388313;06/11/2018;101
8;1;388314;06/11/2018;101
8;1;388315;06/11/2018;101
8;1;388316;06/11/2018;101
8;1;388317;06/11/2018;101
8;1;388318;06/11/2018;101
8;1;388320;07/11/2018;101
8;1;388321;07/11/2018;101
8;1;388322;07/11/2018;101
8;1;388323;07/11/2018;101
8;1;388324;07/11/2018;101
8;1;388325;07/11/2018;101
8;1;388326;08/11/2018;101
8;1;388327;08/11/2018;101
8;1;388328;08/11/2018;101
8;1;388329;08/11/2018;101
8;1;388330;08/11/2018;101
8;1;388331;09/11/2018;103
8;1;388332;14/11/2018;101
4;1;388333;12/11/2018;101
8;1;388334;12/11/2018;103
8;1;388335;10/11/2018;101
8;1;388336;10/11/2018;101
8;1;388337;12/11/2018;101
8;1;388338;10/11/2018;101
8;1;388339;13/11/2018;101
8;1;388340;13/11/2018;101
8;1;388341;13/11/2018;101
8;1;388342;14/11/2018;101
8;1;388343;14/11/2018;101
8;1;388344;14/11/2018;101
8;1;388345;16/11/2018;101
8;1;388346;16/11/2018;101
8;1;388347;16/11/2018;101
8;1;388348;19/11/2018;101
8;1;388349;17/11/2018;101
8;1;388350;20/11/2018;101
8;1;388351;20/11/2018;101
8;1;388352;22/11/2018;101
8;1;388353;23/11/2018;101
8;1;388354;26/11/2018;101
8;1;388355;26/11/2018;101
8;1;388356;24/11/2018;101
8;1;388357;24/11/2018;101
8;1;388358;24/11/2018;101
8;1;388359;27/11/2018;101
8;1;388360;03/12/2018;101
8;1;388361;01/12/2018;101
8;1;388362;01/12/2018;101
8;1;388363;03/12/2018;101
8;1;388364;03/12/2018;101
8;1;388365;01/12/2018;101
8;1;388366;03/12/2018;101
8;1;388367;03/12/2018;103
8;1;388368;03/12/2018;103
8;1;388369;03/12/2018;103
8;1;388370;01/12/2018;101
8;1;388371;03/12/2018;101
8;1;388372;01/12/2018;101
8;1;388373;03/12/2018;101
8;1;388374;04/12/2018;101
8;1;388375;04/12/2018;101
8;1;388376;04/12/2018;101
8;1;388377;04/12/2018;101
8;1;388378;04/12/2018;101
8;1;388379;04/12/2018;101
8;1;388380;04/12/2018;101
8;1;388381;04/12/2018;101
8;1;388382;05/12/2018;101
8;1;388383;05/12/2018;101
8;1;388384;05/12/2018;101
8;1;388385;05/12/2018;101
8;1;388386;05/12/2018;101
8;1;388387;05/12/2018;101
8;1;388388;05/12/2018;101
8;1;388389;07/12/2018;101
8;1;388390;07/12/2018;103
8;1;388391;07/12/2018;101
8;1;388392;07/12/2018;101
8;1;388393;07/12/2018;101
8;1;388394;07/12/2018;101
8;1;388395;08/12/2018;101
8;1;388396;08/12/2018;101
8;1;388397;10/12/2018;101
8;1;388398;10/12/2018;101
8;1;388399;11/12/2018;101
8;1;388400;11/12/2018;101
8;1;388401;11/12/2018;101
8;1;388402;11/12/2018;101
8;1;388403;11/12/2018;101
8;1;388404;11/12/2018;101
8;1;388405;12/12/2018;101
8;1;388406;12/12/2018;101
8;1;388407;12/12/2018;101
8;1;388408;12/12/2018;103
8;1;388409;12/12/2018;103
8;1;388410;12/12/2018;101
8;1;388411;13/12/2018;101
8;1;388412;13/12/2018;101
8;1;388413;13/12/2018;101
8;1;388414;13/12/2018;101
8;1;388415;13/12/2018;103
8;1;388416;14/12/2018;101
8;1;388417;14/12/2018;101
8;1;388418;14/12/2018;101
8;1;388419;17/12/2018;103
8;1;388420;15/12/2018;101
8;1;388421;15/12/2018;101
8;1;388422;18/12/2018;101
8;1;388423;18/12/2018;101
8;1;388424;18/12/2018;101
8;1;388425;18/12/2018;101
8;1;388426;18/12/2018;101
8;1;388427;18/12/2018;101
8;1;388429;19/12/2018;101
8;1;388430;20/12/2018;101
8;1;388431;20/12/2018;101
8;1;388432;21/12/2018;101
8;1;388433;21/12/2018;101
8;1;388434;21/12/2018;101
8;1;388435;26/12/2018;101
8;1;388436;22/12/2018;101
8;1;388437;26/12/2018;101
8;1;388438;26/12/2018;101
8;1;388439;26/12/2018;101
8;1;388440;26/12/2018;101
8;1;388441;02/01/2019;101
8;1;388442;02/01/2019;103
8;1;388443;02/01/2019;101
8;1;388444;02/01/2019;101
8;1;388445;02/01/2019;101
8;1;388446;02/01/2019;101
8;1;388447;03/01/2019;101
8;1;388448;03/01/2019;101
8;1;388449;03/01/2019;101
8;1;388450;04/01/2019;101
8;1;388451;04/01/2019;101
8;1;388452;05/01/2019;101
8;1;388453;05/01/2019;101
8;1;388454;07/01/2019;103
8;1;388455;07/01/2019;101
8;1;388456;05/01/2019;101
8;1;388457;05/01/2019;101
8;1;388458;05/01/2019;101
8;1;388459;05/01/2019;101
8;1;388460;08/01/2019;101
8;1;388461;08/01/2019;101
8;1;388462;08/01/2019;101
8;1;388463;08/01/2019;101
8;1;388464;09/01/2019;101
8;1;388465;09/01/2019;101
8;1;388466;10/01/2019;101
8;1;388467;10/01/2019;101
8;1;388468;10/01/2019;101
8;1;388469;11/01/2019;101
8;1;388470;11/01/2019;101
8;1;388471;11/01/2019;101
8;1;388472;14/01/2019;101
8;1;388473;12/01/2019;101
8;1;388474;12/01/2019;101
8;1;388475;15/01/2019;101
8;1;388476;15/01/2019;101
8;1;388477;15/01/2019;101
8;1;388478;15/01/2019;101
8;1;388479;15/01/2019;101
8;1;388480;17/01/2019;101
8;1;388481;17/01/2019;101
8;1;388482;17/01/2019;101
8;1;388483;17/01/2019;101
4;1;388484;21/01/2019;101
8;1;388485;19/01/2019;101
8;1;388486;19/01/2019;101
8;1;388487;19/01/2019;101
8;1;388488;22/01/2019;101
8;1;388489;22/01/2019;101
4;1;388489;22/01/2019;101
8;1;388490;22/01/2019;101
8;1;388491;22/01/2019;101
8;1;388492;22/01/2019;101
8;1;388493;22/01/2019;101
8;1;388494;23/01/2019;101
8;1;388495;23/01/2019;101
8;1;388496;23/01/2019;101
8;1;388497;24/01/2019;101
8;1;388498;24/01/2019;101
8;1;388499;24/01/2019;101
8;1;388500;25/01/2019;101
8;1;388501;29/01/2019;101
8;1;388502;25/01/2019;101
8;1;388503;25/01/2019;101
8;1;388504;29/01/2019;101
8;1;388505;29/01/2019;101
8;1;388506;29/01/2019;101
8;1;388507;26/01/2019;101
8;1;388508;28/01/2019;101
8;1;388509;04/02/2019;101
8;1;388510;01/02/2019;101
8;1;388511;01/02/2019;101
8;1;388512;01/02/2019;101
8;1;388513;01/02/2019;101
8;1;388514;01/02/2019;101
8;1;388515;01/02/2019;101
8;1;388516;04/02/2019;101
8;1;388517;01/02/2019;101
8;1;388518;18/02/2019;103
8;1;388519;04/02/2019;101
8;1;388520;01/02/2019;101
8;1;388521;01/02/2019;101
8;1;388522;01/02/2019;101
8;1;388523;02/02/2019;101
8;1;388524;02/02/2019;101
4;1;388525;11/02/2019;101
4;1;388526;11/02/2019;101
4;1;388527;11/02/2019;101
4;1;388528;11/02/2019;101
8;1;388529;05/02/2019;101
8;1;388530;05/02/2019;101
4;1;388531;11/02/2019;101
4;1;388532;11/02/2019;101
8;1;388533;07/02/2019;101
4;1;388534;11/02/2019;101
8;1;388535;08/02/2019;101
8;1;388536;09/02/2019;101
8;1;388537;09/02/2019;101
8;1;388538;09/02/2019;101
8;1;388539;09/02/2019;101
8;1;388540;09/02/2019;101
8;1;388541;09/02/2019;101
8;1;388542;12/02/2019;101
8;1;388543;18/02/2019;103
8;1;388544;13/02/2019;101
8;1;388545;13/02/2019;101
8;1;388546;13/02/2019;101
8;1;388547;14/02/2019;101
8;1;388548;14/02/2019;101
8;1;388549;18/02/2019;101
8;1;388550;16/02/2019;101
8;1;388551;16/02/2019;101
8;1;388552;16/02/2019;101
8;1;388553;19/02/2019;101
8;1;388554;19/02/2019;101
8;1;388555;20/02/2019;101
8;1;388556;20/02/2019;101
4;1;388557;06/03/2019;101
8;1;388557;06/03/2019;101
4;1;388558;06/03/2019;101
4;1;388559;06/03/2019;101
8;1;388560;21/02/2019;101
8;1;388561;21/02/2019;101
8;1;388562;06/03/2019;101
4;1;388562;06/03/2019;101
8;1;388563;22/02/2019;101
4;1;388564;06/03/2019;101
8;1;388565;25/02/2019;103
8;1;388566;25/02/2019;101
8;1;388567;25/02/2019;101
8;1;388568;23/02/2019;101
4;1;388569;06/03/2019;101
4;1;388570;06/03/2019;101
8;1;388571;23/02/2019;101
8;1;388572;23/02/2019;101
8;1;388573;25/02/2019;101
8;1;388574;25/02/2019;101
8;1;388575;25/02/2019;101
4;1;388576;06/03/2019;101
4;1;388577;06/03/2019;101
4;1;388578;06/03/2019;101
8;1;388579;01/03/2019;101
8;1;388580;01/03/2019;101
8;1;388581;01/03/2019;101
8;1;388582;01/03/2019;101
8;1;388583;04/03/2019;101
8;1;388584;04/03/2019;101
8;1;388585;04/03/2019;101
8;1;388586;04/03/2019;101
8;1;388587;01/03/2019;101
1629;1;388588;06/03/2019;101
8;1;388589;04/03/2019;901
8;1;388590;06/03/2019;101
8;1;388591;06/03/2019;101
1629;1;388592;06/03/2019;101
8;1;388593;07/03/2019;101
8;1;388594;07/03/2019;101
8;1;388595;08/03/2019;101
8;1;388596;08/03/2019;101
8;1;388597;08/03/2019;101
8;1;388598;09/03/2019;101
8;1;388599;11/03/2019;101
8;1;388600;11/03/2019;101
8;1;388601;11/03/2019;101
8;1;388602;12/03/2019;101
8;1;388603;13/03/2019;101
8;1;388604;13/03/2019;101
8;1;388605;13/03/2019;101
8;1;388606;14/03/2019;101
8;1;388607;14/03/2019;101
8;1;388608;14/03/2019;101
8;1;388609;14/03/2019;101
8;1;388610;14/03/2019;101
8;1;388611;14/03/2019;101
8;1;388612;14/03/2019;101
8;1;388613;15/03/2019;103
8;1;388614;15/03/2019;101
8;1;388615;15/03/2019;101
8;1;388616;15/03/2019;101
8;1;388617;18/03/2019;101
8;1;388618;16/03/2019;101
8;1;388619;18/03/2019;101
8;1;388620;18/03/2019;101
8;1;388621;18/03/2019;101
8;1;388622;19/03/2019;101
8;1;388623;19/03/2019;101
8;1;388624;19/03/2019;101
8;1;388625;19/03/2019;101
8;1;388626;19/03/2019;101
8;1;388627;19/03/2019;101
8;1;388628;19/03/2019;101
8;1;388629;20/03/2019;101
8;1;388630;20/03/2019;101
8;1;388631;22/03/2019;101
8;1;388632;20/03/2019;101
8;1;388633;20/03/2019;101
8;1;388634;20/03/2019;101
8;1;388635;20/03/2019;101
8;1;388636;20/03/2019;101
8;1;388637;20/03/2019;101
8;1;388638;21/03/2019;101
8;1;388639;21/03/2019;101
8;1;388640;21/03/2019;101
8;1;388641;21/03/2019;103
8;1;388642;22/03/2019;101
8;1;388643;22/03/2019;101
8;1;388644;25/03/2019;101
8;1;388645;25/03/2019;101
8;1;388646;25/03/2019;101
8;1;388647;25/03/2019;101
8;1;388648;25/03/2019;101
8;1;388649;25/03/2019;101
8;1;388650;23/03/2019;101
8;1;388651;25/03/2019;101
8;1;388652;25/03/2019;101
8;1;388653;25/03/2019;101
8;1;388654;01/04/2019;103
8;1;388655;25/03/2019;101
8;1;388656;25/03/2019;101
8;1;388657;01/04/2019;101
4;1;388658;01/04/2019;101
8;1;388659;01/04/2019;103
8;1;388660;01/04/2019;101
8;1;388661;01/04/2019;101
8;1;388662;01/04/2019;101
8;1;388663;01/04/2019;101
8;1;388664;01/04/2019;101
8;1;388665;01/04/2019;101
8;1;388666;01/04/2019;101
8;1;388667;01/04/2019;101
8;1;388668;01/04/2019;101
8;1;388669;01/04/2019;101
8;1;388670;01/04/2019;101
8;1;388671;01/04/2019;101
8;1;388672;02/04/2019;101
8;1;388673;02/04/2019;101
8;1;388674;02/04/2019;101
8;1;388675;02/04/2019;101
8;1;388676;02/04/2019;101
8;1;388677;02/04/2019;101
8;1;388678;03/04/2019;101
8;1;388679;03/04/2019;101
8;1;388680;03/04/2019;101
8;1;388681;04/04/2019;101
8;1;388682;04/04/2019;101
8;1;388683;04/04/2019;101
8;1;388684;04/04/2019;101
8;1;388685;04/04/2019;101
8;1;388686;05/04/2019;101
8;1;388687;05/04/2019;101
8;1;388688;05/04/2019;101
8;1;388689;05/04/2019;101
8;1;388690;05/04/2019;101
8;1;388691;05/04/2019;101
8;1;388692;05/04/2019;101
8;1;388693;05/04/2019;101
8;1;388694;08/04/2019;101
8;1;388695;08/04/2019;101
8;1;388696;08/04/2019;101
8;1;388697;08/04/2019;101
8;1;388698;06/04/2019;101
8;1;388699;06/04/2019;101
8;1;388700;06/04/2019;101
8;1;388701;06/04/2019;101
8;1;388702;06/04/2019;101
8;1;388703;06/04/2019;101
8;1;388704;09/04/2019;101
8;1;388705;09/04/2019;101
8;1;388706;09/04/2019;101
8;1;388707;09/04/2019;101
8;1;388708;09/04/2019;101
8;1;388709;09/04/2019;101
8;1;388710;09/04/2019;101
8;1;388711;09/04/2019;101
8;1;388712;09/04/2019;101
8;1;388713;10/04/2019;101
8;1;388714;10/04/2019;101
8;1;388715;10/04/2019;101
8;1;388716;11/04/2019;101
8;1;388717;11/04/2019;101
8;1;388718;11/04/2019;101
8;1;388719;11/04/2019;101
8;1;388720;11/04/2019;101
8;1;388721;12/04/2019;101
8;1;388722;12/04/2019;101
8;1;388723;15/04/2019;101
8;1;388724;15/04/2019;101
8;1;388725;15/04/2019;101
8;1;388726;15/04/2019;103
8;1;388727;15/04/2019;103
8;1;388728;15/04/2019;101
8;1;388729;15/04/2019;101
8;1;388730;17/04/2019;103
8;1;388731;17/04/2019;103
8;1;388732;22/04/2019;101
8;1;388733;22/04/2019;101
8;1;388734;22/04/2019;101
8;1;388735;22/04/2019;101
8;1;388736;22/04/2019;101
8;1;388737;02/05/2019;101
8;1;388738;02/05/2019;101
8;1;388739;02/05/2019;101
8;1;388740;29/04/2019;103
8;1;388741;24/04/2019;101
8;1;388742;24/04/2019;101
8;1;388743;24/04/2019;101
8;1;388744;24/04/2019;101
8;1;388745;24/04/2019;101
8;1;388746;24/04/2019;101
8;1;388747;24/04/2019;101
8;1;388748;24/04/2019;101
8;1;388749;24/04/2019;101
8;1;388750;24/04/2019;101
8;1;388751;24/04/2019;101
8;1;388752;24/04/2019;101
8;1;388753;24/04/2019;101
8;1;388754;24/04/2019;101
8;1;388755;24/04/2019;101
8;1;388756;25/04/2019;101
8;1;388757;02/05/2019;101
8;1;388758;02/05/2019;101
8;1;388759;02/05/2019;101
8;1;388760;02/05/2019;101
8;1;388761;02/05/2019;101
8;1;388762;02/05/2019;101
8;1;388763;02/05/2019;101
8;1;388764;07/05/2019;101
8;1;388765;02/05/2019;101
8;1;388766;02/05/2019;101
8;1;388767;02/05/2019;101
8;1;388768;02/05/2019;101
8;1;388769;02/05/2019;101
8;1;388770;02/05/2019;101
8;1;388771;02/05/2019;101
8;1;388772;03/05/2019;101
8;1;388773;03/05/2019;101
8;1;388774;06/05/2019;101
8;1;388775;06/05/2019;101
8;1;388776;06/05/2019;101
8;1;388777;06/05/2019;101
8;1;388778;06/05/2019;103
8;1;388779;06/05/2019;101
8;1;388780;06/05/2019;101
8;1;388781;06/05/2019;101
8;1;388782;06/05/2019;103
8;1;388783;06/05/2019;101
8;1;388784;06/05/2019;101
8;1;388785;06/05/2019;101
8;1;388786;04/05/2019;101
8;1;388787;07/05/2019;101
8;1;388788;07/05/2019;101
8;1;388789;07/05/2019;101
8;1;388790;07/05/2019;101
8;1;388791;07/05/2019;101
8;1;388792;08/05/2019;101
8;1;388793;08/05/2019;101
8;1;388794;08/05/2019;101
8;1;388795;08/05/2019;101
8;1;388796;08/05/2019;101
8;1;388797;08/05/2019;101
8;1;388798;08/05/2019;101
8;1;388799;08/05/2019;101
8;1;388800;08/05/2019;101
1417;1;388801;09/05/2019;101
8;1;388802;09/05/2019;101
8;1;388803;09/05/2019;101
8;1;388804;09/05/2019;101
8;1;388805;09/05/2019;101
8;1;388806;09/05/2019;101
8;1;388807;09/05/2019;101
8;1;388808;09/05/2019;101
8;1;388809;09/05/2019;101
8;1;388810;09/05/2019;101
8;1;388811;10/05/2019;101
8;1;388812;10/05/2019;101
8;1;388813;10/05/2019;101
8;1;388815;10/05/2019;101
8;1;388816;10/05/2019;101
8;1;388817;11/05/2019;101
8;1;388818;13/05/2019;101
8;1;388819;13/05/2019;101
8;1;388820;13/05/2019;101
8;1;388821;13/05/2019;101
8;1;388822;13/05/2019;103
8;1;388823;13/05/2019;101
8;1;388824;13/05/2019;103
8;1;388825;14/05/2019;101
8;1;388826;14/05/2019;101
8;1;388827;14/05/2019;101
8;1;388828;14/05/2019;101
8;1;388829;14/05/2019;101
8;1;388830;15/05/2019;101
8;1;388831;15/05/2019;101
8;1;388832;15/05/2019;101
8;1;388833;16/05/2019;101
8;1;388834;16/05/2019;101
8;1;388835;16/05/2019;101
8;1;388836;16/05/2019;101
8;1;388837;16/05/2019;101
8;1;388838;16/05/2019;101
8;1;388839;16/05/2019;101
8;1;388840;17/05/2019;101
8;1;388841;18/05/2019;101
8;1;388842;17/05/2019;101
8;1;388843;17/05/2019;101
8;1;388844;17/05/2019;101
8;1;388845;20/05/2019;103
8;1;388846;18/05/2019;101
8;1;388847;20/05/2019;101
8;1;388848;20/05/2019;101
8;1;388849;20/05/2019;101
8;1;388850;18/05/2019;101
8;1;388851;20/05/2019;101
8;1;388852;20/05/2019;101
8;1;388853;21/05/2019;101
4;1;388854;22/05/2019;101
8;1;388855;21/05/2019;101
8;1;388856;21/05/2019;101
8;1;388857;21/05/2019;101
8;1;388858;21/05/2019;101
8;1;388859;21/05/2019;101
8;1;388860;22/05/2019;101
8;1;388861;22/05/2019;101
8;1;388862;23/05/2019;101
8;1;388863;23/05/2019;101
8;1;388864;23/05/2019;101
8;1;388865;23/05/2019;101
8;1;388866;23/05/2019;101
8;1;388867;23/05/2019;101
8;1;388868;23/05/2019;101
8;1;388869;23/05/2019;101
8;1;388870;24/05/2019;101
8;1;388871;24/05/2019;101
8;1;388872;25/05/2019;101
8;1;388873;28/05/2019;101
8;1;388874;28/05/2019;101
8;1;388875;28/05/2019;101
8;1;388876;29/05/2019;101
8;1;388877;03/06/2019;101
8;1;388878;01/06/2019;101
8;1;388879;03/06/2019;101
8;1;388880;01/06/2019;101
8;1;388881;03/06/2019;101
8;1;388882;03/06/2019;101
8;1;388883;03/06/2019;101
8;1;388884;01/06/2019;101
8;1;388885;01/06/2019;101
8;1;388886;03/06/2019;101
8;1;388887;03/06/2019;101
8;1;388888;01/06/2019;101
8;1;388889;03/06/2019;101
8;1;388890;03/06/2019;101
8;1;388891;03/06/2019;101
8;1;388892;03/06/2019;103
8;1;388893;03/06/2019;103
8;1;388894;04/06/2019;101
8;1;388895;04/06/2019;101
8;1;388896;04/06/2019;101
8;1;388897;05/06/2019;101
8;1;388898;05/06/2019;101
8;1;388899;05/06/2019;101
8;1;388900;05/06/2019;101
8;1;388901;05/06/2019;101
8;1;388902;05/06/2019;101
8;1;388903;06/06/2019;101
8;1;388904;06/06/2019;101
8;1;388905;06/06/2019;101
8;1;388906;06/06/2019;101
8;1;388907;06/06/2019;101
8;1;388908;06/06/2019;101
8;1;388909;06/06/2019;101
8;1;388910;07/06/2019;101
8;1;388911;10/06/2019;101
8;1;388912;10/06/2019;103
8;1;388913;10/06/2019;101
8;1;388914;10/06/2019;101
8;1;388915;10/06/2019;101
8;1;388916;10/06/2019;101
8;1;388917;08/06/2019;101
8;1;388918;08/06/2019;101
8;1;388919;10/06/2019;101
8;1;388920;11/06/2019;101
8;1;388921;11/06/2019;101
8;1;388922;12/06/2019;101
8;1;388923;12/06/2019;101
8;1;388924;12/06/2019;101
8;1;388925;13/06/2019;101
8;1;388926;13/06/2019;101
8;1;388927;13/06/2019;101
8;1;388928;14/06/2019;101
8;1;388929;15/06/2019;101
8;1;388930;15/06/2019;101
8;1;388931;15/06/2019;101
8;1;388932;17/06/2019;101
8;1;388933;18/06/2019;103
8;1;388934;18/06/2019;101
8;1;388935;18/06/2019;101
8;1;388936;19/06/2019;101
8;1;388937;19/06/2019;101
8;1;388938;21/06/2019;101
8;1;388939;21/06/2019;101
8;1;388940;24/06/2019;101
8;1;388941;24/06/2019;101
8;1;388942;24/06/2019;101
8;1;388943;24/06/2019;101
8;1;388944;22/06/2019;101
8;1;388945;24/06/2019;101
8;1;388946;24/06/2019;101
8;1;388947;25/06/2019;101
8;1;388948;25/06/2019;101
8;1;388949;25/06/2019;101
8;1;388950;27/06/2019;101
8;1;388951;01/07/2019;101
8;1;388952;01/07/2019;101
8;1;388953;01/07/2019;101
8;1;388954;01/07/2019;101
8;1;388955;01/07/2019;101
8;1;388956;01/07/2019;101
8;1;388957;01/07/2019;101
8;1;388958;02/07/2019;101
8;1;388959;01/07/2019;101
8;1;388960;02/07/2019;101
8;1;388961;02/07/2019;101
8;1;388962;02/07/2019;101
8;1;388963;02/07/2019;101
8;1;388964;02/07/2019;101
8;1;388965;03/07/2019;101
8;1;388966;03/07/2019;101
8;1;388967;03/07/2019;101
8;1;388968;03/07/2019;101
8;1;388969;03/07/2019;101
8;1;388970;03/07/2019;101
8;1;388971;03/07/2019;101
8;1;388972;09/07/2019;101
8;1;388973;04/07/2019;101
8;1;388974;05/07/2019;101
8;1;388975;05/07/2019;101
8;1;388976;05/07/2019;101
8;1;388977;08/07/2019;101
8;1;388978;08/07/2019;101
8;1;388979;08/07/2019;101
8;1;388980;09/07/2019;101
8;1;388981;09/07/2019;101
8;1;388982;09/07/2019;101
8;1;388983;10/07/2019;101
8;1;388984;10/07/2019;101
8;1;388985;11/07/2019;101
8;1;388986;12/07/2019;101
8;1;388987;15/07/2019;101
8;1;388988;15/07/2019;101
8;1;388989;15/07/2019;101
8;1;388990;17/07/2019;101
8;1;388991;17/07/2019;101
8;1;388992;17/07/2019;101
8;1;388993;17/07/2019;101
8;1;388994;17/07/2019;101
8;1;388995;18/07/2019;101
8;1;388996;09/07/2019;101
8;1;388997;18/07/2019;101
8;1;388998;18/07/2019;101
8;1;388999;19/07/2019;101
8;1;389000;19/07/2019;101
8;1;389001;19/07/2019;101
8;1;389002;20/07/2019;101
8;1;389003;22/07/2019;101
8;1;389004;24/07/2019;101
8;1;389005;23/07/2019;101
8;1;389006;24/07/2019;101
8;1;389007;24/07/2019;101
8;1;389008;25/07/2019;101
8;1;389009;25/07/2019;101
8;1;389010;25/07/2019;101
8;1;389011;25/07/2019;101
8;1;389012;25/07/2019;101
8;1;389013;26/07/2019;101
8;1;389014;26/07/2019;101
8;1;389015;27/07/2019;101
8;1;389016;01/08/2019;101
8;1;389017;01/08/2019;101
276;1;389018;01/08/2019;103
8;1;389019;01/08/2019;101
8;1;389020;01/08/2019;103
8;1;389021;01/08/2019;101
8;1;389022;01/08/2019;101
8;1;389023;01/08/2019;101
8;1;389024;02/08/2019;103
8;1;389025;02/08/2019;101
8;1;389026;02/08/2019;101
8;1;389027;02/08/2019;101
8;1;389028;02/08/2019;101
8;1;389029;05/08/2019;101
8;1;389030;05/08/2019;101
8;1;389031;05/08/2019;101
8;1;389032;05/08/2019;101
8;1;389033;03/08/2019;101
8;1;389034;06/08/2019;101
8;1;389035;07/08/2019;101
8;1;389036;07/08/2019;101
8;1;389037;07/08/2019;101
8;1;389038;07/08/2019;101
8;1;389039;08/08/2019;101
8;1;389040;08/08/2019;103
8;1;389041;08/08/2019;103
8;1;389042;08/08/2019;101
8;1;389043;08/08/2019;101
8;1;389044;08/08/2019;101
8;1;389045;08/08/2019;101
8;1;389046;08/08/2019;101
8;1;389047;09/08/2019;101
8;1;389048;09/08/2019;101
8;1;389049;12/08/2019;101
8;1;389050;12/08/2019;101
8;1;389051;12/08/2019;101
4;1;389052;15/08/2019;101
4;1;389053;15/08/2019;101
8;1;389054;13/08/2019;101
8;1;389055;15/08/2019;101
8;1;389056;15/08/2019;101
4;1;389057;15/08/2019;101
8;1;389058;15/08/2019;101
8;1;389059;15/08/2019;101
8;1;389060;15/08/2019;101
4;1;389061;15/08/2019;101
8;1;389062;15/08/2019;101
8;1;389063;15/08/2019;101
8;1;389064;15/08/2019;101
8;1;389065;16/08/2019;101
8;1;389066;16/08/2019;101
8;1;389068;16/08/2019;101
8;1;389069;16/08/2019;101
8;1;389070;16/08/2019;101
8;1;389071;19/08/2019;101
8;1;389072;19/08/2019;101
8;1;389073;19/08/2019;101
8;1;389074;19/08/2019;101
8;1;389075;20/08/2019;101
8;1;389076;20/08/2019;101
8;1;389077;20/08/2019;101
8;1;389078;20/08/2019;101
8;1;389079;21/08/2019;101
8;1;389080;21/08/2019;101
8;1;389081;21/08/2019;101
8;1;389082;21/08/2019;101
8;1;389083;22/08/2019;101
8;1;389084;22/08/2019;101
8;1;389085;22/08/2019;101
8;1;389086;23/08/2019;101
8;1;389087;23/08/2019;101
8;1;389088;23/08/2019;101
8;1;389089;23/08/2019;101
8;1;389090;24/08/2019;101
8;1;389091;26/08/2019;101
8;1;389092;26/08/2019;101
8;1;389093;26/08/2019;101
8;1;389094;28/08/2019;101
8;1;389095;28/08/2019;101
8;1;389096;02/09/2019;101
8;1;389097;02/09/2019;103
8;1;389098;02/09/2019;101
8;1;389099;02/09/2019;101
8;1;389100;02/09/2019;101
8;1;389101;02/09/2019;101
8;1;389102;02/09/2019;101
8;1;389103;02/09/2019;101
8;1;389104;02/09/2019;101
8;1;389105;02/09/2019;101
8;1;389106;02/09/2019;101
8;1;389107;03/09/2019;101
8;1;389108;03/09/2019;101
8;1;389109;03/09/2019;101
8;1;389110;03/09/2019;101
8;1;389111;03/09/2019;101
8;1;389112;03/09/2019;101
8;1;389113;03/09/2019;101
8;1;389114;04/09/2019;101
8;1;389115;04/09/2019;101
8;1;389116;04/09/2019;101
8;1;389117;04/09/2019;101
8;1;389118;04/09/2019;101
8;1;389120;09/09/2019;101
8;1;389121;09/09/2019;101
8;1;389122;09/09/2019;101
8;1;389123;09/09/2019;101
8;1;389124;10/09/2019;101
8;1;389125;10/09/2019;101
8;1;389126;10/09/2019;101
8;1;389127;10/09/2019;101
8;1;389128;11/09/2019;101
8;1;389129;11/09/2019;101
8;1;389130;11/09/2019;101
8;1;389131;11/09/2019;101
8;1;389132;11/09/2019;101
8;1;389133;11/09/2019;101
8;1;389134;11/09/2019;101
8;1;389135;11/09/2019;101
8;1;389136;11/09/2019;101
8;1;389137;11/09/2019;101
8;1;389138;12/09/2019;101
8;1;389139;12/09/2019;101
8;1;389140;12/09/2019;101
8;1;389141;12/09/2019;101
8;1;389142;12/09/2019;101
8;1;389143;12/09/2019;101
8;1;389144;12/09/2019;101
8;1;389145;13/09/2019;101
8;1;389146;13/09/2019;101
8;1;389147;13/09/2019;101
8;1;389148;13/09/2019;101
8;1;389149;14/09/2019;101
8;1;389150;16/09/2019;101
8;1;389151;16/09/2019;101
8;1;389152;16/09/2019;101
8;1;389153;18/09/2019;101
8;1;389154;23/09/2019;101
8;1;389155;18/09/2019;101
8;1;389156;18/09/2019;101
8;1;389157;18/09/2019;101
8;1;389158;18/09/2019;101
8;1;389159;18/09/2019;101
8;1;389160;18/09/2019;101
8;1;389161;18/09/2019;101
8;1;389162;19/09/2019;101
8;1;389163;19/09/2019;101
8;1;389164;23/09/2019;101
8;1;389165;23/09/2019;101
8;1;389166;21/09/2019;101
8;1;389167;23/09/2019;101
8;1;389168;21/09/2019;101
8;1;389169;23/09/2019;101
8;1;389170;24/09/2019;101
8;1;389171;24/09/2019;101
8;1;389172;24/09/2019;101
8;1;389173;24/09/2019;101
8;1;389174;25/09/2019;101
8;1;389175;25/09/2019;101
8;1;389176;01/10/2019;101
8;1;389177;01/10/2019;101
8;1;389178;01/10/2019;101
8;1;389179;01/10/2019;101
8;1;389180;01/10/2019;101
8;1;389181;01/10/2019;101
8;1;389182;01/10/2019;101
8;1;389183;01/10/2019;101
8;1;389184;01/10/2019;101
8;1;389185;01/10/2019;103
8;1;389186;01/10/2019;101
276;1;389187;01/10/2019;101
8;1;389188;01/10/2019;101
8;1;389189;01/10/2019;101
8;1;389190;02/10/2019;101
8;1;389191;02/10/2019;101
8;1;389192;02/10/2019;101
8;1;389193;02/10/2019;101
8;1;389194;03/10/2019;101
8;1;389195;02/10/2019;101
8;1;389196;02/10/2019;101
8;1;389197;03/10/2019;101
8;1;389198;03/10/2019;101
8;1;389199;03/10/2019;101
8;1;389200;03/10/2019;101
8;1;389201;03/10/2019;101
8;1;389202;04/10/2019;101
8;1;389203;04/10/2019;101
8;1;389204;05/10/2019;101
8;1;389205;07/10/2019;103
8;1;389206;05/10/2019;101
8;1;389207;05/10/2019;101
8;1;389208;07/10/2019;101
8;1;389209;05/10/2019;101
8;1;389210;07/10/2019;101
8;1;389211;07/10/2019;101
8;1;389212;07/10/2019;101
8;1;389213;07/10/2019;101
8;1;389214;07/10/2019;101
8;1;389215;05/10/2019;101
282;1;389215;05/10/2019;101
8;1;389216;07/10/2019;101
8;1;389217;08/10/2019;101
8;1;389218;08/10/2019;101
8;1;389219;08/10/2019;101
8;1;389220;08/10/2019;101
4;1;389221;21/10/2019;103
4;1;389222;21/10/2019;101
8;1;389223;09/10/2019;101
8;1;389224;09/10/2019;101
8;1;389225;09/10/2019;101
8;1;389226;10/10/2019;101
8;1;389227;10/10/2019;101
8;1;389228;10/10/2019;101
8;1;389229;14/10/2019;101
8;1;389230;10/10/2019;101
8;1;389231;10/10/2019;101
8;1;389232;11/10/2019;101
8;1;389233;11/10/2019;101
8;1;389234;11/10/2019;103
8;1;389235;11/10/2019;101
8;1;389236;14/10/2019;101
8;1;389237;14/10/2019;101
8;1;389238;14/10/2019;101
8;1;389239;14/10/2019;101
8;1;389240;15/10/2019;101
8;1;389241;15/10/2019;101
8;1;389242;15/10/2019;101
8;1;389243;16/10/2019;103
8;1;389244;16/10/2019;101
8;1;389245;21/10/2019;103
8;1;389246;21/10/2019;103
8;1;389247;21/10/2019;101
8;1;389248;21/10/2019;103
8;1;389249;17/10/2019;101
8;1;389250;17/10/2019;101
8;1;389251;17/10/2019;101
8;1;389252;17/10/2019;101
8;1;389253;17/10/2019;101
8;1;389254;17/10/2019;101
8;1;389255;17/10/2019;101
8;1;389256;17/10/2019;101
8;1;389257;17/10/2019;101
8;1;389258;17/10/2019;101
8;1;389259;18/10/2019;101
8;1;389260;18/10/2019;103
8;1;389261;18/10/2019;101
8;1;389262;18/10/2019;101
8;1;389263;21/10/2019;101
8;1;389264;21/10/2019;101
8;1;389265;21/10/2019;101
8;1;389266;21/10/2019;101
8;1;389267;21/10/2019;103
8;1;389268;21/10/2019;101
8;1;389269;21/10/2019;103
8;1;389270;21/10/2019;103
8;1;389271;21/10/2019;103
8;1;389272;21/10/2019;103
8;1;389273;21/10/2019;103
8;1;389274;21/10/2019;103
8;1;389275;21/10/2019;103
8;1;389276;21/10/2019;103
8;1;389277;21/10/2019;103
8;1;389278;21/10/2019;101
8;1;389279;22/10/2019;101
8;1;389280;23/10/2019;101
8;1;389281;23/10/2019;101
8;1;389282;23/10/2019;101
8;1;389283;24/10/2019;101
8;1;389284;24/10/2019;101
8;1;389285;24/10/2019;101
8;1;389286;24/10/2019;101
8;1;389287;24/10/2019;101
8;1;389288;25/10/2019;101
8;1;389289;25/10/2019;101
8;1;389290;25/10/2019;101
8;1;389291;28/10/2019;103
8;1;389292;28/10/2019;103
8;1;389293;28/10/2019;101
8;1;389294;28/10/2019;103
8;1;389295;28/10/2019;101
8;1;389296;28/10/2019;101
8;1;389297;29/10/2019;101
8;1;389298;04/11/2019;101
8;1;389299;04/11/2019;101
8;1;389300;04/11/2019;101
8;1;389301;04/11/2019;101
8;1;389302;04/11/2019;101
8;1;389303;04/11/2019;101
8;1;389304;04/11/2019;101
8;1;389305;04/11/2019;101
8;1;389306;01/11/2019;103
8;1;389307;04/11/2019;101
8;1;389308;04/11/2019;101
8;1;389309;04/11/2019;101
8;1;389310;04/11/2019;101
8;1;389311;04/11/2019;103
8;1;389312;04/11/2019;101
8;1;389313;04/11/2019;103
8;1;389314;04/11/2019;101
8;1;389315;04/11/2019;101
8;1;389316;04/11/2019;101
8;1;389317;04/11/2019;101
4;1;389318;07/11/2019;101
4;1;389319;07/11/2019;101
8;1;389320;05/11/2019;103
8;1;389321;05/11/2019;103
8;1;389322;05/11/2019;101
8;1;389323;05/11/2019;103
8;1;389324;05/11/2019;101
8;1;389325;06/11/2019;101
8;1;389326;06/11/2019;101
8;1;389327;06/11/2019;101
8;1;389328;06/11/2019;101
8;1;389329;07/11/2019;101
8;1;389330;07/11/2019;101
8;1;389331;08/11/2019;101
8;1;389332;08/11/2019;101
8;1;389333;11/11/2019;101
8;1;389334;12/11/2019;101
8;1;389335;12/11/2019;101
8;1;389336;13/11/2019;101
8;1;389337;13/11/2019;101
8;1;389338;13/11/2019;101
8;1;389339;13/11/2019;101
8;1;389340;13/11/2019;101
8;1;389341;18/11/2019;101
8;1;389342;18/11/2019;101
8;1;389343;18/11/2019;101
8;1;389344;18/11/2019;101
8;1;389345;18/11/2019;101
8;1;389346;18/11/2019;101
8;1;389347;18/11/2019;101
8;1;389348;18/11/2019;101
8;1;389349;19/11/2019;101
8;1;389350;19/11/2019;101
8;1;389351;19/11/2019;101
8;1;389352;19/11/2019;101
8;1;389353;19/11/2019;101
1629;1;389354;20/11/2019;101
8;1;389355;20/11/2019;101
8;1;389356;21/11/2019;101
8;1;389357;21/11/2019;101
8;1;389358;21/11/2019;101
8;1;389359;21/11/2019;101
8;1;389360;25/11/2019;101
8;1;389361;22/11/2019;101
8;1;389362;22/11/2019;101
8;1;389363;22/11/2019;101
8;1;389364;22/11/2019;101
8;1;389365;25/11/2019;101
8;1;389366;25/11/2019;101
8;1;389367;25/11/2019;101
8;1;389368;25/11/2019;101
8;1;389369;25/11/2019;101
8;1;389370;25/11/2019;103
8;1;389371;26/11/2019;101
8;1;389372;02/12/2019;101
8;1;389373;02/12/2019;101
8;1;389374;02/12/2019;101
8;1;389375;02/12/2019;101
8;1;389376;02/12/2019;101
8;1;389377;02/12/2019;101
8;1;389378;02/12/2019;101
8;1;389379;02/12/2019;101
8;1;389380;02/12/2019;101
8;1;389381;02/12/2019;101
8;1;389382;02/12/2019;101
8;1;389383;02/12/2019;101
8;1;389384;02/12/2019;101
8;1;389385;02/12/2019;101
8;1;389386;02/12/2019;101
8;1;389387;03/12/2019;101
8;1;389388;03/12/2019;101
8;1;389389;03/12/2019;101
8;1;389390;03/12/2019;101
8;1;389391;03/12/2019;101
8;1;389392;05/12/2019;101
8;1;389393;05/12/2019;101
8;1;389394;06/12/2019;101
8;1;389395;09/12/2019;101
8;1;389396;06/12/2019;101
8;1;389397;06/12/2019;101
8;1;389398;09/12/2019;101
8;1;389399;09/12/2019;101
8;1;389400;06/12/2019;101
8;1;389401;09/12/2019;101
8;1;389402;09/12/2019;101
8;1;389403;09/12/2019;101
8;1;389404;10/12/2019;101
8;1;389405;10/12/2019;101
8;1;389406;11/12/2019;101
8;1;389407;11/12/2019;101
8;1;389408;11/12/2019;101
8;1;389409;11/12/2019;101
8;1;389410;11/12/2019;101
8;1;389411;12/12/2019;101
8;1;389412;12/12/2019;101
8;1;389413;12/12/2019;101
8;1;389414;12/12/2019;101
8;1;389415;12/12/2019;101
8;1;389416;12/12/2019;101
8;1;389417;13/12/2019;101
8;1;389418;13/12/2019;101
8;1;389419;13/12/2019;101
8;1;389420;13/12/2019;101
8;1;389421;13/12/2019;101
8;1;389422;13/12/2019;101
8;1;389423;13/12/2019;101
8;1;389424;13/12/2019;101
8;1;389425;16/12/2019;101
8;1;389426;16/12/2019;101
8;1;389427;16/12/2019;103
8;1;389428;16/12/2019;103
8;1;389429;16/12/2019;101
8;1;389430;16/12/2019;101
8;1;389431;16/12/2019;101
8;1;389432;18/12/2019;101
8;1;389433;18/12/2019;101
8;1;389434;18/12/2019;101
8;1;389435;18/12/2019;101
8;1;389436;18/12/2019;101
8;1;389437;18/12/2019;101
8;1;389438;18/12/2019;101
8;1;389439;18/12/2019;101
8;1;389440;18/12/2019;101
8;1;389441;19/12/2019;101
8;1;389442;19/12/2019;101
8;1;389443;19/12/2019;101
8;1;389444;19/12/2019;101
8;1;389445;20/12/2019;101
8;1;389446;20/12/2019;101
8;1;389447;23/12/2019;101
8;1;389448;23/12/2019;101
8;1;389449;23/12/2019;101
8;1;389450;23/12/2019;101
8;1;389451;23/12/2019;101
8;1;389452;21/12/2019;101
8;1;389453;26/12/2019;101
8;1;389454;26/12/2019;101
8;1;389455;26/12/2019;101
8;1;389456;26/12/2019;101
8;1;389457;26/12/2019;101
8;1;389458;26/12/2019;101
8;1;389459;26/12/2019;101
8;1;389460;26/12/2019;101
8;1;389461;26/12/2019;101
8;1;389462;26/12/2019;101
8;1;389463;02/01/2020;101
8;1;389464;02/01/2020;101
8;1;389465;02/01/2020;101
8;1;389466;02/01/2020;101
8;1;389467;02/01/2020;101
8;1;389468;02/01/2020;101
8;1;389469;02/01/2020;101
8;1;389470;02/01/2020;101
8;1;389471;02/01/2020;101
8;1;389472;02/01/2020;101
8;1;389473;06/01/2020;101
8;1;389474;06/01/2020;101
8;1;389475;07/01/2020;101
8;1;389476;07/01/2020;101
8;1;389477;08/01/2020;101
8;1;389478;08/01/2020;101
4;1;389479;13/01/2020;101
8;1;389480;09/01/2020;101
8;1;389481;09/01/2020;101
8;1;389482;09/01/2020;101
8;1;389483;10/01/2020;101
8;1;389484;13/01/2020;101
8;1;389485;14/01/2020;101
8;1;389486;14/01/2020;101
8;1;389487;14/01/2020;101
276;1;389488;15/01/2020;103
8;1;389489;15/01/2020;101
8;1;389490;16/01/2020;101
8;1;389491;16/01/2020;101
8;1;389492;16/01/2020;101
8;1;389493;16/01/2020;101
8;1;389494;16/01/2020;101
8;1;389495;16/01/2020;101
8;1;389496;16/01/2020;101
8;1;389497;16/01/2020;101
8;1;389498;17/01/2020;101
8;1;389499;20/01/2020;101
8;1;389500;20/01/2020;101
4;1;389501;20/01/2020;101
8;1;389502;20/01/2020;101
8;1;389503;21/01/2020;101
8;1;389504;21/01/2020;101
8;1;389505;22/01/2020;101
8;1;389506;23/01/2020;103
8;1;389507;23/01/2020;103
8;1;389508;23/01/2020;101
8;1;389509;23/01/2020;101
8;1;389510;23/01/2020;101
8;1;389511;23/01/2020;101
8;1;389512;23/01/2020;101
8;1;389513;23/01/2020;101
8;1;389514;23/01/2020;101
8;1;389515;05/02/2020;101
8;1;389516;23/01/2020;101
8;1;389517;24/01/2020;101
8;1;389518;27/01/2020;101
8;1;389519;27/01/2020;101
8;1;389520;03/02/2020;101
8;1;389521;03/02/2020;101
8;1;389522;03/02/2020;101
8;1;389523;03/02/2020;101
8;1;389524;03/02/2020;101
8;1;389525;03/02/2020;101
8;1;389526;03/02/2020;101
8;1;389527;03/02/2020;101
8;1;389528;03/02/2020;101
8;1;389529;03/02/2020;101
8;1;389530;03/02/2020;101
8;1;389531;03/02/2020;101
8;1;389532;03/02/2020;101
8;1;389533;03/02/2020;101
8;1;389534;03/02/2020;101
8;1;389535;03/02/2020;101
8;1;389536;03/02/2020;101
8;1;389537;04/02/2020;101
8;1;389538;04/02/2020;101
8;1;389539;04/02/2020;101
8;1;389540;05/02/2020;101
8;1;389541;05/02/2020;103
4;1;389542;05/02/2020;101
8;1;389543;05/02/2020;101
8;1;389544;05/02/2020;101
4;1;389545;05/02/2020;101
4;1;389546;05/02/2020;101
8;1;389547;05/02/2020;101
4;1;389548;05/02/2020;101
4;1;389549;05/02/2020;101
4;1;389550;05/02/2020;101
4;1;389551;05/02/2020;101
4;1;389552;05/02/2020;101
8;1;389553;06/02/2020;101
8;1;389554;06/02/2020;101
8;1;389555;06/02/2020;101
8;1;389556;07/02/2020;101
8;1;389557;07/02/2020;101
8;1;389558;07/02/2020;101
8;1;389559;07/02/2020;101
4;1;389560;12/02/2020;101
8;1;389561;10/02/2020;101
8;1;389562;10/02/2020;101
4;1;389563;12/02/2020;101
4;1;389564;12/02/2020;101
8;1;389565;10/02/2020;101
8;1;389566;12/02/2020;101
8;1;389567;12/02/2020;101
8;1;389568;12/02/2020;101
8;1;389569;12/02/2020;101
8;1;389570;12/02/2020;101
8;1;389571;12/02/2020;101
282;1;389572;12/02/2020;101
8;1;389573;12/02/2020;101
8;1;389575;13/02/2020;101
8;1;389576;13/02/2020;101
8;1;389577;14/02/2020;101
8;1;389578;14/02/2020;101
8;1;389579;14/02/2020;101
8;1;389580;17/02/2020;101
8;1;389581;17/02/2020;103
8;1;389582;18/02/2020;101
8;1;389583;19/02/2020;101
8;1;389584;19/02/2020;101
8;1;389585;19/02/2020;101
8;1;389586;20/02/2020;101
8;1;389587;20/02/2020;101
8;1;389588;20/02/2020;101
8;1;389589;20/02/2020;101
8;1;389590;20/02/2020;101
8;1;389591;20/02/2020;101
8;1;389592;21/02/2020;101
8;1;389593;21/02/2020;101
8;1;389594;26/02/2020;101
8;1;389595;24/02/2020;101
8;1;389596;24/02/2020;101
4;1;389597;04/03/2020;101
4;1;389598;04/03/2020;101
4;1;389599;04/03/2020;101
4;1;389600;04/03/2020;101
4;1;389601;11/03/2020;101
4;1;389602;04/03/2020;101
4;1;389603;04/03/2020;101
4;1;389604;04/03/2020;101
4;1;389605;04/03/2020;101
8;1;389606;02/03/2020;101
8;1;389607;02/03/2020;101
8;1;389608;02/03/2020;101
8;1;389609;02/03/2020;101
8;1;389610;02/03/2020;101
8;1;389611;02/03/2020;101
8;1;389612;03/03/2020;101
8;1;389613;03/03/2020;101
8;1;389614;03/03/2020;103
4;1;389615;04/03/2020;101
8;1;389616;04/03/2020;101
8;1;389617;04/03/2020;101
8;1;389618;04/03/2020;101
8;1;389619;04/03/2020;101
8;1;389620;04/03/2020;101
8;1;389621;04/03/2020;101
8;1;389622;04/03/2020;101
8;1;389623;04/03/2020;101
8;1;389624;04/03/2020;101
8;1;389625;06/03/2020;101
8;1;389626;09/03/2020;101
8;1;389627;09/03/2020;101
8;1;389628;09/03/2020;101
8;1;389629;09/03/2020;101
8;1;389630;10/03/2020;101
8;1;389631;11/03/2020;101
8;1;389632;11/03/2020;101
8;1;389633;11/03/2020;101
8;1;389634;12/03/2020;101
8;1;389635;12/03/2020;101
8;1;389636;12/03/2020;101
8;1;389637;12/03/2020;101
8;1;389638;14/03/2020;101
8;1;389639;13/03/2020;101
8;1;389640;13/03/2020;101
8;1;389641;13/03/2020;101
4;1;389642;17/03/2020;101
8;1;389643;16/03/2020;103
8;1;389644;16/03/2020;103
8;1;389645;16/03/2020;101
8;1;389646;16/03/2020;101
8;1;389647;17/03/2020;101
8;1;389648;17/03/2020;101
8;1;389649;17/03/2020;101
8;1;389650;18/03/2020;101
8;1;389651;17/03/2020;101
8;1;389652;18/03/2020;101
8;1;389654;19/03/2020;103
8;1;389655;19/03/2020;101
8;1;389656;19/03/2020;101
8;1;389657;19/03/2020;101
8;1;389658;14/04/2020;101
8;1;389659;15/04/2020;101
8;1;389660;20/04/2020;101
8;1;389661;23/04/2020;101
8;1;389662;27/04/2020;101
8;1;389663;09/05/2020;101
282;1;389664;07/05/2020;101
8;1;389665;07/05/2020;101
8;1;389666;07/05/2020;101
8;1;389667;07/05/2020;101
8;1;389669;14/05/2020;101
8;1;389670;14/05/2020;101
8;1;389671;14/05/2020;101
8;1;389672;15/05/2020;101
8;1;389673;16/05/2020;101
8;1;389674;19/05/2020;101
8;1;389675;20/05/2020;101
8;1;389676;20/05/2020;101
8;1;389677;21/05/2020;101
8;1;389678;21/05/2020;101
8;1;389679;21/05/2020;101
8;1;389680;21/05/2020;101
8;1;389681;22/05/2020;101
8;1;389682;25/05/2020;101
8;1;389683;25/05/2020;101
8;1;389684;25/05/2020;101
8;1;389685;25/05/2020;101
8;1;389686;26/05/2020;101
8;1;389687;16/06/2020;101
8;1;389688;01/06/2020;101
8;1;389689;01/06/2020;101
8;1;389690;01/06/2020;101
8;1;389691;01/06/2020;101
8;1;389692;01/06/2020;101
8;1;389693;01/06/2020;101
8;1;389694;01/06/2020;101
8;1;389695;02/06/2020;101
4;1;389696;02/06/2020;101
8;1;389697;01/06/2020;101
8;1;389698;01/06/2020;101
4;1;389699;02/06/2020;101
4;1;389700;02/06/2020;101
8;1;389701;02/06/2020;101
8;1;389702;02/06/2020;101
8;1;389703;03/06/2020;101
8;1;389704;03/06/2020;101
8;1;389705;03/06/2020;101
8;1;389706;04/06/2020;101
8;1;389707;04/06/2020;101
1629;1;389708;04/06/2020;101
8;1;389709;05/06/2020;101
8;1;389710;05/06/2020;101
8;1;389711;05/06/2020;101
8;1;389712;08/06/2020;101
8;1;389713;08/06/2020;101
8;1;389714;09/06/2020;101
4;1;389714;09/06/2020;101
4;1;389715;09/06/2020;101
8;1;389716;09/06/2020;101
4;1;389717;09/06/2020;101
8;1;389718;09/06/2020;101
4;1;389719;09/06/2020;101
8;1;389720;10/06/2020;101
8;1;389721;10/06/2020;101
8;1;389722;10/06/2020;101
8;1;389723;10/06/2020;101
8;1;389724;10/06/2020;101
8;1;389725;10/06/2020;101
8;1;389726;15/06/2020;101
8;1;389727;15/06/2020;101
8;1;389728;15/06/2020;101
8;1;389729;15/06/2020;101
8;1;389730;15/06/2020;101
8;1;389731;16/06/2020;101
8;1;389732;16/06/2020;101
8;1;389733;17/06/2020;101
8;1;389734;17/06/2020;101
8;1;389735;17/06/2020;101
8;1;389736;17/06/2020;101
8;1;389737;17/06/2020;101
8;1;389738;17/06/2020;101
8;1;389739;17/06/2020;101
8;1;389740;18/06/2020;101
8;1;389741;18/06/2020;101
8;1;389742;18/06/2020;101
8;1;389743;19/06/2020;101
8;1;389744;19/06/2020;101
8;1;389745;19/06/2020;901
8;1;389746;22/06/2020;101
8;1;389747;22/06/2020;103
8;1;389749;22/06/2020;101
8;1;389750;24/06/2020;101
8;1;389751;24/06/2020;101
8;1;389752;25/06/2020;101
8;1;389753;25/06/2020;101
8;1;389754;25/06/2020;101
8;1;389755;25/06/2020;101
8;1;389756;25/06/2020;101
8;1;389757;01/07/2020;101
8;1;389758;01/07/2020;101
8;1;389759;01/07/2020;101
8;1;389760;01/07/2020;101
8;1;389761;01/07/2020;101
8;1;389762;01/07/2020;101
8;1;389763;02/07/2020;101
8;1;389764;02/07/2020;101
8;1;389765;03/07/2020;101
8;1;389766;03/07/2020;101
8;1;389767;03/07/2020;101
8;1;389768;04/07/2020;101
8;1;389769;06/07/2020;101
8;1;389770;07/07/2020;101
8;1;389771;07/07/2020;101
8;1;389772;08/07/2020;101
8;1;389773;08/07/2020;101
8;1;389774;09/07/2020;101
8;1;389775;10/07/2020;101
8;1;389776;13/07/2020;101
8;1;389777;13/07/2020;101
8;1;389778;13/07/2020;101
8;1;389779;13/07/2020;101
8;1;389780;13/07/2020;101
8;1;389781;13/07/2020;103
8;1;389782;13/07/2020;101
8;1;389783;14/07/2020;101
8;1;389784;15/07/2020;101
8;1;389785;15/07/2020;101
8;1;389786;15/07/2020;101
8;1;389787;16/07/2020;101
8;1;389788;16/07/2020;101
8;1;389789;16/07/2020;101
8;1;389790;16/07/2020;101
8;1;389791;17/07/2020;101
8;1;389792;17/07/2020;101
8;1;389793;17/07/2020;101
8;1;389794;20/07/2020;101
8;1;389795;20/07/2020;101
8;1;389796;21/07/2020;101
8;1;389797;21/07/2020;101
8;1;389798;22/07/2020;101
8;1;389799;22/07/2020;101
8;1;389800;22/07/2020;101
8;1;389801;23/07/2020;101
8;1;389802;23/07/2020;101
8;1;389803;23/07/2020;101
8;1;389804;23/07/2020;101
8;1;389805;23/07/2020;101
8;1;389806;23/07/2020;101
8;1;389807;23/07/2020;101
8;1;389808;24/07/2020;101
8;1;389809;21/07/2020;722
8;1;389810;21/07/2020;722
8;1;389811;21/07/2020;722
8;1;389812;03/08/2020;101
8;1;389813;03/08/2020;101
8;1;389814;03/08/2020;103
8;1;389815;03/08/2020;101
8;1;389816;03/08/2020;101
8;1;389817;03/08/2020;101
8;1;389818;03/08/2020;101
8;1;389819;03/08/2020;101
8;1;389820;03/08/2020;101
8;1;389821;03/08/2020;101
8;1;389822;04/08/2020;101
8;1;389823;04/08/2020;101
8;1;389824;05/08/2020;101
8;1;389825;05/08/2020;101
8;1;389826;05/08/2020;101
8;1;389827;06/08/2020;101
8;1;389828;06/08/2020;101
8;1;389829;06/08/2020;101
8;1;389830;07/08/2020;101
8;1;389831;07/08/2020;101
8;1;389832;07/08/2020;101
8;1;389833;08/08/2020;101
8;1;389834;10/08/2020;101
8;1;389835;10/08/2020;101
8;1;389836;11/08/2020;101
8;1;389837;12/08/2020;101
8;1;389838;12/08/2020;101
8;1;389839;17/08/2020;101
8;1;389840;17/08/2020;101
8;1;389841;17/08/2020;103
8;1;389842;20/08/2020;101
8;1;389843;20/08/2020;101
8;1;389844;20/08/2020;101
8;1;389845;20/08/2020;101
8;1;389846;21/08/2020;101
8;1;389847;21/08/2020;101
8;1;389848;24/08/2020;101
8;1;389849;24/08/2020;101
8;1;389850;24/08/2020;101
8;1;389851;24/08/2020;101
8;1;389852;24/08/2020;101
8;1;389853;24/08/2020;101
8;1;389854;24/08/2020;101
8;1;389855;24/08/2020;101
8;1;389856;24/08/2020;101
8;1;389857;24/08/2020;103
8;1;389858;24/08/2020;103
8;1;389859;24/08/2020;101
8;1;389860;24/08/2020;101
8;1;389861;25/08/2020;101
8;1;389862;25/08/2020;101
8;1;389863;25/08/2020;101
8;1;389864;25/08/2020;101
8;1;389865;25/08/2020;101
8;1;389866;25/08/2020;101
8;1;389867;25/08/2020;101
4;1;389868;01/09/2020;101
8;1;389869;25/08/2020;101
8;1;389870;26/08/2020;101
4;1;389871;01/09/2020;101
8;1;389872;01/09/2020;101
8;1;389873;01/09/2020;101
8;1;389874;01/09/2020;101
8;1;389875;01/09/2020;101
8;1;389877;01/09/2020;103
8;1;389878;01/09/2020;101
4;1;389879;03/09/2020;101
8;1;389880;01/09/2020;101
8;1;389881;01/09/2020;101
8;1;389882;02/09/2020;101
8;1;389883;02/09/2020;101
8;1;389884;02/09/2020;101
8;1;389885;02/09/2020;101
8;1;389886;02/09/2020;101
8;1;389887;02/09/2020;103
8;1;389888;02/09/2020;101
8;1;389889;02/09/2020;101
8;1;389890;02/09/2020;101
8;1;389891;03/09/2020;101
8;1;389892;03/09/2020;101
8;1;389893;03/09/2020;101
8;1;389894;03/09/2020;101
8;1;389895;03/09/2020;101
8;1;389896;03/09/2020;101
8;1;389897;03/09/2020;101
8;1;389898;03/09/2020;101
8;1;389899;03/09/2020;101
8;1;389900;03/09/2020;101
8;1;389901;03/09/2020;101
8;1;389902;03/09/2020;101
8;1;389903;03/09/2020;101
8;1;389904;03/09/2020;101
8;1;389905;04/09/2020;101
8;1;389906;08/09/2020;101
8;1;389907;08/09/2020;101
8;1;389908;08/09/2020;101
8;1;389909;08/09/2020;101
8;1;389910;08/09/2020;101
8;1;389911;08/09/2020;101
8;1;389912;09/09/2020;101
8;1;389913;09/09/2020;101
8;1;389914;09/09/2020;101
8;1;389915;09/09/2020;101
8;1;389916;09/09/2020;101
8;1;389917;10/09/2020;101
8;1;389918;10/09/2020;101
8;1;389919;10/09/2020;101
8;1;389920;11/09/2020;101
8;1;389921;11/09/2020;101
8;1;389922;11/09/2020;101
8;1;389923;11/09/2020;101
8;1;389924;11/09/2020;101
8;1;389925;11/09/2020;101
8;1;389926;14/09/2020;101
8;1;389927;14/09/2020;101
8;1;389928;14/09/2020;101
8;1;389929;14/09/2020;103
8;1;389930;14/09/2020;101
8;1;389931;14/09/2020;103
8;1;389932;15/09/2020;101
8;1;389933;15/09/2020;101
8;1;389934;15/09/2020;101
8;1;389935;15/09/2020;101
8;1;389936;15/09/2020;101
8;1;389937;16/09/2020;101
8;1;389938;16/09/2020;101
8;1;389939;16/09/2020;101
8;1;389940;16/09/2020;101
8;1;389941;16/09/2020;101
8;1;389942;16/09/2020;101
8;1;389943;16/09/2020;101
8;1;389944;17/09/2020;101
8;1;389945;17/09/2020;101
8;1;389946;22/09/2020;101
8;1;389947;17/09/2020;101
8;1;389948;17/09/2020;101
8;1;389949;18/09/2020;101
8;1;389950;18/09/2020;101
8;1;389951;18/09/2020;101
8;1;389952;18/09/2020;103
8;1;389953;18/09/2020;101
8;1;389954;18/09/2020;101
8;1;389955;19/09/2020;101
8;1;389956;19/09/2020;101
8;1;389957;21/09/2020;101
8;1;389958;21/09/2020;101
8;1;389959;22/09/2020;101
8;1;389960;22/09/2020;101
8;1;389961;22/09/2020;101
8;1;389962;23/09/2020;101
8;1;389963;23/09/2020;101
8;1;389964;23/09/2020;101
8;1;389965;23/09/2020;101
8;1;389966;23/09/2020;101
8;1;389967;23/09/2020;101
8;1;389968;24/09/2020;101
8;1;389969;24/09/2020;101
8;1;389970;24/09/2020;101
8;1;389971;24/09/2020;103
8;1;389972;24/09/2020;101
8;1;389973;26/09/2020;101
8;1;389974;26/09/2020;101
8;1;389975;26/09/2020;101
8;1;389976;28/09/2020;901
8;1;389977;28/09/2020;901
4;1;389978;01/10/2020;101
4;1;389979;01/10/2020;101
4;1;389980;01/10/2020;101
4;1;389981;01/10/2020;101
8;1;389982;01/10/2020;101
8;1;389983;01/10/2020;101
8;1;389984;01/10/2020;101
8;1;389985;01/10/2020;103
8;1;389986;01/10/2020;101
8;1;389987;01/10/2020;103
8;1;389988;01/10/2020;101
8;1;389989;01/10/2020;103
8;1;389990;01/10/2020;103
8;1;389991;01/10/2020;101
8;1;389992;01/10/2020;101
8;1;389993;01/10/2020;101
8;1;389994;01/10/2020;901
8;1;389995;02/10/2020;101
8;1;389996;01/10/2020;101
8;1;389997;01/10/2020;101
8;1;389998;01/10/2020;101
8;1;389999;01/10/2020;101
8;1;390000;01/10/2020;101
8;1;390001;01/10/2020;101
8;1;390002;01/10/2020;101
8;1;390003;01/10/2020;101
8;1;390004;01/10/2020;101
8;1;390005;01/10/2020;101
8;1;390006;02/10/2020;101
8;1;390007;02/10/2020;101
8;1;390008;02/10/2020;101
8;1;390009;02/10/2020;101
8;1;390010;02/10/2020;101
8;1;390011;05/10/2020;101
8;1;390012;05/10/2020;101
8;1;390013;05/10/2020;101
4;1;390014;08/10/2020;101
8;1;390015;05/10/2020;101
276;1;390016;05/10/2020;101
8;1;390016;05/10/2020;101
8;1;390017;06/10/2020;101
4;1;390018;08/10/2020;101
8;1;390019;06/10/2020;101
8;1;390020;06/10/2020;101
8;1;390021;07/10/2020;101
8;1;390022;07/10/2020;101
8;1;390023;07/10/2020;101
8;1;390024;07/10/2020;101
8;1;390025;08/10/2020;101
8;1;390026;08/10/2020;101
8;1;390027;08/10/2020;101
8;1;390028;08/10/2020;101
8;1;390029;08/10/2020;101
8;1;390030;08/10/2020;101
8;1;390031;08/10/2020;101
8;1;390032;08/10/2020;101
8;1;390033;08/10/2020;101
8;1;390034;08/10/2020;101
8;1;390035;08/10/2020;101
8;1;390036;09/10/2020;101
8;1;390037;13/10/2020;101
8;1;390038;13/10/2020;101
4;1;390039;15/10/2020;101
8;1;390040;14/10/2020;101
8;1;390041;15/10/2020;103
8;1;390042;15/10/2020;101
8;1;390043;15/10/2020;101
8;1;390044;15/10/2020;101
8;1;390045;15/10/2020;101
8;1;390046;16/10/2020;101
8;1;390047;16/10/2020;101
8;1;390048;16/10/2020;101
8;1;390049;16/10/2020;101
8;1;390050;16/10/2020;101
8;1;390051;19/10/2020;101
282;1;390051;19/10/2020;101
8;1;390052;19/10/2020;103
8;1;390053;19/10/2020;101
8;1;390054;19/10/2020;101
8;1;390055;19/10/2020;101
8;1;390056;19/10/2020;103
8;1;390057;19/10/2020;101
8;1;390058;20/10/2020;101
8;1;390059;20/10/2020;101
8;1;390060;20/10/2020;103
8;1;390061;20/10/2020;103
8;1;390062;20/10/2020;101
8;1;390063;20/10/2020;101
8;1;390064;21/10/2020;101
8;1;390065;21/10/2020;101
8;1;390066;21/10/2020;101
8;1;390067;21/10/2020;101
8;1;390068;21/10/2020;101
8;1;390069;21/10/2020;101
8;1;390070;21/10/2020;101
8;1;390071;22/10/2020;101
8;1;390072;22/10/2020;101
8;1;390073;22/10/2020;101
8;1;390074;22/10/2020;101
8;1;390075;22/10/2020;101
8;1;390076;23/10/2020;101
8;1;390077;23/10/2020;101
8;1;390078;23/10/2020;101
8;1;390079;23/10/2020;101
8;1;390080;26/10/2020;101
8;1;390081;26/10/2020;101
8;1;390082;26/10/2020;101
8;1;390083;26/10/2020;101
8;1;390084;26/10/2020;101
8;1;390085;26/10/2020;101
8;1;390086;26/10/2020;101
8;1;390087;26/10/2020;101
4;1;390088;03/11/2020;101
4;1;390089;03/11/2020;101
4;1;390090;03/11/2020;101
4;1;390091;03/11/2020;101
8;1;390092;03/11/2020;101
8;1;390093;03/11/2020;101
8;1;390094;03/11/2020;101
8;1;390095;03/11/2020;101
8;1;390096;03/11/2020;101
8;1;390097;03/11/2020;101
8;1;390098;03/11/2020;101
8;1;390099;03/11/2020;101
8;1;390100;03/11/2020;101
8;1;390101;03/11/2020;101
8;1;390102;03/11/2020;101
4;1;390103;03/11/2020;101
8;1;390104;03/11/2020;101
8;1;390105;03/11/2020;101
8;1;390106;03/11/2020;101
8;1;390107;03/11/2020;101
8;1;390108;03/11/2020;101
8;1;390109;03/11/2020;101
8;1;390110;03/11/2020;101
8;1;390111;03/11/2020;101
8;1;390112;03/11/2020;101
8;1;390113;03/11/2020;101
8;1;390114;03/11/2020;101
8;1;390115;04/11/2020;101
8;1;390116;04/11/2020;101
8;1;390117;04/11/2020;101
8;1;390118;05/11/2020;101
8;1;390119;05/11/2020;101
8;1;390120;05/11/2020;101
8;1;390121;05/11/2020;101
8;1;390122;05/11/2020;101
8;1;390123;05/11/2020;101
8;1;390124;05/11/2020;101
8;1;390125;05/11/2020;101
8;1;390126;05/11/2020;101
8;1;390127;06/11/2020;101
8;1;390128;06/11/2020;101
8;1;390129;06/11/2020;101
8;1;390130;06/11/2020;101
8;1;390131;06/11/2020;101
8;1;390132;06/11/2020;101
8;1;390133;06/11/2020;101
8;1;390134;09/11/2020;101
8;1;390135;09/11/2020;103
8;1;390136;09/11/2020;101
8;1;390137;09/11/2020;101
8;1;390138;16/11/2020;103
8;1;390139;09/11/2020;103
8;1;390140;07/11/2020;101
8;1;390141;09/11/2020;101
8;1;390142;10/11/2020;101
8;1;390143;09/11/2020;101
8;1;390144;10/11/2020;101
8;1;390145;10/11/2020;101
8;1;390146;10/11/2020;101
8;1;390147;10/11/2020;101
8;1;390148;10/11/2020;101
8;1;390149;10/11/2020;101
8;1;390150;10/11/2020;101
8;1;390151;10/11/2020;101
8;1;390152;10/11/2020;101
8;1;390153;10/11/2020;101
8;1;390154;11/11/2020;101
8;1;390155;11/11/2020;101
8;1;390156;11/11/2020;101
8;1;390157;11/11/2020;101
8;1;390158;13/11/2020;101
8;1;390159;11/11/2020;101
8;1;390160;11/11/2020;101
8;1;390161;12/11/2020;101
8;1;390162;12/11/2020;101
8;1;390163;12/11/2020;101
8;1;390164;12/11/2020;101
8;1;390165;12/11/2020;101
8;1;390166;12/11/2020;101
8;1;390167;12/11/2020;101
8;1;390168;12/11/2020;101
8;1;390169;12/11/2020;101
8;1;390170;12/11/2020;101
8;1;390171;12/11/2020;101
8;1;390172;13/11/2020;101
8;1;390173;13/11/2020;101
8;1;390174;13/11/2020;101
8;1;390175;13/11/2020;101
8;1;390176;13/11/2020;101
8;1;390177;13/11/2020;101
8;1;390178;13/11/2020;101
8;1;390179;16/11/2020;101
8;1;390180;14/11/2020;101
8;1;390181;14/11/2020;101
8;1;390182;14/11/2020;101
8;1;390183;14/11/2020;101
8;1;390184;17/11/2020;101
8;1;390185;17/11/2020;101
8;1;390186;17/11/2020;101
8;1;390187;18/11/2020;101
8;1;390188;18/11/2020;101
8;1;390189;18/11/2020;101
8;1;390190;18/11/2020;101
8;1;390191;18/11/2020;101
8;1;390192;18/11/2020;101
8;1;390193;19/11/2020;101
8;1;390194;19/11/2020;101
8;1;390195;19/11/2020;101
8;1;390196;19/11/2020;103
8;1;390197;19/11/2020;101
8;1;390198;20/11/2020;101
8;1;390199;20/11/2020;101
8;1;390200;20/11/2020;101
8;1;390201;20/11/2020;101
8;1;390202;20/11/2020;101
8;1;390203;20/11/2020;101
8;1;390204;20/11/2020;101
4;1;390205;20/11/2020;101
8;1;390205;20/11/2020;101
8;1;390206;20/11/2020;101
8;1;390207;21/11/2020;101
8;1;390208;23/11/2020;101
8;1;390209;21/11/2020;101
8;1;390210;21/11/2020;101
8;1;390211;23/11/2020;101
8;1;390212;21/11/2020;101
8;1;390213;23/11/2020;101
8;1;390214;21/11/2020;101
8;1;390215;23/11/2020;101
8;1;390216;23/11/2020;101
8;1;390217;23/11/2020;101
8;1;390218;24/11/2020;101
8;1;390219;24/11/2020;101
8;1;390220;24/11/2020;101
8;1;390221;24/11/2020;101
8;1;390222;24/11/2020;101
8;1;390223;24/11/2020;101
8;1;390224;24/11/2020;101
8;1;390225;24/11/2020;101
8;1;390226;01/12/2020;101
8;1;390227;01/12/2020;101
8;1;390228;01/12/2020;101
8;1;390229;01/12/2020;101
8;1;390230;01/12/2020;101
8;1;390231;01/12/2020;101
8;1;390232;01/12/2020;103
8;1;390233;01/12/2020;101
8;1;390234;01/12/2020;101
8;1;390235;01/12/2020;101
8;1;390236;02/12/2020;101
8;1;390237;02/12/2020;101
8;1;390238;02/12/2020;101
8;1;390239;02/12/2020;101
8;1;390240;02/12/2020;101
8;1;390241;03/12/2020;101
8;1;390242;03/12/2020;101
8;1;390243;03/12/2020;101
8;1;390244;03/12/2020;101
8;1;390245;03/12/2020;101
8;1;390246;03/12/2020;101
8;1;390247;04/12/2020;101
8;1;390248;04/12/2020;101
8;1;390249;04/12/2020;101
8;1;390250;04/12/2020;101
8;1;390251;04/12/2020;101
8;1;390252;04/12/2020;101
8;1;390253;04/12/2020;101
4;1;390254;12/01/2021;101
8;1;390255;07/12/2020;101
8;1;390256;07/12/2020;101
8;1;390257;07/12/2020;101
8;1;390258;07/12/2020;101
8;1;390259;08/12/2020;101
8;1;390260;08/12/2020;101
8;1;390261;08/12/2020;101
8;1;390262;08/12/2020;101
8;1;390263;09/12/2020;101
8;1;390264;08/12/2020;101
8;1;390265;10/12/2020;101
8;1;390266;10/12/2020;101
8;1;390267;10/12/2020;101
8;1;390268;10/12/2020;101
8;1;390269;10/12/2020;101
4;1;390270;12/01/2021;101
8;1;390271;10/12/2020;101
8;1;390272;10/12/2020;101
4;1;390273;12/01/2021;101
4;1;390274;12/01/2021;101
4;1;390275;12/01/2021;101
4;1;390276;12/01/2021;101
8;1;390277;11/12/2020;101
8;1;390278;11/12/2020;101
8;1;390279;11/12/2020;101
8;1;390280;11/12/2020;101
8;1;390281;11/12/2020;101
8;1;390282;11/12/2020;101
8;1;390283;12/12/2020;101
8;1;390284;12/12/2020;101
8;1;390285;12/12/2020;101
8;1;390286;15/12/2020;101
8;1;390287;15/12/2020;101
8;1;390288;18/12/2020;101
8;1;390289;18/12/2020;101
8;1;390290;18/12/2020;101
8;1;390291;18/12/2020;101
8;1;390292;18/12/2020;101
1629;1;390293;18/12/2020;101
8;1;390294;19/12/2020;101
8;1;390295;19/12/2020;101
8;1;390296;21/12/2020;101
8;1;390297;19/12/2020;101
8;1;390298;19/12/2020;101
8;1;390300;19/12/2020;101
8;1;390301;19/12/2020;101
8;1;390302;19/12/2020;101
8;1;390303;19/12/2020;101
8;1;390304;19/12/2020;101
8;1;390305;21/12/2020;101
8;1;390306;22/12/2020;101
8;1;390307;22/12/2020;101
8;1;390308;22/12/2020;101
8;1;390309;22/12/2020;101
8;1;390310;23/12/2020;101
8;1;390311;23/12/2020;101
8;1;390312;02/01/2021;101
8;1;390314;02/01/2021;101
8;1;390315;04/01/2021;101
8;1;390316;02/01/2021;101
8;1;390317;02/01/2021;101
8;1;390318;02/01/2021;101
8;1;390319;02/01/2021;101
8;1;390320;04/01/2021;101
8;1;390321;04/01/2021;101
8;1;390322;05/01/2021;101
8;1;390323;05/01/2021;101
8;1;390324;05/01/2021;101
8;1;390325;05/01/2021;101
8;1;390326;06/01/2021;101
8;1;390327;06/01/2021;101
8;1;390328;06/01/2021;101
8;1;390329;06/01/2021;101
8;1;390330;07/01/2021;101
8;1;390331;07/01/2021;103
8;1;390332;07/01/2021;101
8;1;390333;07/01/2021;101
8;1;390334;07/01/2021;101
8;1;390335;07/01/2021;101
8;1;390336;07/01/2021;101
8;1;390337;07/01/2021;101
8;1;390338;07/01/2021;101
8;1;390339;08/01/2021;101
8;1;390340;08/01/2021;101
8;1;390341;09/01/2021;101
8;1;390342;09/01/2021;101
8;1;390343;09/01/2021;101
8;1;390344;09/01/2021;101
8;1;390345;12/01/2021;101
8;1;390346;13/01/2021;103
8;1;390347;14/01/2021;101
8;1;390348;14/01/2021;101
8;1;390349;14/01/2021;101
8;1;390350;14/01/2021;101
8;1;390351;14/01/2021;101
8;1;390352;15/01/2021;101
8;1;390353;15/01/2021;101
8;1;390354;18/01/2021;101
8;1;390355;16/01/2021;101
8;1;390356;18/01/2021;101
8;1;390357;16/01/2021;101
8;1;390358;19/01/2021;101
8;1;390359;19/01/2021;101
8;1;390360;19/01/2021;101
8;1;390361;20/01/2021;101
8;1;390362;20/01/2021;101
8;1;390363;21/01/2021;101
8;1;390364;21/01/2021;101
8;1;390365;21/01/2021;101
8;1;390366;21/01/2021;101
8;1;390367;21/01/2021;101
8;1;390368;21/01/2021;101
8;1;390369;21/01/2021;101
8;1;390370;21/01/2021;101
280;1;390371;18/01/2021;722
8;1;390372;23/01/2021;101
8;1;390373;23/01/2021;101
8;1;390374;01/02/2021;101
8;1;390375;01/02/2021;101
8;1;390376;01/02/2021;103
8;1;390377;01/02/2021;101
8;1;390378;01/02/2021;101
8;1;390379;01/02/2021;101
8;1;390380;01/02/2021;101
8;1;390381;01/02/2021;101
8;1;390382;01/02/2021;101
8;1;390383;01/02/2021;101
8;1;390384;03/02/2021;101
8;1;390385;03/02/2021;101
8;1;390386;03/02/2021;101
8;1;390387;03/02/2021;101
8;1;390388;04/02/2021;101
8;1;390389;04/02/2021;101
8;1;390390;04/02/2021;101
8;1;390391;04/02/2021;101
8;1;390392;04/02/2021;101
8;1;390393;04/02/2021;101
8;1;390394;05/02/2021;103
8;1;390395;05/02/2021;103
8;1;390396;08/02/2021;103
8;1;390397;08/02/2021;101
8;1;390398;09/02/2021;101
8;1;390399;09/02/2021;103
4;1;390400;17/02/2021;101
8;1;390401;10/02/2021;101
4;1;390402;17/02/2021;101
4;1;390403;17/02/2021;101
4;1;390404;17/02/2021;101
8;1;390405;10/02/2021;101
4;1;390406;17/02/2021;101
4;1;390407;22/02/2021;103
8;1;390408;10/02/2021;101
8;1;390409;10/02/2021;101
8;1;390410;10/02/2021;101
4;1;390411;17/02/2021;101
8;1;390412;11/02/2021;101
4;1;390413;17/02/2021;101
8;1;390414;11/02/2021;101
8;1;390415;11/02/2021;101
8;1;390416;11/02/2021;101
8;1;390417;11/02/2021;101
8;1;390418;11/02/2021;101
8;1;390419;11/02/2021;101
4;1;390420;17/02/2021;101
4;1;390421;17/02/2021;101
4;1;390422;17/02/2021;101
8;1;390423;12/02/2021;101
4;1;390424;17/02/2021;101
4;1;390425;17/02/2021;101
4;1;390426;17/02/2021;101
8;1;390427;12/02/2021;101
8;1;390428;12/02/2021;101
8;1;390429;12/02/2021;101
8;1;390430;12/02/2021;101
8;1;390431;15/02/2021;101
8;1;390432;17/02/2021;101
8;1;390433;17/02/2021;101
8;1;390434;17/02/2021;101
8;1;390435;18/02/2021;101
8;1;390436;18/02/2021;101
8;1;390437;18/02/2021;103
8;1;390438;18/02/2021;101
8;1;390439;19/02/2021;101
8;1;390440;22/02/2021;101
8;1;390441;22/02/2021;101
8;1;390442;20/02/2021;101
8;1;390443;22/02/2021;101
8;1;390444;22/02/2021;101
8;1;390445;03/03/2021;101
8;1;390446;04/03/2021;101
8;1;390447;03/03/2021;101
8;1;390448;03/03/2021;101
8;1;390449;03/03/2021;101
8;1;390450;03/03/2021;101
8;1;390451;05/03/2021;101
8;1;390452;08/03/2021;101
8;1;390453;08/03/2021;101
8;1;390454;08/03/2021;101
8;1;390455;08/03/2021;101
8;1;390456;08/03/2021;101
8;1;390457;08/03/2021;101
8;1;390458;08/03/2021;101
8;1;390459;08/03/2021;101
8;1;390460;08/03/2021;101
8;1;390461;08/03/2021;101
8;1;390462;08/03/2021;101
8;1;390463;08/03/2021;101
8;1;390464;08/03/2021;101
8;1;390465;08/03/2021;103
8;1;390466;08/03/2021;103
8;1;390467;08/03/2021;101
8;1;390468;08/03/2021;101
8;1;390469;08/03/2021;101
8;1;390470;08/03/2021;101
8;1;390471;09/03/2021;101
8;1;390472;09/03/2021;101
8;1;390473;09/03/2021;101
8;1;390474;10/03/2021;101
8;1;390475;10/03/2021;101
8;1;390476;10/03/2021;101
8;1;390477;10/03/2021;101
8;1;390478;10/03/2021;101
8;1;390479;11/03/2021;901
8;1;390480;12/03/2021;103
4;1;390481;18/03/2021;101
4;1;390483;18/03/2021;101
4;1;390484;18/03/2021;101
4;1;390485;18/03/2021;101
8;1;390486;15/03/2021;103
8;1;390487;15/03/2021;101
4;1;390488;18/03/2021;101
4;1;390489;18/03/2021;101
8;1;390490;17/03/2021;101
8;1;390491;17/03/2021;103
8;1;390492;17/03/2021;103
8;1;390493;19/03/2021;101
8;1;390494;19/03/2021;101
8;1;390495;19/03/2021;101
8;1;390496;22/03/2021;101
8;1;390497;22/03/2021;101
8;1;390498;22/03/2021;101
8;1;390499;22/03/2021;101
8;1;390500;22/03/2021;101
8;1;390501;22/03/2021;101
8;1;390502;22/03/2021;101
8;1;390503;22/03/2021;101
4;1;390504;24/03/2021;101
4;1;390505;24/03/2021;101
4;1;390506;24/03/2021;101
4;1;390507;24/03/2021;101
4;1;390508;24/03/2021;101
8;1;390509;23/03/2021;101
8;1;390510;23/03/2021;101
8;1;390511;23/03/2021;101
8;1;390512;24/03/2021;101
8;1;390513;24/03/2021;101
8;1;390514;24/03/2021;101
8;1;390515;24/03/2021;101
8;1;390516;25/03/2021;101
4;1;390517;05/04/2021;101
4;1;390518;05/04/2021;101
4;1;390519;05/04/2021;101
4;1;390520;05/04/2021;101
8;1;390521;01/04/2021;101
8;1;390522;01/04/2021;101
8;1;390523;01/04/2021;101
8;1;390524;01/04/2021;101
8;1;390525;05/04/2021;101
8;1;390526;05/04/2021;101
8;1;390527;05/04/2021;103
8;1;390528;05/04/2021;101
8;1;390529;05/04/2021;101
8;1;390530;05/04/2021;101
8;1;390531;05/04/2021;101
8;1;390532;05/04/2021;101
8;1;390533;05/04/2021;101
4;1;390534;05/04/2021;101
8;1;390535;05/04/2021;901
8;1;390536;03/04/2021;101
8;1;390537;03/04/2021;101
8;1;390538;03/04/2021;101
8;1;390539;03/04/2021;101
8;1;390540;03/04/2021;101
8;1;390541;06/04/2021;101
8;1;390542;06/04/2021;101
8;1;390543;06/04/2021;101
8;1;390544;06/04/2021;101
8;1;390545;06/04/2021;901
8;1;390546;06/04/2021;101
8;1;390547;06/04/2021;101
8;1;390548;08/04/2021;101
8;1;390549;07/04/2021;101
8;1;390550;07/04/2021;101
8;1;390551;07/04/2021;101
8;1;390552;08/04/2021;101
8;1;390553;08/04/2021;101
8;1;390554;09/04/2021;101
8;1;390555;09/04/2021;101
8;1;390556;09/04/2021;101
8;1;390557;09/04/2021;101
8;1;390558;10/04/2021;101
8;1;390559;12/04/2021;101
8;1;390560;12/04/2021;101
8;1;390561;12/04/2021;103
8;1;390562;12/04/2021;101
8;1;390563;12/04/2021;101
8;1;390564;10/04/2021;101
8;1;390565;12/04/2021;101
8;1;390566;12/04/2021;101
8;1;390567;13/04/2021;101
8;1;390568;14/04/2021;101
8;1;390569;14/04/2021;901
8;1;390570;15/04/2021;101
8;1;390571;15/04/2021;101
8;1;390572;15/04/2021;101
8;1;390573;16/04/2021;101
8;1;390574;16/04/2021;101
4;1;390575;19/04/2021;101
4;1;390576;19/04/2021;101
8;1;390577;19/04/2021;101
8;1;390578;19/04/2021;101
8;1;390579;19/04/2021;901
8;1;390580;20/04/2021;101
8;1;390581;20/04/2021;101
8;1;390582;20/04/2021;101
8;1;390583;20/04/2021;101
8;1;390584;20/04/2021;101
8;1;390585;20/04/2021;101
8;1;390586;20/04/2021;101
8;1;390587;22/04/2021;103
8;1;390588;22/04/2021;101
8;1;390589;22/04/2021;101
8;1;390590;23/04/2021;101
4;1;390591;26/04/2021;101
8;1;390592;26/04/2021;101
8;1;390593;26/04/2021;101
8;1;390594;26/04/2021;101
8;1;390595;26/04/2021;103
8;1;390596;26/04/2021;101
282;1;390597;27/04/2021;101
8;1;390597;27/04/2021;101
8;1;390598;27/04/2021;101
8;1;390599;27/04/2021;101
8;1;390600;27/04/2021;101
8;1;390601;03/05/2021;103
8;1;390602;03/05/2021;101
8;1;390603;04/05/2021;101
8;1;390604;03/05/2021;101
8;1;390605;03/05/2021;101
8;1;390606;03/05/2021;101
8;1;390607;03/05/2021;101
8;1;390608;03/05/2021;101
8;1;390609;03/05/2021;101
8;1;390610;04/05/2021;101
8;1;390611;04/05/2021;101
8;1;390612;04/05/2021;101
8;1;390613;04/05/2021;101
8;1;390614;04/05/2021;101
8;1;390615;04/05/2021;101
8;1;390616;03/05/2021;101
8;1;390617;03/05/2021;101
8;1;390618;03/05/2021;101
8;1;390619;03/05/2021;101
8;1;390620;03/05/2021;101
8;1;390621;04/05/2021;101
8;1;390622;04/05/2021;101
8;1;390623;04/05/2021;101
8;1;390624;04/05/2021;101
8;1;390625;04/05/2021;101
8;1;390626;11/05/2021;103
8;1;390627;11/05/2021;103
8;1;390628;10/05/2021;101
8;1;390629;10/05/2021;101
8;1;390630;10/05/2021;101
8;1;390631;10/05/2021;101
8;1;390632;10/05/2021;101
8;1;390633;10/05/2021;101
8;1;390634;08/05/2021;101
8;1;390635;10/05/2021;101
8;1;390636;10/05/2021;101
4;1;390637;11/05/2021;101
8;1;390638;10/05/2021;101
8;1;390639;10/05/2021;101
8;1;390640;08/05/2021;101
8;1;390641;08/05/2021;101
8;1;390642;08/05/2021;101
8;1;390643;08/05/2021;101
8;1;390644;08/05/2021;101
8;1;390645;10/05/2021;101
8;1;390646;11/05/2021;101
8;1;390647;11/05/2021;101
8;1;390648;11/05/2021;101
8;1;390649;11/05/2021;101
8;1;390650;11/05/2021;101
8;1;390651;11/05/2021;101
8;1;390652;11/05/2021;101
8;1;390653;11/05/2021;101
8;1;390654;12/05/2021;101
8;1;390655;12/05/2021;101
8;1;390656;12/05/2021;101
8;1;390657;12/05/2021;101
8;1;390658;13/05/2021;101
8;1;390659;12/05/2021;101
8;1;390660;13/05/2021;101
8;1;390661;13/05/2021;101
8;1;390662;13/05/2021;101
8;1;390663;13/05/2021;101
8;1;390664;13/05/2021;101
8;1;390665;14/05/2021;101
8;1;390666;14/05/2021;103
8;1;390667;14/05/2021;101
8;1;390668;14/05/2021;101
8;1;390669;14/05/2021;101
8;1;390670;14/05/2021;101
8;1;390671;15/05/2021;101
8;1;390672;15/05/2021;101
8;1;390673;17/05/2021;103
8;1;390674;15/05/2021;101
8;1;390675;18/05/2021;101
8;1;390676;19/05/2021;101
8;1;390677;18/05/2021;101
8;1;390678;18/05/2021;101
8;1;390679;18/05/2021;101
8;1;390680;18/05/2021;101
8;1;390681;17/05/2021;103
8;1;390682;19/05/2021;101
8;1;390683;19/05/2021;101
8;1;390684;19/05/2021;101
8;1;390685;19/05/2021;101
8;1;390686;19/05/2021;101
8;1;390687;19/05/2021;101
8;1;390688;19/05/2021;101
8;1;390689;19/05/2021;101
8;1;390690;19/05/2021;101
8;1;390691;19/05/2021;101
8;1;390692;20/05/2021;101
8;1;390693;20/05/2021;101
8;1;390694;20/05/2021;101
8;1;390695;20/05/2021;101
8;1;390696;21/05/2021;101
8;1;390697;21/05/2021;101
8;1;390698;21/05/2021;101
8;1;390699;21/05/2021;101
8;1;390700;21/05/2021;101
8;1;390701;24/05/2021;103
8;1;390702;24/05/2021;103
8;1;390703;24/05/2021;101
8;1;390704;24/05/2021;101
8;1;390705;24/05/2021;101
8;1;390706;24/05/2021;101
8;1;390707;24/05/2021;101
8;1;390708;24/05/2021;101
8;1;390709;24/05/2021;101
8;1;390710;24/05/2021;101
8;1;390711;25/05/2021;101
8;1;390712;25/05/2021;101
8;1;390713;25/05/2021;101
8;1;390714;25/05/2021;101
8;1;390715;25/05/2021;101
8;1;390716;25/05/2021;101
8;1;390717;25/05/2021;101
8;1;390718;25/05/2021;101
8;1;390719;01/06/2021;101
8;1;390720;01/06/2021;101
8;1;390721;01/06/2021;101
8;1;390722;01/06/2021;101
8;1;390723;01/06/2021;101
8;1;390724;01/06/2021;101
8;1;390725;01/06/2021;101
8;1;390726;01/06/2021;101
8;1;390727;01/06/2021;101
8;1;390728;01/06/2021;101
282;1;390729;01/06/2021;101
8;1;390730;01/06/2021;101
8;1;390731;01/06/2021;101
8;1;390732;01/06/2021;101
8;1;390733;01/06/2021;101
8;1;390734;01/06/2021;101
8;1;390735;01/06/2021;101
8;1;390736;01/06/2021;101
8;1;390737;01/06/2021;101
8;1;390738;01/06/2021;101
8;1;390739;01/06/2021;101
8;1;390740;01/06/2021;101
8;1;390741;01/06/2021;101
8;1;390742;01/06/2021;101
8;1;390743;01/06/2021;101
8;1;390744;01/06/2021;101
8;1;390745;02/06/2021;101
8;1;390746;02/06/2021;101
8;1;390747;02/06/2021;101
8;1;390748;02/06/2021;101
8;1;390749;02/06/2021;101
8;1;390750;02/06/2021;101
8;1;390751;02/06/2021;101
8;1;390752;02/06/2021;101
8;1;390753;02/06/2021;101
8;1;390754;02/06/2021;103
8;1;390755;04/06/2021;101
8;1;390756;04/06/2021;101
8;1;390757;04/06/2021;101
8;1;390759;04/06/2021;101
8;1;390760;04/06/2021;101
8;1;390761;04/06/2021;101
8;1;390762;04/06/2021;101
8;1;390763;04/06/2021;101
8;1;390764;07/06/2021;101
8;1;390765;07/06/2021;101
8;1;390766;07/06/2021;101
8;1;390767;07/06/2021;101
8;1;390768;07/06/2021;101
8;1;390769;07/06/2021;101
8;1;390770;07/06/2021;101
8;1;390771;07/06/2021;101
8;1;390772;08/06/2021;101
8;1;390773;08/06/2021;101
8;1;390774;09/06/2021;101
8;1;390775;09/06/2021;101
8;1;390776;09/06/2021;101
8;1;390777;09/06/2021;101
8;1;390778;09/06/2021;101
8;1;390779;09/06/2021;101
8;1;390780;10/06/2021;101
8;1;390781;10/06/2021;101
8;1;390782;10/06/2021;101
8;1;390783;16/06/2021;101
8;1;390784;11/06/2021;101
8;1;390785;11/06/2021;101
8;1;390786;11/06/2021;101
8;1;390787;11/06/2021;101
8;1;390788;11/06/2021;101
8;1;390789;11/06/2021;101
8;1;390790;11/06/2021;101
8;1;390791;11/06/2021;101
8;1;390792;11/06/2021;101
8;1;390793;12/06/2021;101
8;1;390794;12/06/2021;101
8;1;390795;12/06/2021;101
8;1;390796;14/06/2021;101
8;1;390797;14/06/2021;101
8;1;390798;14/06/2021;101
8;1;390799;14/06/2021;101
8;1;390800;14/06/2021;101
8;1;390801;14/06/2021;101
8;1;390802;14/06/2021;101
8;1;390803;16/06/2021;101
8;1;390804;14/06/2021;103
8;1;390805;12/06/2021;101
8;1;390806;12/06/2021;101
8;1;390807;15/06/2021;101
8;1;390808;16/06/2021;101
8;1;390809;16/06/2021;101
8;1;390810;16/06/2021;101
8;1;390811;16/06/2021;101
8;1;390812;16/06/2021;101
8;1;390813;16/06/2021;101
8;1;390814;16/06/2021;101
8;1;390815;16/06/2021;101
8;1;390816;17/06/2021;101
8;1;390817;17/06/2021;101
8;1;390818;17/06/2021;101
8;1;390819;17/06/2021;101
8;1;390820;18/06/2021;101
8;1;390821;21/06/2021;101
8;1;390822;21/06/2021;101
8;1;390823;21/06/2021;101
8;1;390824;21/06/2021;101
8;1;390825;21/06/2021;103
8;1;390826;21/06/2021;101
8;1;390827;21/06/2021;101
8;1;390828;21/06/2021;101
4;1;390828;21/06/2021;101
8;1;390829;21/06/2021;101
8;1;390830;21/06/2021;101
8;1;390831;21/06/2021;101
8;1;390832;21/06/2021;101
8;1;390833;21/06/2021;101
8;1;390834;21/06/2021;101
8;1;390835;21/06/2021;101
8;1;390836;21/06/2021;101
8;1;390837;21/06/2021;101
8;1;390838;21/06/2021;101
8;1;390839;21/06/2021;101
8;1;390840;22/06/2021;101
8;1;390841;22/06/2021;101
8;1;390842;22/06/2021;101
8;1;390843;22/06/2021;101
8;1;390844;22/06/2021;101
8;1;390845;22/06/2021;101
8;1;390846;22/06/2021;101
8;1;390847;22/06/2021;101
8;1;390848;22/06/2021;101
8;1;390849;22/06/2021;101
8;1;390850;22/06/2021;101
8;1;390851;22/06/2021;101
8;1;390852;22/06/2021;101
8;1;390853;23/06/2021;101
8;1;390854;23/06/2021;101
8;1;390855;23/06/2021;101
8;1;390856;23/06/2021;101
8;1;390857;23/06/2021;101
8;1;390858;23/06/2021;101
8;1;390859;23/06/2021;101
8;1;390860;24/06/2021;101
8;1;390861;24/06/2021;101
8;1;390862;24/06/2021;101
8;1;390863;24/06/2021;101
8;1;390864;25/06/2021;101
8;1;390865;25/06/2021;101
8;1;390866;25/06/2021;101
8;1;390867;25/06/2021;101
8;1;390868;25/06/2021;103
8;1;390869;25/06/2021;101
8;1;390870;28/06/2021;103
8;1;390871;28/06/2021;103
8;1;390872;28/06/2021;103
8;1;390873;28/06/2021;103
8;1;390874;28/06/2021;103
8;1;390875;28/06/2021;103
8;1;390876;01/07/2021;101
8;1;390877;12/07/2021;103
8;1;390878;01/07/2021;101
8;1;390879;01/07/2021;101
8;1;390880;01/07/2021;101
8;1;390881;01/07/2021;101
8;1;390882;01/07/2021;101
8;1;390883;01/07/2021;101
8;1;390884;01/07/2021;101
8;1;390885;01/07/2021;101
8;1;390886;01/07/2021;101
8;1;390887;01/07/2021;101
8;1;390888;01/07/2021;101
8;1;390889;01/07/2021;101
8;1;390890;01/07/2021;103
8;1;390891;01/07/2021;101
8;1;390892;02/07/2021;101
8;1;390893;06/07/2021;101
8;1;390894;02/07/2021;101
8;1;390895;02/07/2021;101
8;1;390896;02/07/2021;101
8;1;390897;02/07/2021;101
8;1;390898;02/07/2021;101
8;1;390899;02/07/2021;101
8;1;390900;02/07/2021;101
8;1;390901;02/07/2021;101
8;1;390902;02/07/2021;101
8;1;390903;02/07/2021;101
8;1;390904;05/07/2021;101
8;1;390905;05/07/2021;101
8;1;390906;05/07/2021;101
8;1;390907;05/07/2021;101
8;1;390908;05/07/2021;101
8;1;390909;05/07/2021;101
8;1;390910;05/07/2021;101
8;1;390911;05/07/2021;101
8;1;390912;05/07/2021;101
8;1;390913;03/07/2021;101
8;1;390914;05/07/2021;101
8;1;390915;05/07/2021;101
8;1;390916;05/07/2021;101
8;1;390917;05/07/2021;101
8;1;390918;05/07/2021;101
8;1;390919;03/07/2021;101
8;1;390920;05/07/2021;101
8;1;390921;05/07/2021;101
8;1;390922;06/07/2021;101
8;1;390923;06/07/2021;101
8;1;390924;07/07/2021;101
8;1;390925;07/07/2021;101
8;1;390926;07/07/2021;101
8;1;390927;07/07/2021;101
8;1;390928;08/07/2021;101
8;1;390929;08/07/2021;101
8;1;390930;08/07/2021;101
8;1;390931;08/07/2021;101
8;1;390932;08/07/2021;101
8;1;390933;08/07/2021;101
8;1;390934;08/07/2021;101
8;1;390935;08/07/2021;101
8;1;390936;09/07/2021;101
8;1;390937;09/07/2021;101
8;1;390938;09/07/2021;101
8;1;390939;09/07/2021;101
8;1;390940;09/07/2021;101
8;1;390941;09/07/2021;101
8;1;390942;09/07/2021;101
8;1;390943;12/07/2021;103
8;1;390944;12/07/2021;101
8;1;390945;12/07/2021;101
8;1;390946;12/07/2021;101
8;1;390947;10/07/2021;101
8;1;390948;12/07/2021;101
8;1;390949;12/07/2021;101
8;1;390950;12/07/2021;101
8;1;390951;12/07/2021;101
8;1;390952;12/07/2021;101
8;1;390953;12/07/2021;103
8;1;390954;13/07/2021;101
8;1;390955;13/07/2021;101
8;1;390956;13/07/2021;101
8;1;390957;14/07/2021;101
8;1;390958;14/07/2021;101
8;1;390959;14/07/2021;101
8;1;390960;14/07/2021;101
8;1;390961;14/07/2021;101
8;1;390962;14/07/2021;101
8;1;390963;14/07/2021;101
8;1;390964;15/07/2021;101
8;1;390965;16/07/2021;101
8;1;390966;15/07/2021;101
8;1;390967;15/07/2021;101
8;1;390968;16/07/2021;101
8;1;390969;16/07/2021;101
8;1;390970;16/07/2021;101
8;1;390971;16/07/2021;101
8;1;390972;16/07/2021;101
8;1;390973;16/07/2021;101
8;1;390974;19/07/2021;101
8;1;390975;19/07/2021;101
8;1;390976;19/07/2021;101
8;1;390977;17/07/2021;101
8;1;390978;17/07/2021;101
8;1;390979;19/07/2021;101
8;1;390980;19/07/2021;101
8;1;390981;20/07/2021;101
8;1;390982;20/07/2021;101
8;1;390983;20/07/2021;101
8;1;390984;20/07/2021;101
8;1;390985;20/07/2021;101
8;1;390986;21/07/2021;101
8;1;390987;21/07/2021;101
8;1;390988;21/07/2021;101
8;1;390989;21/07/2021;101
8;1;390990;21/07/2021;101
8;1;390991;22/07/2021;103
8;1;390992;22/07/2021;101
8;1;390993;22/07/2021;101
8;1;390994;22/07/2021;101
8;1;390995;22/07/2021;101
8;1;390996;22/07/2021;101
8;1;390997;23/07/2021;101
8;1;390998;23/07/2021;101
8;1;390999;23/07/2021;101
8;1;391000;26/07/2021;101
8;1;391001;26/07/2021;101
4;1;391002;27/07/2021;101
4;1;391003;27/07/2021;101
8;1;391004;26/07/2021;101
8;1;391005;26/07/2021;101
8;1;391006;26/07/2021;101
8;1;391007;26/07/2021;101
8;1;391008;26/07/2021;101
8;1;391009;24/07/2021;101
4;1;391010;27/07/2021;101
8;1;391011;27/07/2021;101
8;1;391012;27/07/2021;101
8;1;391013;27/07/2021;101
8;1;391014;27/07/2021;101
8;1;391015;27/07/2021;101
8;1;391016;02/08/2021;101
8;1;391017;02/08/2021;101
8;1;391018;02/08/2021;101
8;1;391019;02/08/2021;101
8;1;391020;02/08/2021;101
8;1;391021;02/08/2021;101
8;1;391022;02/08/2021;101
8;1;391023;02/08/2021;101
8;1;391025;02/08/2021;101
8;1;391026;02/08/2021;101
8;1;391027;02/08/2021;101
8;1;391028;02/08/2021;101
8;1;391029;02/08/2021;101
8;1;391030;02/08/2021;101
8;1;391031;02/08/2021;101
8;1;391032;02/08/2021;101
8;1;391033;02/08/2021;901
8;1;391034;02/08/2021;101
8;1;391035;02/08/2021;103
8;1;391036;03/08/2021;101
8;1;391037;03/08/2021;101
8;1;391038;03/08/2021;101
8;1;391039;03/08/2021;101
8;1;391040;03/08/2021;101
8;1;391041;03/08/2021;101
8;1;391042;03/08/2021;101
8;1;391043;03/08/2021;101
8;1;391044;03/08/2021;101
8;1;391045;03/08/2021;101
8;1;391046;03/08/2021;101
8;1;391047;03/08/2021;101
8;1;391048;03/08/2021;101
8;1;391049;03/08/2021;101
8;1;391050;04/08/2021;101
8;1;391051;04/08/2021;101
8;1;391052;04/08/2021;101
8;1;391053;04/08/2021;101
8;1;391054;04/08/2021;101
8;1;391055;04/08/2021;101
8;1;391056;05/08/2021;101
8;1;391057;05/08/2021;101
8;1;391058;05/08/2021;101
8;1;391059;05/08/2021;101
8;1;391060;05/08/2021;101
8;1;391061;05/08/2021;101
8;1;391062;05/08/2021;101
8;1;391063;05/08/2021;101
8;1;391064;05/08/2021;101
8;1;391065;09/08/2021;101
8;1;391066;09/08/2021;101
8;1;391067;06/08/2021;101
8;1;391068;09/08/2021;101
8;1;391069;16/08/2021;101
8;1;391070;09/08/2021;101
8;1;391071;06/08/2021;101
8;1;391072;06/08/2021;101
8;1;391073;07/08/2021;101
8;1;391074;09/08/2021;101
8;1;391075;07/08/2021;101
8;1;391076;09/08/2021;103
8;1;391077;07/08/2021;101
8;1;391078;09/08/2021;103
8;1;391079;09/08/2021;101
8;1;391080;09/08/2021;101
8;1;391081;09/08/2021;101
8;1;391082;16/08/2021;101
8;1;391083;09/08/2021;101
8;1;391084;09/08/2021;101
8;1;391085;09/08/2021;101
8;1;391086;09/08/2021;103
8;1;391087;10/08/2021;101
8;1;391088;10/08/2021;101
8;1;391089;10/08/2021;101
8;1;391090;20/08/2021;101
8;1;391091;11/08/2021;101
8;1;391092;11/08/2021;101
8;1;391093;12/08/2021;101
8;1;391094;12/08/2021;101
8;1;391095;12/08/2021;101
8;1;391096;12/08/2021;101
8;1;391097;16/08/2021;101
8;1;391098;16/08/2021;101
8;1;391099;16/08/2021;101
8;1;391100;16/08/2021;101
8;1;391101;16/08/2021;101
8;1;391102;13/08/2021;101
8;1;391103;13/08/2021;101
8;1;391104;13/08/2021;101
8;1;391105;13/08/2021;101
8;1;391106;13/08/2021;101
8;1;391107;16/08/2021;101
8;1;391108;16/08/2021;101
8;1;391109;16/08/2021;101
8;1;391110;14/08/2021;101
8;1;391111;16/08/2021;101
8;1;391112;16/08/2021;101
8;1;391113;16/08/2021;101
8;1;391114;16/08/2021;101
8;1;391115;16/08/2021;101
8;1;391116;16/08/2021;101
8;1;391117;17/08/2021;101
8;1;391118;17/08/2021;101
8;1;391119;17/08/2021;101
8;1;391120;17/08/2021;101
8;1;391121;17/08/2021;101
8;1;391122;18/08/2021;101
8;1;391123;18/08/2021;101
8;1;391124;18/08/2021;101
8;1;391125;18/08/2021;101
8;1;391126;18/08/2021;101
8;1;391127;18/08/2021;101
8;1;391128;18/08/2021;101
8;1;391129;18/08/2021;101
8;1;391130;18/08/2021;101
8;1;391131;18/08/2021;101
8;1;391132;18/08/2021;101
8;1;391133;19/08/2021;101
8;1;391134;18/08/2021;101
8;1;391135;19/08/2021;101
8;1;391136;18/08/2021;101
8;1;391137;18/08/2021;101
8;1;391138;18/08/2021;101
8;1;391139;18/08/2021;101
8;1;391140;18/08/2021;101
8;1;391141;18/08/2021;101
8;1;391142;20/08/2021;101
8;1;391143;19/08/2021;101
8;1;391144;20/08/2021;101
8;1;391145;20/08/2021;101
8;1;391146;23/08/2021;101
8;1;391147;23/08/2021;101
8;1;391148;23/08/2021;101
8;1;391149;23/08/2021;101
8;1;391150;20/08/2021;101
8;1;391151;20/08/2021;101
8;1;391152;23/08/2021;103
8;1;391153;21/08/2021;101
8;1;391154;21/08/2021;101
8;1;391155;23/08/2021;101
8;1;391156;24/08/2021;101
8;1;391157;24/08/2021;101
8;1;391158;24/08/2021;101
8;1;391159;24/08/2021;101
276;1;391160;24/08/2021;101
8;1;391161;25/08/2021;101
8;1;391162;25/08/2021;101
8;1;391163;25/08/2021;101
8;1;391164;25/08/2021;101
8;1;391165;01/09/2021;101
8;1;391166;01/09/2021;103
8;1;391167;01/09/2021;101
8;1;391168;01/09/2021;101
8;1;391169;01/09/2021;101
8;1;391170;01/09/2021;101
8;1;391171;01/09/2021;103
8;1;391172;01/09/2021;101
8;1;391173;01/09/2021;101
8;1;391174;23/11/2021;101
8;1;391177;01/09/2021;101
8;1;391178;01/09/2021;101
8;1;391179;01/09/2021;101
8;1;391180;01/09/2021;101
8;1;391181;01/09/2021;101
8;1;391182;01/09/2021;101
8;1;391183;01/09/2021;101
8;1;391184;01/09/2021;101
8;1;391185;01/09/2021;101
8;1;391186;01/09/2021;101
8;1;391187;01/09/2021;101
8;1;391188;01/09/2021;101
8;1;391189;02/09/2021;101
8;1;391190;02/09/2021;101
8;1;391191;03/09/2021;101
8;1;391192;03/09/2021;101
8;1;391193;03/09/2021;101
8;1;391194;03/09/2021;101
8;1;391195;06/09/2021;101
8;1;391196;06/09/2021;101
8;1;391197;06/09/2021;101
8;1;391198;06/09/2021;101
8;1;391199;06/09/2021;101
8;1;391200;08/09/2021;101
8;1;391201;08/09/2021;101
8;1;391202;08/09/2021;101
8;1;391203;08/09/2021;101
8;1;391204;08/09/2021;101
8;1;391205;08/09/2021;101
8;1;391206;08/09/2021;101
8;1;391207;08/09/2021;101
8;1;391208;08/09/2021;101
8;1;391209;08/09/2021;101
8;1;391210;08/09/2021;101
8;1;391211;08/09/2021;101
8;1;391212;08/09/2021;101
8;1;391213;09/09/2021;101
8;1;391214;09/09/2021;101
8;1;391215;09/09/2021;101
8;1;391216;10/09/2021;101
8;1;391217;10/09/2021;101
8;1;391218;10/09/2021;101
8;1;391219;10/09/2021;101
8;1;391220;10/09/2021;101
8;1;391221;10/09/2021;101
8;1;391222;13/09/2021;101
8;1;391223;13/09/2021;103
8;1;391224;13/09/2021;101
8;1;391225;13/09/2021;101
8;1;391226;13/09/2021;101
8;1;391227;13/09/2021;101
8;1;391228;13/09/2021;101
8;1;391229;13/09/2021;101
8;1;391230;13/09/2021;101
8;1;391231;13/09/2021;101
8;1;391232;13/09/2021;101
8;1;391233;14/09/2021;101
8;1;391234;14/09/2021;101
8;1;391235;14/09/2021;101
8;1;391236;14/09/2021;101
8;1;391237;14/09/2021;101
4;1;391238;27/09/2021;103
8;1;391239;15/09/2021;101
8;1;391240;15/09/2021;101
8;1;391241;15/09/2021;101
8;1;391242;15/09/2021;101
8;1;391243;15/09/2021;101
8;1;391244;15/09/2021;101
8;1;391245;15/09/2021;101
8;1;391246;16/09/2021;101
4;1;391247;27/09/2021;103
8;1;391248;16/09/2021;101
8;1;391249;16/09/2021;101
8;1;391250;22/09/2021;901
8;1;391252;21/09/2021;101
8;1;391253;21/09/2021;101
8;1;391254;21/09/2021;101
8;1;391255;22/09/2021;101
8;1;391256;20/09/2021;101
8;1;391257;20/09/2021;101
8;1;391258;21/09/2021;101
8;1;391259;21/09/2021;101
8;1;391260;21/09/2021;101
8;1;391261;21/09/2021;101
8;1;391262;22/09/2021;101
8;1;391263;22/09/2021;101
8;1;391265;22/09/2021;101
8;1;391266;22/09/2021;101
8;1;391267;22/09/2021;101
8;1;391268;23/09/2021;101
8;1;391269;23/09/2021;101
8;1;391270;24/09/2021;101
8;1;391271;27/09/2021;103
8;1;391272;27/09/2021;101
4;1;391273;04/10/2021;101
8;1;391274;27/09/2021;101
8;1;391275;27/09/2021;901
8;1;391276;27/09/2021;101
8;1;391277;27/09/2021;101
8;1;391278;25/09/2021;101
8;1;391279;27/09/2021;103
8;1;391280;25/09/2021;101
8;1;391281;25/09/2021;101
8;1;391282;25/09/2021;101
8;1;391283;25/09/2021;101
8;1;391284;27/09/2021;103
8;1;391285;25/09/2021;101
8;1;391286;27/09/2021;101
8;1;391287;27/09/2021;103
8;1;391288;27/09/2021;103
4;1;391289;04/10/2021;101
8;1;391290;27/09/2021;101
4;1;391291;04/10/2021;101
8;1;391292;27/09/2021;103
8;1;391293;27/09/2021;103
8;1;391294;27/09/2021;103
8;1;391295;27/09/2021;103
8;1;391296;27/09/2021;103
8;1;391297;27/09/2021;103
8;1;391298;27/09/2021;103
8;1;391299;27/09/2021;103
8;1;391300;27/09/2021;103
8;1;391301;27/09/2021;103
8;1;391302;27/09/2021;103
8;1;391303;27/09/2021;103
8;1;391304;27/09/2021;103
8;1;391305;01/10/2021;101
8;1;391306;01/10/2021;101
8;1;391307;01/10/2021;101
8;1;391308;01/10/2021;101
8;1;391309;01/10/2021;101
8;1;391310;01/10/2021;101
8;1;391311;01/10/2021;101
8;1;391312;01/10/2021;101
8;1;391313;01/10/2021;101
8;1;391314;01/10/2021;101
8;1;391315;01/10/2021;101
8;1;391316;01/10/2021;101
8;1;391317;01/10/2021;101
8;1;391318;01/10/2021;101
8;1;391319;01/10/2021;101
8;1;391320;01/10/2021;901
8;1;391321;04/10/2021;101
8;1;391322;04/10/2021;101
8;1;391323;04/10/2021;101
8;1;391324;04/10/2021;101
8;1;391325;04/10/2021;101
8;1;391326;04/10/2021;101
8;1;391327;04/10/2021;101
8;1;391328;04/10/2021;101
8;1;391329;04/10/2021;101
8;1;391330;04/10/2021;101
8;1;391331;04/10/2021;101
8;1;391332;04/10/2021;101
8;1;391333;04/10/2021;101
8;1;391334;04/10/2021;101
8;1;391335;04/10/2021;101
8;1;391336;04/10/2021;101
8;1;391337;02/10/2021;101
8;1;391338;04/10/2021;103
8;1;391339;04/10/2021;103
8;1;391340;04/10/2021;101
8;1;391341;05/10/2021;101
8;1;391342;05/10/2021;101
8;1;391343;05/10/2021;101
8;1;391344;05/10/2021;101
8;1;391345;05/10/2021;101
8;1;391346;06/10/2021;101
8;1;391347;06/10/2021;101
8;1;391348;07/10/2021;101
8;1;391349;07/10/2021;101
8;1;391350;07/10/2021;101
8;1;391351;07/10/2021;101
8;1;391352;07/10/2021;101
8;1;391353;08/10/2021;101
8;1;391354;08/10/2021;101
8;1;391355;13/10/2021;101
8;1;391356;08/10/2021;101
8;1;391357;08/10/2021;101
8;1;391358;09/10/2021;101
8;1;391359;11/10/2021;101
8;1;391360;11/10/2021;101
8;1;391361;11/10/2021;101
8;1;391362;11/10/2021;101
8;1;391363;11/10/2021;101
8;1;391364;09/10/2021;101
8;1;391365;11/10/2021;101
8;1;391366;15/10/2021;101
8;1;391367;13/10/2021;101
8;1;391368;13/10/2021;101
8;1;391369;14/10/2021;101
8;1;391370;14/10/2021;101
8;1;391371;14/10/2021;101
8;1;391372;14/10/2021;101
8;1;391373;14/10/2021;101
8;1;391374;14/10/2021;101
8;1;391375;14/10/2021;101
8;1;391376;15/10/2021;101
8;1;391377;15/10/2021;101
8;1;391378;16/10/2021;101
8;1;391379;18/10/2021;101
8;1;391380;18/10/2021;101
8;1;391381;18/10/2021;101
8;1;391382;18/10/2021;101
8;1;391383;18/10/2021;101
8;1;391384;18/10/2021;101
8;1;391385;16/10/2021;101
8;1;391386;18/10/2021;101
8;1;391387;18/10/2021;101
8;1;391388;16/10/2021;101
8;1;391389;19/10/2021;101
8;1;391390;19/10/2021;101
8;1;391391;19/10/2021;101
8;1;391392;20/10/2021;101
8;1;391393;20/10/2021;101
8;1;391394;20/10/2021;101
8;1;391395;20/10/2021;101
8;1;391396;20/10/2021;101
8;1;391397;20/10/2021;101
8;1;391398;21/10/2021;101
8;1;391399;21/10/2021;101
8;1;391400;21/10/2021;101
8;1;391401;22/10/2021;101
8;1;391402;22/10/2021;101
8;1;391403;22/10/2021;101
8;1;391404;22/10/2021;101
8;1;391405;22/10/2021;101
8;1;391406;22/10/2021;101
8;1;391407;22/10/2021;101
8;1;391408;25/10/2021;101
8;1;391409;25/10/2021;101
8;1;391410;25/10/2021;101
8;1;391411;25/10/2021;101
8;1;391412;25/10/2021;101
8;1;391413;25/10/2021;101
8;1;391414;25/10/2021;101
8;1;391415;25/10/2021;103
8;1;391416;25/10/2021;103
8;1;391417;25/10/2021;101
8;1;391418;25/10/2021;103
8;1;391419;26/10/2021;101
4;1;391420;01/11/2021;101
4;1;391421;01/11/2021;101
4;1;391422;01/11/2021;101
4;1;391423;01/11/2021;101
8;1;391424;01/11/2021;101
8;1;391425;01/11/2021;101
8;1;391426;01/11/2021;101
8;1;391427;01/11/2021;101
8;1;391428;01/11/2021;101
8;1;391429;01/11/2021;101
8;1;391430;01/11/2021;101
8;1;391431;01/11/2021;101
8;1;391432;01/11/2021;101
8;1;391433;01/11/2021;101
8;1;391434;01/11/2021;101
8;1;391435;01/11/2021;101
8;1;391436;01/11/2021;101
8;1;391437;01/11/2021;101
8;1;391438;01/11/2021;101
8;1;391439;01/11/2021;101
8;1;391440;03/11/2021;101
8;1;391441;03/11/2021;101
8;1;391442;03/11/2021;101
8;1;391443;03/11/2021;101
8;1;391444;03/11/2021;101
8;1;391445;03/11/2021;101
8;1;391446;03/11/2021;101
8;1;391447;03/11/2021;101
8;1;391448;03/11/2021;101
8;1;391449;03/11/2021;101
8;1;391450;03/11/2021;101
8;1;391451;03/11/2021;101
8;1;391452;03/11/2021;101
8;1;391453;03/11/2021;101
8;1;391454;03/11/2021;101
8;1;391455;03/11/2021;101
8;1;391456;03/11/2021;101
8;1;391457;03/11/2021;101
8;1;391458;03/11/2021;101
8;1;391459;04/11/2021;101
282;1;391459;04/11/2021;101
8;1;391460;04/11/2021;101
8;1;391461;04/11/2021;101
8;1;391462;04/11/2021;101
8;1;391463;04/11/2021;101
8;1;391464;04/11/2021;101
8;1;391465;04/11/2021;101
8;1;391466;04/11/2021;101
8;1;391467;04/11/2021;101
8;1;391468;05/11/2021;101
8;1;391469;05/11/2021;101
8;1;391470;05/11/2021;101
8;1;391471;05/11/2021;101
8;1;391472;05/11/2021;101
8;1;391473;08/11/2021;101
8;1;391474;08/11/2021;101
8;1;391475;08/11/2021;901
8;1;391476;08/11/2021;901
8;1;391477;08/11/2021;101
8;1;391478;08/11/2021;101
8;1;391479;08/11/2021;101
8;1;391480;08/11/2021;101
8;1;391481;08/11/2021;103
8;1;391482;08/11/2021;101
8;1;391483;08/11/2021;101
8;1;391484;08/11/2021;101
8;1;391485;06/11/2021;101
8;1;391486;08/11/2021;101
8;1;391487;08/11/2021;101
8;1;391488;08/11/2021;101
8;1;391489;08/11/2021;101
8;1;391490;08/11/2021;101
8;1;391491;09/11/2021;101
8;1;391492;09/11/2021;101
8;1;391493;09/11/2021;101
8;1;391494;09/11/2021;101
8;1;391495;09/11/2021;101
8;1;391496;09/11/2021;101
8;1;391497;09/11/2021;101
8;1;391498;09/11/2021;101
8;1;391499;09/11/2021;101
8;1;391500;09/11/2021;101
8;1;391501;10/11/2021;101
8;1;391502;10/11/2021;101
8;1;391503;10/11/2021;101
8;1;391504;10/11/2021;101
8;1;391505;11/11/2021;101
8;1;391506;11/11/2021;101
8;1;391507;11/11/2021;101
8;1;391508;11/11/2021;101
8;1;391509;11/11/2021;101
8;1;391510;12/11/2021;101
8;1;391511;12/11/2021;101
8;1;391512;12/11/2021;101
8;1;391513;12/11/2021;101
8;1;391514;12/11/2021;101
8;1;391515;16/11/2021;101
8;1;391516;16/11/2021;101
276;1;391517;16/11/2021;101
8;1;391518;16/11/2021;101
8;1;391519;16/11/2021;103
8;1;391520;16/11/2021;101
8;1;391521;16/11/2021;101
8;1;391522;16/11/2021;101
8;1;391523;16/11/2021;101
8;1;391524;16/11/2021;101
8;1;391525;17/11/2021;101
8;1;391526;17/11/2021;101
8;1;391527;17/11/2021;101
8;1;391528;17/11/2021;101
8;1;391529;17/11/2021;101
8;1;391530;17/11/2021;101
8;1;391531;17/11/2021;101
8;1;391532;17/11/2021;101
8;1;391533;17/11/2021;101
8;1;391534;17/11/2021;101
8;1;391535;17/11/2021;101
8;1;391536;17/11/2021;101
8;1;391537;17/11/2021;101
8;1;391538;17/11/2021;901
8;1;391539;17/11/2021;101
8;1;391540;17/11/2021;101
8;1;391541;17/11/2021;101
8;1;391542;17/11/2021;101
8;1;391543;18/11/2021;101
8;1;391544;18/11/2021;101
8;1;391545;18/11/2021;101
8;1;391546;18/11/2021;101
8;1;391547;18/11/2021;101
8;1;391548;19/11/2021;101
8;1;391549;19/11/2021;101
8;1;391550;19/11/2021;101
8;1;391551;19/11/2021;101
8;1;391552;01/11/2021;101
8;1;391553;22/11/2021;101
8;1;391554;20/11/2021;101
8;1;391555;20/11/2021;101
8;1;391556;22/11/2021;103
8;1;391557;20/11/2021;101
8;1;391558;22/11/2021;101
8;1;391559;22/11/2021;101
8;1;391560;22/11/2021;101
8;1;391561;23/11/2021;101
8;1;391562;23/11/2021;101
8;1;391563;23/11/2021;101
8;1;391564;23/11/2021;101
8;1;391565;23/11/2021;101
8;1;391566;23/11/2021;101
8;1;391567;23/11/2021;101
8;1;391568;23/11/2021;101
8;1;391569;23/11/2021;101
8;1;391570;23/11/2021;101
8;1;391571;23/11/2021;101
8;1;391572;29/11/2021;103
4;1;391573;04/01/2022;101
4;1;391574;04/01/2022;101
8;1;391575;01/12/2021;101
8;1;391576;01/12/2021;101
8;1;391577;01/12/2021;101
8;1;391578;01/12/2021;101
8;1;391579;01/12/2021;101
8;1;391580;01/12/2021;101
8;1;391581;01/12/2021;101
8;1;391582;01/12/2021;101
8;1;391583;01/12/2021;101
8;1;391584;01/12/2021;103
8;1;391585;01/12/2021;101
8;1;391586;01/12/2021;101
8;1;391587;01/12/2021;101
8;1;391588;01/12/2021;101
8;1;391589;01/12/2021;101
8;1;391590;01/12/2021;101
8;1;391591;01/12/2021;101
8;1;391592;01/12/2021;101
8;1;391593;01/12/2021;101
8;1;391594;01/12/2021;101
8;1;391595;01/12/2021;101
8;1;391596;01/12/2021;101
8;1;391597;01/12/2021;101
8;1;391598;01/12/2021;101
8;1;391599;01/12/2021;101
8;1;391600;01/12/2021;101
8;1;391601;01/12/2021;101
8;1;391602;01/12/2021;101
8;1;391603;01/12/2021;101
8;1;391604;01/12/2021;101
8;1;391605;01/12/2021;101
8;1;391606;01/12/2021;101
8;1;391607;01/12/2021;101
8;1;391608;01/12/2021;101
8;1;391609;01/12/2021;101
8;1;391610;01/12/2021;101
8;1;391611;01/12/2021;101
8;1;391612;01/12/2021;101
8;1;391613;02/12/2021;101
8;1;391614;02/12/2021;101
4;1;391615;04/01/2022;101
8;1;391616;02/12/2021;101
8;1;391617;02/12/2021;101
8;1;391618;02/12/2021;101
4;1;391619;04/01/2022;101
8;1;391620;02/12/2021;101
8;1;391621;02/12/2021;101
4;1;391622;04/01/2022;101
8;1;391623;02/12/2021;101
4;1;391624;04/01/2022;101
4;1;391625;04/01/2022;101
8;1;391626;03/12/2021;101
4;1;391627;04/01/2022;101
8;1;391629;03/12/2021;101
8;1;391630;03/12/2021;101
8;1;391631;03/12/2021;101
8;1;391632;06/12/2021;101
4;1;391633;04/01/2022;101
8;1;391634;03/12/2021;101
8;1;391635;03/12/2021;101
4;1;391636;04/01/2022;101
4;1;391637;04/01/2022;101
4;1;391638;04/01/2022;101
8;1;391639;06/12/2021;101
8;1;391640;06/12/2021;101
8;1;391641;06/12/2021;101
8;1;391642;06/12/2021;101
8;1;391643;06/12/2021;101
8;1;391644;06/12/2021;101
8;1;391645;06/12/2021;103
8;1;391646;06/12/2021;101
8;1;391647;06/12/2021;101
4;1;391648;04/01/2022;101
8;1;391650;08/12/2021;101
8;1;391651;08/12/2021;101
8;1;391652;08/12/2021;101
8;1;391653;08/12/2021;101
8;1;391654;08/12/2021;101
8;1;391655;08/12/2021;101
8;1;391656;10/12/2021;101
8;1;391657;10/12/2021;101
8;1;391658;10/12/2021;101
8;1;391659;10/12/2021;101
8;1;391660;10/12/2021;101
8;1;391661;10/12/2021;101
8;1;391662;10/12/2021;101
8;1;391663;10/12/2021;101
8;1;391664;10/12/2021;101
8;1;391665;10/12/2021;101
8;1;391666;10/12/2021;101
8;1;391667;10/12/2021;101
8;1;391668;10/12/2021;101
4;1;391669;04/01/2022;101
8;1;391670;13/12/2021;101
8;1;391671;13/12/2021;101
8;1;391672;13/12/2021;101
8;1;391673;13/12/2021;101
8;1;391675;14/12/2021;101
8;1;391676;14/12/2021;101
8;1;391677;14/12/2021;101
8;1;391678;14/12/2021;101
8;1;391679;14/12/2021;101
8;1;391680;14/12/2021;101
8;1;391681;14/12/2021;101
8;1;391682;14/12/2021;101
4;1;391683;04/01/2022;101
8;1;391684;20/12/2021;101
8;1;391685;20/12/2021;101
8;1;391686;20/12/2021;101
8;1;391687;20/12/2021;101
8;1;391688;20/12/2021;101
8;1;391689;20/12/2021;101
8;1;391690;18/12/2021;101
8;1;391691;18/12/2021;101
8;1;391692;18/12/2021;101
8;1;391693;18/12/2021;101
8;1;391694;18/12/2021;101
8;1;391695;18/12/2021;101
8;1;391696;18/12/2021;101
8;1;391697;18/12/2021;101
8;1;391698;20/12/2021;101
8;1;391699;18/12/2021;101
8;1;391700;18/12/2021;101
8;1;391701;20/12/2021;101
8;1;391702;18/12/2021;101
8;1;391703;18/12/2021;101
8;1;391704;18/12/2021;101
8;1;391705;18/12/2021;101
8;1;391706;20/12/2021;101
8;1;391707;18/12/2021;101
8;1;391708;18/12/2021;101
8;1;391709;18/12/2021;101
8;1;391710;20/12/2021;101
8;1;391711;18/12/2021;101
8;1;391712;18/12/2021;101
8;1;391713;18/12/2021;101
8;1;391714;21/12/2021;101
8;1;391715;21/12/2021;101
8;1;391716;21/12/2021;101
8;1;391717;21/12/2021;101
8;1;391718;21/12/2021;101
8;1;391719;22/12/2021;101
8;1;391720;22/12/2021;101
8;1;391721;22/12/2021;101
8;1;391722;22/12/2021;101
8;1;391723;22/12/2021;101
8;1;391724;22/12/2021;101
8;1;391725;22/12/2021;101
8;1;391726;23/12/2021;101
8;1;391727;23/12/2021;101
8;1;391728;27/12/2021;101
8;1;391729;28/12/2021;101
8;1;391730;27/12/2021;101
8;1;391731;27/12/2021;101
8;1;391732;27/12/2021;101
8;1;391733;03/01/2022;101
8;1;391734;27/12/2021;101
8;1;391735;27/12/2021;101
8;1;391736;03/01/2022;101
8;1;391737;06/01/2022;101
8;1;391738;03/01/2022;101
8;1;391739;03/01/2022;101
8;1;391740;03/01/2022;101
8;1;391741;03/01/2022;101
8;1;391742;03/01/2022;103
8;1;391743;05/01/2022;101
8;1;391744;03/01/2022;101
8;1;391745;03/01/2022;103
8;1;391746;03/01/2022;101
8;1;391747;03/01/2022;101
8;1;391748;03/01/2022;101
8;1;391749;03/01/2022;101
8;1;391750;03/01/2022;101
8;1;391751;03/01/2022;101
8;1;391752;03/01/2022;101
8;1;391753;03/01/2022;101
8;1;391754;03/01/2022;101
8;1;391755;03/01/2022;101
8;1;391756;03/01/2022;101
8;1;391757;03/01/2022;101
8;1;391758;03/01/2022;101
8;1;391759;04/01/2022;101
8;1;391760;04/01/2022;101
8;1;391761;05/01/2022;101
8;1;391762;05/01/2022;101
8;1;391763;05/01/2022;101
8;1;391764;05/01/2022;101
8;1;391765;05/01/2022;101
8;1;391766;05/01/2022;101
8;1;391767;05/01/2022;101
8;1;391768;05/01/2022;101
8;1;391769;05/01/2022;101
8;1;391770;05/01/2022;101
8;1;391771;05/01/2022;101
8;1;391772;05/01/2022;101
8;1;391773;05/01/2022;101
8;1;391774;05/01/2022;101
8;1;391775;05/01/2022;101
8;1;391776;05/01/2022;101
8;1;391777;05/01/2022;101
8;1;391778;05/01/2022;101
8;1;391779;05/01/2022;101
8;1;391780;05/01/2022;101
8;1;391781;06/01/2022;101
8;1;391782;06/01/2022;101
8;1;391783;06/01/2022;101
8;1;391784;06/01/2022;101
4;1;391785;06/01/2022;101
8;1;391785;06/01/2022;101
8;1;391786;06/01/2022;101
8;1;391787;06/01/2022;101
8;1;391788;06/01/2022;101
8;1;391789;06/01/2022;101
8;1;391790;06/01/2022;101
8;1;391791;07/01/2022;101
8;1;391792;07/01/2022;101
8;1;391793;07/01/2022;101
8;1;391794;07/01/2022;101
8;1;391795;07/01/2022;101
8;1;391796;07/01/2022;101
8;1;391797;08/01/2022;101
282;1;391797;08/01/2022;101
8;1;391798;08/01/2022;101
8;1;391799;11/01/2022;101
8;1;391800;11/01/2022;101
8;1;391801;11/01/2022;101
8;1;391802;11/01/2022;101
8;1;391803;11/01/2022;101
8;1;391804;11/01/2022;101
8;1;391805;11/01/2022;101
8;1;391806;11/01/2022;101
8;1;391807;11/01/2022;101
8;1;391808;11/01/2022;101
8;1;391809;11/01/2022;101
8;1;391810;11/01/2022;101
8;1;391811;11/01/2022;101
8;1;391812;11/01/2022;101
8;1;391813;12/01/2022;101
8;1;391814;12/01/2022;101
8;1;391815;12/01/2022;101
8;1;391816;12/01/2022;101
8;1;391817;12/01/2022;101
8;1;391818;12/01/2022;101
8;1;391819;13/01/2022;101
8;1;391820;13/01/2022;101
8;1;391821;13/01/2022;101
8;1;391822;13/01/2022;101
8;1;391823;13/01/2022;101
8;1;391824;13/01/2022;101
8;1;391825;13/01/2022;101
8;1;391826;13/01/2022;101
8;1;391827;14/01/2022;101
8;1;391828;14/01/2022;101
8;1;391829;14/01/2022;101
8;1;391830;14/01/2022;101
8;1;391831;17/01/2022;101
8;1;391832;17/01/2022;101
8;1;391833;17/01/2022;101
8;1;391834;15/01/2022;101
8;1;391835;15/01/2022;101
8;1;391836;15/01/2022;101
8;1;391837;15/01/2022;101
8;1;391838;17/01/2022;101
8;1;391839;15/01/2022;101
8;1;391840;19/01/2022;101
8;1;391841;17/01/2022;101
8;1;391842;17/01/2022;101
8;1;391843;15/01/2022;101
8;1;391844;15/01/2022;101
8;1;391845;15/01/2022;101
8;1;391846;18/01/2022;101
8;1;391847;18/01/2022;101
8;1;391848;18/01/2022;101
8;1;391849;18/01/2022;101
8;1;391850;18/01/2022;101
8;1;391851;18/01/2022;101
8;1;391852;18/01/2022;101
8;1;391853;18/01/2022;101
8;1;391854;18/01/2022;101
8;1;391855;18/01/2022;103
8;1;391856;19/01/2022;101
8;1;391857;19/01/2022;101
8;1;391858;19/01/2022;101
8;1;391859;19/01/2022;101
8;1;391860;19/01/2022;101
8;1;391861;19/01/2022;101
8;1;391862;19/01/2022;101
8;1;391863;20/01/2022;101
8;1;391864;20/01/2022;101
8;1;391865;20/01/2022;101
8;1;391866;20/01/2022;101
8;1;391867;20/01/2022;101
8;1;391868;20/01/2022;101
8;1;391869;24/01/2022;101
8;1;391870;24/01/2022;101
8;1;391871;24/01/2022;101
8;1;391872;25/01/2022;101
8;1;391873;21/01/2022;101
8;1;391874;21/01/2022;101
8;1;391875;21/01/2022;101
8;1;391876;21/01/2022;101
8;1;391877;21/01/2022;101
8;1;391878;21/01/2022;101
8;1;391879;21/01/2022;101
8;1;391880;24/01/2022;101
8;1;391881;24/01/2022;101
8;1;391882;24/01/2022;101
8;1;391883;26/01/2022;101
8;1;391884;24/01/2022;101
8;1;391885;24/01/2022;101
8;1;391886;24/01/2022;101
8;1;391887;24/01/2022;101
8;1;391888;24/01/2022;101
8;1;391889;24/01/2022;101
8;1;391890;22/01/2022;101
8;1;391892;24/01/2022;101
8;1;391893;25/01/2022;101
8;1;391894;25/01/2022;101
8;1;391895;25/01/2022;101
8;1;391896;25/01/2022;101
8;1;391897;26/01/2022;101
8;1;391898;26/01/2022;101
8;1;391899;26/01/2022;101
8;1;391900;26/01/2022;101
8;1;391901;26/01/2022;101
8;1;391902;26/01/2022;101
8;1;391903;26/01/2022;101
8;1;391904;26/01/2022;101
8;1;391905;01/02/2022;101
8;1;391906;01/02/2022;101
8;1;391907;01/02/2022;101
8;1;391908;01/02/2022;101
8;1;391909;01/02/2022;101
8;1;391910;01/02/2022;101
8;1;391911;01/02/2022;101
8;1;391912;01/02/2022;101
8;1;391913;01/02/2022;101
8;1;391914;01/02/2022;101
8;1;391915;01/02/2022;101
8;1;391916;01/02/2022;101
8;1;391917;01/02/2022;101
8;1;391918;01/02/2022;101
8;1;391919;01/02/2022;101
8;1;391920;01/02/2022;101
8;1;391921;01/02/2022;101
8;1;391922;02/02/2022;101
8;1;391923;02/02/2022;101
8;1;391924;02/02/2022;101
8;1;391925;02/02/2022;101
8;1;391926;02/02/2022;101
8;1;391927;02/02/2022;101
8;1;391928;03/02/2022;101
8;1;391929;03/02/2022;101
8;1;391930;03/02/2022;101
8;1;391931;04/02/2022;101
8;1;391932;04/02/2022;101
8;1;391933;04/02/2022;101
8;1;391934;04/02/2022;101
8;1;391935;04/02/2022;101
8;1;391936;05/02/2022;101
8;1;391937;05/02/2022;101
8;1;391938;07/02/2022;101
8;1;391939;07/02/2022;101
8;1;391940;07/02/2022;101
8;1;391941;08/02/2022;101
8;1;391942;08/02/2022;103
8;1;391943;08/02/2022;103
8;1;391944;08/02/2022;101
8;1;391945;09/02/2022;101
4;1;391946;14/02/2022;101
4;1;391947;14/02/2022;101
8;1;391948;09/02/2022;103
8;1;391949;09/02/2022;101
8;1;391950;09/02/2022;101
8;1;391951;09/02/2022;101
8;1;391952;09/02/2022;101
4;1;391953;14/02/2022;101
4;1;391954;14/02/2022;101
8;1;391954;14/02/2022;101
4;1;391955;14/02/2022;101
8;1;391956;10/02/2022;101
4;1;391957;14/02/2022;101
8;1;391958;10/02/2022;101
4;1;391959;14/02/2022;101
4;1;391960;14/02/2022;101
8;1;391961;10/02/2022;101
8;1;391962;10/02/2022;101
4;1;391963;14/02/2022;101
8;1;391964;10/02/2022;101
4;1;391965;14/02/2022;101
8;1;391966;11/02/2022;101
8;1;391967;11/02/2022;101
8;1;391968;11/02/2022;101
4;1;391969;14/02/2022;101
8;1;391970;11/02/2022;101
8;1;391971;11/02/2022;101
8;1;391972;11/02/2022;101
4;1;391973;16/02/2022;101
8;1;391974;14/02/2022;101
8;1;391975;14/02/2022;101
8;1;391976;12/02/2022;101
4;1;391977;16/02/2022;101
4;1;391978;16/02/2022;101
8;1;391979;14/02/2022;901
8;1;391980;14/02/2022;101
8;1;391981;14/02/2022;101
8;1;391982;14/02/2022;101
8;1;391983;14/02/2022;101
4;1;391984;16/02/2022;101
4;1;391985;16/02/2022;101
8;1;391986;14/02/2022;101
8;1;391987;15/02/2022;101
8;1;391988;07/03/2022;101
8;1;391989;15/02/2022;101
8;1;391990;07/03/2022;101
8;1;391991;16/02/2022;101
8;1;391992;16/02/2022;101
8;1;391993;17/02/2022;101
8;1;391994;17/02/2022;101
8;1;391995;17/02/2022;101
8;1;391996;17/02/2022;101
8;1;391997;17/02/2022;101
8;1;391998;17/02/2022;101
8;1;391999;02/03/2022;101
8;1;392000;21/02/2022;101
8;1;392001;18/02/2022;101
8;1;392002;21/02/2022;101
8;1;392003;21/02/2022;101
8;1;392004;21/02/2022;101
8;1;392005;21/02/2022;101
8;1;392006;21/02/2022;101
8;1;392007;21/02/2022;101
8;1;392008;22/02/2022;101
8;1;392009;22/02/2022;101
8;1;392010;22/02/2022;101
8;1;392011;22/02/2022;101
8;1;392012;22/02/2022;101
8;1;392013;02/03/2022;101
8;1;392014;02/03/2022;101
8;1;392015;02/03/2022;101
8;1;392016;01/03/2022;101
8;1;392018;02/03/2022;101
8;1;392019;02/03/2022;101
8;1;392020;01/03/2022;101
8;1;392021;02/03/2022;101
8;1;392022;02/03/2022;101
8;1;392023;02/03/2022;101
8;1;392024;02/03/2022;101
8;1;392025;02/03/2022;101
8;1;392026;02/03/2022;101
8;1;392027;02/03/2022;101
8;1;392028;02/03/2022;101
8;1;392029;02/03/2022;101
8;1;392030;02/03/2022;101
276;1;392031;02/03/2022;101
8;1;392032;03/03/2022;103
8;1;392033;03/03/2022;101
8;1;392034;03/03/2022;101
8;1;392035;03/03/2022;101
8;1;392036;03/03/2022;101
8;1;392037;04/03/2022;101
8;1;392039;04/03/2022;101
8;1;392040;07/03/2022;101
8;1;392041;07/03/2022;101
8;1;392042;07/03/2022;101
8;1;392043;05/03/2022;101
8;1;392044;07/03/2022;101
8;1;392046;07/03/2022;101
8;1;392047;08/03/2022;101
8;1;392048;08/03/2022;101
8;1;392049;08/03/2022;101
8;1;392050;09/03/2022;101
8;1;392051;09/03/2022;101
8;1;392052;09/03/2022;101
8;1;392053;09/03/2022;101
8;1;392054;10/03/2022;101
8;1;392055;11/03/2022;101
8;1;392056;11/03/2022;101
8;1;392057;12/03/2022;101
8;1;392058;11/03/2022;101
8;1;392059;11/03/2022;101
8;1;392060;14/03/2022;101
8;1;392061;14/03/2022;101
8;1;392062;14/03/2022;101
8;1;392063;14/03/2022;101
8;1;392064;14/03/2022;101
8;1;392065;14/03/2022;101
8;1;392066;14/03/2022;101
8;1;392067;15/03/2022;101
8;1;392068;15/03/2022;101
8;1;392069;15/03/2022;101
8;1;392070;17/03/2022;101
8;1;392071;17/03/2022;101
8;1;392072;17/03/2022;101
4;1;392073;21/03/2022;101
4;1;392074;21/03/2022;101
4;1;392076;21/03/2022;101
4;1;392077;21/03/2022;101
4;1;392078;21/03/2022;101
4;1;392079;21/03/2022;101
4;1;392080;21/03/2022;101
4;1;392081;21/03/2022;101
8;1;392082;04/03/2022;103
8;1;392083;22/03/2022;101
8;1;392084;22/03/2022;101
8;1;392085;22/03/2022;101
8;1;392086;24/03/2022;101
8;1;392087;24/03/2022;101
8;1;392088;24/03/2022;101
8;1;392089;24/03/2022;101
8;1;392090;21/03/2022;101
8;1;392091;21/03/2022;103
8;1;392092;22/03/2022;101
8;1;392093;22/03/2022;101
8;1;392094;22/03/2022;101
8;1;392095;22/03/2022;101
8;1;392096;23/03/2022;101
8;1;392097;23/03/2022;101
8;1;392098;24/03/2022;101
8;1;392099;24/03/2022;101
8;1;392100;24/03/2022;101
8;1;392101;24/03/2022;101
8;1;392102;25/03/2022;101
8;1;392103;26/03/2022;101
8;1;392104;01/04/2022;101
8;1;392105;01/04/2022;101
8;1;392106;01/04/2022;101
8;1;392107;01/04/2022;101
8;1;392108;01/04/2022;101
8;1;392109;01/04/2022;101
8;1;392110;01/04/2022;101
8;1;392111;01/04/2022;101
8;1;392112;01/04/2022;101
8;1;392113;01/04/2022;101
8;1;392114;01/04/2022;103
8;1;392115;01/04/2022;101
8;1;392116;01/04/2022;103
8;1;392117;01/04/2022;101
8;1;392118;01/04/2022;101
4;1;392119;06/04/2022;101
4;1;392120;06/04/2022;101
8;1;392121;04/04/2022;101
8;1;392122;04/04/2022;101
8;1;392123;04/04/2022;101
8;1;392124;04/04/2022;103
8;1;392125;04/04/2022;103
8;1;392126;04/04/2022;101
8;1;392127;02/04/2022;101
8;1;392128;04/04/2022;101
8;1;392129;04/04/2022;103
8;1;392130;05/04/2022;101
4;1;392131;06/04/2022;101
8;1;392132;05/04/2022;101
4;1;392133;06/04/2022;101
4;1;392134;06/04/2022;101
8;1;392135;06/04/2022;101
8;1;392136;06/04/2022;101
8;1;392137;06/04/2022;101
8;1;392138;07/04/2022;101
8;1;392139;06/04/2022;101
8;1;392140;06/04/2022;101
8;1;392141;06/04/2022;101
8;1;392142;06/04/2022;101
8;1;392143;06/04/2022;101
8;1;392144;06/04/2022;101
8;1;392145;06/04/2022;101
8;1;392146;06/04/2022;101
8;1;392147;06/04/2022;101
4;1;392148;11/04/2022;101
8;1;392149;07/04/2022;101
8;1;392150;07/04/2022;101
8;1;392151;07/04/2022;101
8;1;392152;07/04/2022;101
8;1;392153;07/04/2022;101
282;1;392154;07/04/2022;901
8;1;392155;07/04/2022;101
8;1;392156;08/04/2022;101
8;1;392157;08/04/2022;101
8;1;392158;08/04/2022;101
8;1;392159;11/04/2022;101
8;1;392160;13/04/2022;101
8;1;392161;12/04/2022;101
8;1;392162;12/04/2022;101
8;1;392163;12/04/2022;101
8;1;392164;12/04/2022;101
8;1;392165;13/04/2022;101
8;1;392166;13/04/2022;101
8;1;392167;13/04/2022;101
8;1;392168;14/04/2022;101
8;1;392169;14/04/2022;101
8;1;392170;14/04/2022;101
8;1;392171;18/04/2022;101
8;1;392172;18/04/2022;101
8;1;392173;18/04/2022;101
8;1;392174;18/04/2022;101
8;1;392175;18/04/2022;101
8;1;392176;18/04/2022;103
8;1;392177;22/04/2022;101
8;1;392178;19/04/2022;101
8;1;392179;20/04/2022;101
8;1;392180;20/04/2022;101
8;1;392181;20/04/2022;101
8;1;392182;20/04/2022;101
8;1;392183;20/04/2022;101
8;1;392184;20/04/2022;101
8;1;392185;22/04/2022;101
8;1;392186;22/04/2022;101
8;1;392188;22/04/2022;101
8;1;392189;20/04/2022;722
8;1;392191;23/04/2022;101
8;1;392192;27/04/2022;101
8;1;392193;23/04/2022;101
8;1;392194;23/04/2022;101
8;1;392195;25/04/2022;901
8;1;392196;25/04/2022;901
8;1;392197;27/04/2022;101
8;1;392198;27/04/2022;101
8;1;392199;27/04/2022;101
8;1;392200;23/04/2022;101
8;1;392201;27/04/2022;101
8;1;392203;27/04/2022;101
8;1;392204;27/04/2022;101
8;1;392205;27/04/2022;101
8;1;392206;27/04/2022;101
8;1;392207;27/04/2022;101
8;1;392208;27/04/2022;101
8;1;392209;27/04/2022;101
8;1;392210;27/04/2022;101
8;1;392211;27/04/2022;101
8;1;392212;27/04/2022;101
282;1;392212;27/04/2022;101
8;1;392213;27/04/2022;101
8;1;392214;27/04/2022;101
8;1;392215;27/04/2022;101
8;1;392216;27/04/2022;101
8;1;392217;27/04/2022;101
8;1;392218;27/04/2022;101
8;1;392219;26/04/2022;103
8;1;392220;27/04/2022;101
8;1;392221;27/04/2022;101
8;1;392222;27/04/2022;101
8;1;392223;27/04/2022;101
8;1;392224;27/04/2022;101
8;1;392225;02/05/2022;101
8;1;392226;02/05/2022;101
8;1;392227;02/05/2022;101
8;1;392228;02/05/2022;101
8;1;392229;02/05/2022;101
8;1;392230;02/05/2022;101
8;1;392231;02/05/2022;101
276;1;392232;02/05/2022;101
8;1;392233;02/05/2022;101
8;1;392234;02/05/2022;101
8;1;392235;02/05/2022;101
8;1;392236;02/05/2022;101
8;1;392237;02/05/2022;101
8;1;392238;02/05/2022;101
8;1;392239;02/05/2022;101
8;1;392240;02/05/2022;101
8;1;392241;02/05/2022;101
8;1;392242;02/05/2022;101
8;1;392243;02/05/2022;103
8;1;392244;02/05/2022;101
8;1;392245;02/05/2022;103
8;1;392246;02/05/2022;103
8;1;392247;02/05/2022;101
8;1;392248;02/05/2022;101
8;1;392249;02/05/2022;101
8;1;392251;03/05/2022;101
8;1;392252;03/05/2022;101
8;1;392253;03/05/2022;101
8;1;392254;03/05/2022;101
8;1;392255;03/05/2022;101
8;1;392256;03/05/2022;101
8;1;392257;03/05/2022;101
8;1;392259;04/05/2022;101
8;1;392260;04/05/2022;101
8;1;392261;04/05/2022;101
8;1;392262;04/05/2022;101
8;1;392263;04/05/2022;103
8;1;392264;05/05/2022;101
8;1;392265;05/05/2022;101
8;1;392266;05/05/2022;101
8;1;392267;05/05/2022;101
8;1;392268;05/05/2022;101
8;1;392269;05/05/2022;101
8;1;392270;06/05/2022;101
8;1;392271;06/05/2022;101
8;1;392272;06/05/2022;101
8;1;392273;06/05/2022;101
8;1;392274;06/05/2022;101
8;1;392275;06/05/2022;101
8;1;392276;09/05/2022;101
8;1;392277;09/05/2022;101
8;1;392278;07/05/2022;101
8;1;392279;07/05/2022;101
8;1;392280;07/05/2022;101
8;1;392281;07/05/2022;101
8;1;392282;07/05/2022;101
8;1;392283;10/05/2022;101
8;1;392284;11/05/2022;101
8;1;392285;09/05/2022;103
8;1;392286;11/05/2022;101
8;1;392287;11/05/2022;101
8;1;392288;11/05/2022;101
8;1;392289;11/05/2022;101
8;1;392290;11/05/2022;101
8;1;392291;12/05/2022;101
8;1;392292;12/05/2022;101
8;1;392293;13/05/2022;101
8;1;392294;13/05/2022;101
8;1;392295;13/05/2022;101
8;1;392296;16/05/2022;101
8;1;392297;14/05/2022;101
8;1;392298;14/05/2022;101
8;1;392299;14/05/2022;101
8;1;392300;16/05/2022;101
8;1;392301;16/05/2022;101
8;1;392302;17/05/2022;101
8;1;392303;17/05/2022;101
8;1;392304;18/05/2022;101
8;1;392305;18/05/2022;101
8;1;392306;18/05/2022;101
8;1;392307;18/05/2022;101
8;1;392308;18/05/2022;101
8;1;392309;18/05/2022;101
8;1;392310;18/05/2022;101
8;1;392311;18/05/2022;101
8;1;392312;18/05/2022;101
8;1;392313;18/05/2022;101
8;1;392314;18/05/2022;101
8;1;392315;18/05/2022;101
8;1;392316;18/05/2022;101
8;1;392317;19/05/2022;101
8;1;392318;19/05/2022;101
8;1;392319;19/05/2022;101
8;1;392320;20/05/2022;101
8;1;392321;19/05/2022;101
8;1;392322;20/05/2022;101
8;1;392323;20/05/2022;101
8;1;392324;20/05/2022;101
8;1;392325;20/05/2022;101
8;1;392326;23/05/2022;103
8;1;392327;23/05/2022;103
8;1;392328;21/05/2022;101
8;1;392329;21/05/2022;101
8;1;392330;21/05/2022;101
8;1;392331;21/05/2022;101
8;1;392332;21/05/2022;101
8;1;392333;21/05/2022;101
8;1;392334;21/05/2022;101
8;1;392335;23/05/2022;101
8;1;392336;21/05/2022;101
8;1;392337;23/05/2022;103
8;1;392338;26/05/2022;101
8;1;392339;26/05/2022;101
8;1;392340;25/05/2022;101
8;1;392341;26/05/2022;101
8;1;392342;26/05/2022;101
8;1;392343;26/05/2022;101
8;1;392344;25/05/2022;101
8;1;392345;26/05/2022;101
8;1;392346;26/05/2022;101
8;1;392347;26/05/2022;101
8;1;392348;26/05/2022;101
8;1;392349;25/05/2022;101
8;1;392350;25/05/2022;101
8;1;392351;25/05/2022;101
8;1;392352;25/05/2022;101
8;1;392353;25/05/2022;101
8;1;392354;26/05/2022;101
8;1;392355;25/05/2022;101
8;1;392356;25/05/2022;101
8;1;392357;25/05/2022;101
8;1;392358;25/05/2022;101
8;1;392359;25/05/2022;101
8;1;392360;25/05/2022;101
4;1;392361;01/06/2022;101
8;1;392362;01/06/2022;101
8;1;392363;01/06/2022;101
8;1;392365;01/06/2022;101
8;1;392366;01/06/2022;101
8;1;392367;01/06/2022;101
8;1;392368;01/06/2022;101
8;1;392369;01/06/2022;101
8;1;392370;01/06/2022;101
8;1;392371;01/06/2022;101
8;1;392372;01/06/2022;101
8;1;392373;01/06/2022;101
8;1;392374;01/06/2022;101
8;1;392375;01/06/2022;101
8;1;392376;01/06/2022;101
8;1;392377;01/06/2022;101
8;1;392378;01/06/2022;101
8;1;392379;01/06/2022;101
8;1;392380;01/06/2022;101
8;1;392381;01/06/2022;101
8;1;392382;01/06/2022;101
8;1;392383;01/06/2022;101
8;1;392384;01/06/2022;101
8;1;392385;01/06/2022;101
8;1;392386;01/06/2022;101
8;1;392387;01/06/2022;101
8;1;392388;01/06/2022;101
8;1;392389;01/06/2022;101
8;1;392390;01/06/2022;101
8;1;392391;01/06/2022;101
8;1;392392;01/06/2022;101
8;1;392393;01/06/2022;101
8;1;392394;01/06/2022;101
8;1;392395;01/06/2022;101
8;1;392396;01/06/2022;101
8;1;392397;01/06/2022;101
8;1;392398;01/06/2022;101
8;1;392399;01/06/2022;101
8;1;392400;02/06/2022;101
8;1;392401;02/06/2022;101
8;1;392402;02/06/2022;101
8;1;392403;02/06/2022;103
8;1;392404;03/06/2022;101
8;1;392405;03/06/2022;101
8;1;392406;03/06/2022;101
8;1;392407;03/06/2022;101
8;1;392408;03/06/2022;101
8;1;392409;04/06/2022;101
8;1;392410;06/06/2022;101
8;1;392411;06/06/2022;101
8;1;392412;06/06/2022;103
4;1;392413;06/06/2022;101
8;1;392414;07/06/2022;101
8;1;392415;07/06/2022;101
8;1;392416;07/06/2022;101
8;1;392417;07/06/2022;101
8;1;392418;08/06/2022;103
8;1;392419;07/06/2022;101
8;1;392420;07/06/2022;101
8;1;392421;08/06/2022;101
8;1;392422;08/06/2022;101
8;1;392423;08/06/2022;101
8;1;392424;08/06/2022;101
8;1;392425;08/06/2022;101
8;1;392426;08/06/2022;101
8;1;392427;08/06/2022;101
8;1;392428;08/06/2022;101
8;1;392429;08/06/2022;101
8;1;392430;08/06/2022;101
8;1;392431;08/06/2022;101
8;1;392432;08/06/2022;101
8;1;392433;09/06/2022;101
8;1;392434;09/06/2022;101
8;1;392435;09/06/2022;101
8;1;392436;10/06/2022;101
8;1;392437;10/06/2022;101
8;1;392438;10/06/2022;101
8;1;392439;10/06/2022;101
8;1;392440;10/06/2022;101
8;1;392441;13/06/2022;101
8;1;392442;11/06/2022;101
8;1;392443;11/06/2022;101
8;1;392444;11/06/2022;101
8;1;392445;11/06/2022;101
8;1;392446;13/06/2022;101
8;1;392447;13/06/2022;101
8;1;392448;13/06/2022;101
8;1;392449;13/06/2022;103
8;1;392450;14/06/2022;101
8;1;392451;14/06/2022;101
8;1;392452;14/06/2022;101
8;1;392453;14/06/2022;101
8;1;392454;15/06/2022;101
8;1;392455;15/06/2022;101
8;1;392456;15/06/2022;101
8;1;392457;15/06/2022;101
8;1;392458;15/06/2022;101
8;1;392459;15/06/2022;101
8;1;392460;17/06/2022;103
8;1;392461;17/06/2022;101
8;1;392462;17/06/2022;101
8;1;392463;17/06/2022;101
8;1;392464;17/06/2022;103
8;1;392465;17/06/2022;101
8;1;392466;23/06/2022;101
8;1;392467;23/06/2022;101
8;1;392468;23/06/2022;101
8;1;392469;23/06/2022;101
8;1;392470;23/06/2022;101
8;1;392471;23/06/2022;101
8;1;392472;23/06/2022;101
8;1;392473;18/06/2022;101
8;1;392474;18/06/2022;101
8;1;392475;20/06/2022;103
8;1;392476;18/06/2022;101
8;1;392477;18/06/2022;101
4;1;392478;27/06/2022;101
8;1;392479;23/06/2022;101
8;1;392480;21/06/2022;101
8;1;392481;21/06/2022;101
8;1;392482;21/06/2022;101
8;1;392483;21/06/2022;103
8;1;392484;22/06/2022;101
8;1;392485;22/06/2022;101
8;1;392486;22/06/2022;101
8;1;392487;22/06/2022;101
8;1;392488;22/06/2022;101
8;1;392489;22/06/2022;101
8;1;392490;22/06/2022;101
8;1;392491;22/06/2022;101
8;1;392492;22/06/2022;101
8;1;392493;22/06/2022;101
8;1;392494;22/06/2022;101
8;1;392495;22/06/2022;101
8;1;392496;22/06/2022;101
8;1;392497;22/06/2022;103
8;1;392498;22/06/2022;101
8;1;392499;23/06/2022;101
8;1;392500;23/06/2022;101
8;1;392501;23/06/2022;101
8;1;392502;23/06/2022;101
8;1;392503;23/06/2022;101
8;1;392504;23/06/2022;101
8;1;392505;23/06/2022;101
8;1;392506;23/06/2022;101
8;1;392507;23/06/2022;101
8;1;392508;27/06/2022;101
8;1;392509;24/06/2022;101
8;1;392510;24/06/2022;101
8;1;392511;24/06/2022;101
8;1;392512;27/06/2022;101
8;1;392513;27/06/2022;103
8;1;392514;27/06/2022;103
8;1;392515;27/06/2022;101
8;1;392516;27/06/2022;103
8;1;392517;27/06/2022;103
8;1;392518;27/06/2022;103
8;1;392519;06/07/2022;101
8;1;392520;01/07/2022;101
8;1;392521;01/07/2022;101
8;1;392522;01/07/2022;101
8;1;392523;01/07/2022;101
8;1;392524;01/07/2022;101
8;1;392525;01/07/2022;101
8;1;392526;01/07/2022;101
8;1;392527;01/07/2022;101
8;1;392528;01/07/2022;101
8;1;392529;01/07/2022;101
8;1;392530;01/07/2022;101
8;1;392531;01/07/2022;101
8;1;392532;01/07/2022;101
8;1;392533;01/07/2022;101
8;1;392534;01/07/2022;101
8;1;392535;01/07/2022;101
8;1;392536;01/07/2022;101
8;1;392537;01/07/2022;101
8;1;392538;01/07/2022;101
8;1;392539;01/07/2022;101
8;1;392540;02/07/2022;101
8;1;392541;04/07/2022;103
8;1;392542;02/07/2022;101
8;1;392543;02/07/2022;101
8;1;392544;04/07/2022;101
8;1;392545;02/07/2022;101
8;1;392546;02/07/2022;101
8;1;392547;04/07/2022;103
8;1;392548;05/07/2022;101
8;1;392549;05/07/2022;101
8;1;392551;06/07/2022;101
8;1;392552;06/07/2022;101
8;1;392553;06/07/2022;101
8;1;392554;06/07/2022;101
8;1;392555;06/07/2022;101
8;1;392556;06/07/2022;101
8;1;392557;06/07/2022;101
8;1;392558;06/07/2022;101
8;1;392559;01/06/2022;101
8;1;392560;07/07/2022;101
8;1;392561;07/07/2022;101
8;1;392562;07/07/2022;101
8;1;392563;07/07/2022;101
8;1;392564;07/07/2022;101
8;1;392565;07/07/2022;101
8;1;392566;07/07/2022;101
8;1;392567;01/07/2022;101
8;1;392568;08/07/2022;101
8;1;392569;08/07/2022;101
8;1;392570;08/07/2022;101
8;1;392571;08/07/2022;101
8;1;392572;08/07/2022;101
8;1;392573;09/07/2022;101
8;1;392574;09/07/2022;101
8;1;392575;09/07/2022;101
8;1;392576;11/07/2022;101
8;1;392577;09/07/2022;101
8;1;392578;09/07/2022;101
8;1;392579;09/07/2022;101
8;1;392580;09/07/2022;101
8;1;392581;12/07/2022;101
8;1;392582;12/07/2022;101
8;1;392583;12/07/2022;101
8;1;392584;12/07/2022;101
8;1;392585;12/07/2022;101
8;1;392586;12/07/2022;101
8;1;392587;12/07/2022;103
8;1;392588;13/07/2022;101
8;1;392589;13/07/2022;101
8;1;392590;13/07/2022;101
8;1;392591;13/07/2022;101
8;1;392592;13/07/2022;101
8;1;392593;20/07/2022;101
8;1;392594;13/07/2022;101
8;1;392595;13/07/2022;101
8;1;392596;21/07/2022;101
8;1;392597;13/07/2022;101
8;1;392598;13/07/2022;101
8;1;392599;13/07/2022;101
8;1;392600;13/07/2022;101
8;1;392601;13/07/2022;101
8;1;392602;13/07/2022;101
8;1;392603;14/07/2022;101
8;1;392604;14/07/2022;101
8;1;392605;14/07/2022;101
8;1;392606;14/07/2022;101
8;1;392607;14/07/2022;101
8;1;392608;14/07/2022;101
8;1;392609;15/07/2022;101
8;1;392610;15/07/2022;101
8;1;392611;15/07/2022;101
8;1;392612;15/07/2022;101
8;1;392613;15/07/2022;101
8;1;392614;15/07/2022;101
8;1;392615;15/07/2022;101
8;1;392616;15/07/2022;101
8;1;392617;16/07/2022;101
8;1;392618;18/07/2022;103
8;1;392619;18/07/2022;101
8;1;392620;18/07/2022;103
8;1;392621;16/07/2022;101
8;1;392622;18/07/2022;101
8;1;392623;16/07/2022;101
8;1;392624;16/07/2022;101
8;1;392625;18/07/2022;101
8;1;392626;22/07/2022;101
8;1;392627;19/07/2022;101
8;1;392628;19/07/2022;101
276;1;392628;19/07/2022;101
8;1;392629;19/07/2022;101
8;1;392630;19/07/2022;101
8;1;392631;19/07/2022;101
8;1;392632;20/07/2022;101
8;1;392633;20/07/2022;101
8;1;392634;20/07/2022;101
8;1;392635;20/07/2022;101
8;1;392636;20/07/2022;101
8;1;392637;20/07/2022;101
8;1;392638;20/07/2022;101
8;1;392639;20/07/2022;101
8;1;392640;20/07/2022;103
8;1;392641;21/07/2022;101
8;1;392642;21/07/2022;101
8;1;392643;21/07/2022;101
8;1;392644;21/07/2022;101
8;1;392645;21/07/2022;101
8;1;392646;21/07/2022;101
8;1;392647;21/07/2022;101
8;1;392648;22/07/2022;101
276;1;392649;22/07/2022;101
8;1;392650;22/07/2022;101
8;1;392651;22/07/2022;101
8;1;392652;22/07/2022;101
8;1;392653;22/07/2022;101
8;1;392654;23/07/2022;101
8;1;392655;23/07/2022;101
8;1;392656;23/07/2022;101
8;1;392657;23/07/2022;101
8;1;392658;23/07/2022;101
8;1;392659;25/07/2022;101
8;1;392660;23/07/2022;101
8;1;392661;23/07/2022;101
8;1;392662;23/07/2022;101
8;1;392663;27/07/2022;101
8;1;392664;27/07/2022;101
8;1;392665;27/07/2022;101
8;1;392666;27/07/2022;101
8;1;392667;27/07/2022;101
8;1;392668;27/07/2022;101
8;1;392669;27/07/2022;101
8;1;392670;26/07/2022;103
8;1;392671;26/07/2022;101
8;1;392672;26/07/2022;101
8;1;392673;01/08/2022;101
8;1;392674;01/08/2022;101
8;1;392675;01/08/2022;101
8;1;392676;01/08/2022;101
8;1;392677;01/08/2022;101
8;1;392678;01/08/2022;101
8;1;392679;02/08/2022;101
8;1;392680;02/08/2022;101
8;1;392681;02/08/2022;101
8;1;392682;03/08/2022;101
8;1;392683;03/08/2022;101
8;1;392684;03/08/2022;101
8;1;392685;03/08/2022;101
8;1;392686;03/08/2022;101
8;1;392687;03/08/2022;101
8;1;392688;03/08/2022;101
8;1;392689;03/08/2022;101
8;1;392690;03/08/2022;901
8;1;392691;04/08/2022;101
8;1;392692;03/08/2022;101
8;1;392693;04/08/2022;101
8;1;392694;09/08/2022;103
8;1;392695;05/08/2022;101
8;1;392696;05/08/2022;101
8;1;392697;05/08/2022;101
8;1;392698;05/08/2022;101
8;1;392699;05/08/2022;101
8;1;392700;08/08/2022;103
8;1;392701;08/08/2022;101
8;1;392702;09/08/2022;101
8;1;392703;09/08/2022;101
8;1;392704;09/08/2022;101
8;1;392705;09/08/2022;101
8;1;392706;09/08/2022;101
8;1;392707;09/08/2022;101
8;1;392708;10/08/2022;101
8;1;392709;10/08/2022;101
8;1;392710;10/08/2022;101
8;1;392711;10/08/2022;101
8;1;392712;10/08/2022;101
8;1;392713;10/08/2022;101
8;1;392714;15/08/2022;101
8;1;392715;10/08/2022;101
8;1;392716;11/08/2022;101
8;1;392717;11/08/2022;101
8;1;392718;11/08/2022;101
8;1;392719;12/08/2022;101
8;1;392720;13/08/2022;101
8;1;392721;15/08/2022;101
8;1;392722;15/08/2022;901
8;1;392723;18/08/2022;101
8;1;392724;13/08/2022;101
8;1;392725;16/08/2022;101
8;1;392726;16/08/2022;103
8;1;392727;16/08/2022;101
8;1;392728;16/08/2022;101
8;1;392729;16/08/2022;101
8;1;392730;16/08/2022;101
8;1;392731;16/08/2022;101
8;1;392732;16/08/2022;101
8;1;392733;16/08/2022;101
8;1;392734;16/08/2022;101
8;1;392735;17/08/2022;101
8;1;392736;17/08/2022;101
8;1;392737;17/08/2022;101
8;1;392738;17/08/2022;101
8;1;392739;18/08/2022;101
8;1;392740;18/08/2022;101
8;1;392741;18/08/2022;103
8;1;392742;18/08/2022;101
8;1;392743;18/08/2022;101
8;1;392744;18/08/2022;101
8;1;392745;18/08/2022;101
8;1;392746;18/08/2022;101
8;1;392747;18/08/2022;101
8;1;392748;19/08/2022;101
8;1;392749;19/08/2022;101
8;1;392750;19/08/2022;101
8;1;392751;20/08/2022;101
8;1;392752;22/08/2022;101
8;1;392753;20/08/2022;101
8;1;392754;22/08/2022;101
8;1;392755;20/08/2022;101
8;1;392756;20/08/2022;101
8;1;392757;23/08/2022;101
8;1;392758;23/08/2022;101
8;1;392759;23/08/2022;101
8;1;392760;23/08/2022;101
8;1;392761;23/08/2022;103
8;1;392762;23/08/2022;101
8;1;392763;23/08/2022;101
8;1;392764;23/08/2022;101
8;1;392765;23/08/2022;101
8;1;392766;24/08/2022;101
8;1;392767;24/08/2022;101
8;1;392768;24/08/2022;101
8;1;392769;24/08/2022;101
8;1;392770;24/08/2022;101
8;1;392771;24/08/2022;101
8;1;392772;18/08/2022;103
8;1;392773;25/08/2022;101
8;1;392774;25/08/2022;101
8;1;392775;26/08/2022;101
8;1;392776;26/08/2022;101
8;1;392777;26/08/2022;101
8;1;392778;26/08/2022;101
8;1;392779;26/08/2022;101
8;1;392780;26/08/2022;101
8;1;392781;26/08/2022;101
4;1;392782;01/09/2022;901
282;1;392783;01/09/2022;101
8;1;392784;01/09/2022;101
8;1;392785;01/09/2022;101
8;1;392786;01/09/2022;101
8;1;392787;01/09/2022;101
8;1;392788;01/09/2022;101
8;1;392789;01/09/2022;101
8;1;392790;01/09/2022;101
8;1;392791;01/09/2022;101
8;1;392792;01/09/2022;101
8;1;392793;01/09/2022;101
8;1;392794;01/09/2022;101
8;1;392795;01/09/2022;101
8;1;392796;01/09/2022;101
8;1;392797;01/09/2022;101
8;1;392798;01/09/2022;101
8;1;392799;01/09/2022;101
8;1;392800;01/09/2022;101
8;1;392801;01/09/2022;101
8;1;392802;01/09/2022;101
8;1;392803;03/09/2022;101
8;1;392804;02/09/2022;101
8;1;392805;03/09/2022;101
8;1;392806;02/09/2022;901
8;1;392807;02/09/2022;101
8;1;392808;02/09/2022;101
4;1;392809;26/09/2022;101
8;1;392810;02/09/2022;101
8;1;392811;02/09/2022;101
8;1;392812;02/09/2022;101
8;1;392813;08/09/2022;101
8;1;392814;03/09/2022;101
8;1;392815;08/09/2022;101
8;1;392816;08/09/2022;101
8;1;392817;06/09/2022;101
8;1;392818;13/09/2022;101
8;1;392819;06/09/2022;101
8;1;392820;08/09/2022;101
8;1;392821;08/09/2022;101
8;1;392822;08/09/2022;101
8;1;392823;08/09/2022;101
8;1;392824;08/09/2022;901
8;1;392825;08/09/2022;101
8;1;392826;09/09/2022;101
8;1;392827;09/09/2022;101
8;1;392828;10/09/2022;101
8;1;392829;12/09/2022;101
8;1;392830;10/09/2022;101
8;1;392831;13/09/2022;101
8;1;392832;13/09/2022;101
8;1;392833;13/09/2022;101
8;1;392834;13/09/2022;101
8;1;392835;14/09/2022;101
8;1;392836;14/09/2022;101
8;1;392837;14/09/2022;101
8;1;392838;14/09/2022;101
8;1;392839;14/09/2022;101
8;1;392840;14/09/2022;101
8;1;392841;14/09/2022;101
8;1;392842;15/09/2022;101
8;1;392843;15/09/2022;101
8;1;392844;15/09/2022;101
8;1;392845;16/09/2022;101
8;1;392846;16/09/2022;101
8;1;392847;16/09/2022;101
8;1;392848;19/09/2022;101
8;1;392849;19/09/2022;101
8;1;392850;19/09/2022;101
8;1;392851;19/09/2022;101
8;1;392852;21/09/2022;101
8;1;392853;21/09/2022;101
8;1;392854;21/09/2022;101
8;1;392855;21/09/2022;101
8;1;392856;21/09/2022;101
8;1;392857;21/09/2022;101
8;1;392858;21/09/2022;101
8;1;392859;21/09/2022;101
8;1;392860;21/09/2022;101
8;1;392861;20/09/2022;101
8;1;392862;20/09/2022;101
8;1;392863;21/09/2022;101
8;1;392864;21/09/2022;101
8;1;392865;22/09/2022;101
8;1;392866;22/09/2022;101
8;1;392867;22/09/2022;101
8;1;392868;22/09/2022;101
8;1;392869;23/09/2022;101
8;1;392870;23/09/2022;101
8;1;392871;23/09/2022;101
8;1;392872;24/09/2022;101
8;1;392873;24/09/2022;101
8;1;392874;24/09/2022;101
8;1;392875;24/09/2022;101
8;1;392876;24/09/2022;101
8;1;392877;26/09/2022;101
8;1;392878;26/09/2022;101
8;1;392879;26/09/2022;101
8;1;392880;27/09/2022;101
8;1;392881;27/09/2022;101
8;1;392882;27/09/2022;101
8;1;392883;27/09/2022;101
8;1;392884;27/09/2022;101
8;1;392885;01/10/2022;101
8;1;392886;03/10/2022;101
8;1;392887;03/10/2022;101
8;1;392888;03/10/2022;101
8;1;392889;03/10/2022;101
8;1;392890;03/10/2022;101
8;1;392891;01/10/2022;101
8;1;392892;01/10/2022;101
8;1;392893;01/10/2022;101
8;1;392894;01/10/2022;101
8;1;392895;01/10/2022;101
8;1;392896;01/10/2022;101
8;1;392897;03/10/2022;101
8;1;392898;03/10/2022;101
8;1;392899;01/10/2022;101
8;1;392900;01/10/2022;101
8;1;392901;01/10/2022;101
8;1;392902;03/10/2022;103
8;1;392903;01/10/2022;101
8;1;392904;04/10/2022;101
8;1;392905;04/10/2022;101
8;1;392906;04/10/2022;101
8;1;392907;05/10/2022;101
8;1;392908;04/10/2022;101
8;1;392909;04/10/2022;101
8;1;392910;04/10/2022;101
8;1;392911;04/10/2022;101
8;1;392912;05/10/2022;101
8;1;392913;05/10/2022;101
8;1;392914;05/10/2022;101
4;1;392915;10/10/2022;101
8;1;392916;05/10/2022;901
8;1;392917;05/10/2022;101
8;1;392918;05/10/2022;101
8;1;392919;05/10/2022;101
8;1;392920;05/10/2022;101
4;1;392921;10/10/2022;101
4;1;392922;10/10/2022;101
8;1;392922;10/10/2022;101
4;1;392923;10/10/2022;101
4;1;392924;10/10/2022;101
8;1;392925;05/10/2022;101
4;1;392926;10/10/2022;101
8;1;392927;05/10/2022;101
8;1;392928;05/10/2022;101
8;1;392929;05/10/2022;101
8;1;392930;05/10/2022;101
8;1;392931;06/10/2022;101
8;1;392932;14/10/2022;101
8;1;392933;06/10/2022;101
4;1;392934;10/10/2022;101
4;1;392935;10/10/2022;101
4;1;392936;10/10/2022;101
8;1;392937;07/10/2022;101
8;1;392938;07/10/2022;101
8;1;392939;07/10/2022;101
8;1;392940;11/10/2022;101
8;1;392941;07/10/2022;101
8;1;392942;08/10/2022;101
8;1;392943;11/10/2022;101
8;1;392944;08/10/2022;101
8;1;392945;08/10/2022;101
8;1;392946;08/10/2022;101
8;1;392947;10/10/2022;103
8;1;392948;08/10/2022;101
8;1;392949;11/10/2022;101
8;1;392950;11/10/2022;101
8;1;392951;11/10/2022;101
8;1;392952;13/10/2022;101
8;1;392953;13/10/2022;101
8;1;392954;13/10/2022;101
8;1;392955;13/10/2022;101
8;1;392956;13/10/2022;101
8;1;392957;13/10/2022;101
8;1;392958;13/10/2022;101
8;1;392959;13/10/2022;101
8;1;392960;13/10/2022;101
8;1;392961;14/10/2022;101
8;1;392962;14/10/2022;101
8;1;392963;14/10/2022;101
8;1;392964;14/10/2022;101
8;1;392965;14/10/2022;101
8;1;392966;15/10/2022;101
8;1;392967;17/10/2022;103
8;1;392968;15/10/2022;101
8;1;392969;17/10/2022;103
8;1;392970;15/10/2022;101
8;1;392971;18/10/2022;101
8;1;392972;18/10/2022;101
8;1;392973;18/10/2022;101
8;1;392974;18/10/2022;103
8;1;392975;18/10/2022;101
8;1;392976;18/10/2022;101
8;1;392977;18/10/2022;101
8;1;392978;18/10/2022;101
8;1;392979;19/10/2022;101
8;1;392980;19/10/2022;101
8;1;392981;19/10/2022;101
8;1;392982;19/10/2022;101
8;1;392983;19/10/2022;101
8;1;392984;19/10/2022;101
8;1;392985;19/10/2022;101
8;1;392986;19/10/2022;101
8;1;392987;19/10/2022;101
8;1;392988;20/10/2022;901
8;1;392989;20/10/2022;901
8;1;392990;20/10/2022;103
8;1;392991;20/10/2022;103
8;1;392992;20/10/2022;101
8;1;392993;20/10/2022;101
8;1;392994;20/10/2022;101
8;1;392995;19/10/2022;101
8;1;392996;25/10/2022;101
8;1;392997;21/10/2022;101
8;1;392998;21/10/2022;101
8;1;392999;22/10/2022;101
8;1;393000;21/10/2022;101
8;1;393001;21/10/2022;101
8;1;393002;21/10/2022;101
8;1;393003;21/10/2022;101
8;1;393004;21/10/2022;101
8;1;393005;21/10/2022;101
8;1;393006;22/10/2022;101
8;1;393007;24/10/2022;101
8;1;393008;24/10/2022;101
8;1;393009;24/10/2022;101
8;1;393010;24/10/2022;101
8;1;393011;24/10/2022;101
8;1;393012;24/10/2022;101
8;1;393013;22/10/2022;101
8;1;393014;24/10/2022;103
8;1;393015;24/10/2022;103
8;1;393016;24/10/2022;101
8;1;393017;26/10/2022;101
8;1;393018;22/10/2022;101
8;1;393019;22/10/2022;101
8;1;393020;25/10/2022;101
8;1;393021;26/10/2022;101
8;1;393022;26/10/2022;101
8;1;393023;26/10/2022;101
8;1;393024;26/10/2022;101
8;1;393025;26/10/2022;101
8;1;393026;01/11/2022;103
8;1;393027;01/11/2022;101
8;1;393028;01/11/2022;101
8;1;393029;01/11/2022;101
8;1;393030;01/11/2022;101
8;1;393031;01/11/2022;101
8;1;393032;01/11/2022;101
8;1;393033;01/11/2022;101
8;1;393034;01/11/2022;101
8;1;393035;01/11/2022;101
8;1;393036;01/11/2022;101
8;1;393037;01/11/2022;101
8;1;393038;01/11/2022;101
8;1;393039;01/11/2022;101
8;1;393040;01/11/2022;101
8;1;393041;03/11/2022;101
8;1;393042;03/11/2022;101
8;1;393043;03/11/2022;101
8;1;393044;03/11/2022;101
8;1;393045;03/11/2022;101
8;1;393046;03/11/2022;101
8;1;393047;03/11/2022;101
8;1;393048;03/11/2022;101
8;1;393049;03/11/2022;101
8;1;393050;03/11/2022;101
8;1;393051;04/11/2022;101
8;1;393052;04/11/2022;101
8;1;393053;04/11/2022;101
8;1;393054;04/11/2022;101
8;1;393055;05/11/2022;101
8;1;393056;05/11/2022;101
8;1;393057;05/11/2022;101
8;1;393058;05/11/2022;101
8;1;393059;05/11/2022;101
8;1;393060;05/11/2022;101
8;1;393061;07/11/2022;103
8;1;393062;08/11/2022;101
8;1;393063;08/11/2022;101
8;1;393064;08/11/2022;101
8;1;393065;08/11/2022;101
8;1;393066;09/11/2022;101
8;1;393067;09/11/2022;101
8;1;393068;09/11/2022;101
8;1;393069;09/11/2022;101
8;1;393070;10/11/2022;101
8;1;393071;10/11/2022;101
8;1;393072;10/11/2022;101
8;1;393073;10/11/2022;101
8;1;393074;10/11/2022;101
8;1;393075;10/11/2022;101
8;1;393076;11/11/2022;101
8;1;393077;11/11/2022;101
8;1;393078;11/11/2022;101
8;1;393079;11/11/2022;101
8;1;393080;11/11/2022;101
8;1;393081;11/11/2022;101
8;1;393082;11/11/2022;101
8;1;393083;11/11/2022;101
8;1;393084;11/11/2022;101
8;1;393085;11/11/2022;101
8;1;393086;11/11/2022;101
8;1;393087;14/11/2022;101
8;1;393088;14/11/2022;101
8;1;393089;14/11/2022;101
8;1;393090;14/11/2022;101
8;1;393091;14/11/2022;103
8;1;393092;16/11/2022;101
8;1;393093;16/11/2022;101
8;1;393094;17/11/2022;101
8;1;393095;19/11/2022;101
8;1;393096;19/11/2022;101
8;1;393097;17/11/2022;101
8;1;393098;18/11/2022;101
8;1;393099;18/11/2022;101
8;1;393100;18/11/2022;101
8;1;393101;18/11/2022;101
8;1;393102;18/11/2022;101
8;1;393103;18/11/2022;101
8;1;393104;21/11/2022;101
8;1;393105;21/11/2022;101
8;1;393106;21/11/2022;101
8;1;393107;21/11/2022;101
8;1;393108;21/11/2022;101
8;1;393109;23/11/2022;101
8;1;393110;22/11/2022;101
8;1;393111;22/11/2022;101
8;1;393112;22/11/2022;101
8;1;393113;23/11/2022;101
8;1;393114;24/11/2022;101
8;1;393115;24/11/2022;101
8;1;393116;01/12/2022;103
8;1;393117;23/11/2022;101
8;1;393118;24/11/2022;101
8;1;393119;24/11/2022;101
8;1;393120;01/12/2022;101
8;1;393121;24/11/2022;101
8;1;393122;24/11/2022;101
8;1;393123;24/11/2022;101
8;1;393124;24/11/2022;101
8;1;393125;25/11/2022;101
8;1;393126;05/12/2022;101
8;1;393128;01/12/2022;101
8;1;393129;01/12/2022;101
8;1;393130;01/12/2022;101
8;1;393131;01/12/2022;101
8;1;393132;01/12/2022;101
8;1;393133;01/12/2022;101
8;1;393134;01/12/2022;101
8;1;393135;01/12/2022;101
8;1;393136;01/12/2022;101
8;1;393137;01/12/2022;101
8;1;393139;01/12/2022;101
8;1;393140;01/12/2022;101
8;1;393141;01/12/2022;101
8;1;393142;01/12/2022;101
8;1;393143;01/12/2022;101
8;1;393144;02/12/2022;101
8;1;393145;02/12/2022;101
8;1;393146;02/12/2022;101
8;1;393147;02/12/2022;101
8;1;393148;02/12/2022;101
8;1;393149;02/12/2022;101
8;1;393150;02/12/2022;101
8;1;393151;03/12/2022;101
8;1;393152;03/12/2022;101
8;1;393153;03/12/2022;101
8;1;393154;03/12/2022;101
8;1;393155;03/12/2022;101
8;1;393156;05/12/2022;101
8;1;393157;03/12/2022;101
8;1;393158;06/12/2022;101
8;1;393159;06/12/2022;101
8;1;393160;06/12/2022;101
8;1;393161;07/12/2022;101
8;1;393162;07/12/2022;101
8;1;393163;07/12/2022;101
8;1;393164;07/12/2022;101
8;1;393165;07/12/2022;101
8;1;393166;07/12/2022;101
8;1;393167;07/12/2022;101
8;1;393168;07/12/2022;101
8;1;393169;07/12/2022;101
8;1;393170;08/12/2022;101
8;1;393171;09/12/2022;101
8;1;393172;08/12/2022;101
8;1;393173;09/12/2022;101
8;1;393174;08/12/2022;101
8;1;393175;10/12/2022;101
8;1;393176;10/12/2022;101
8;1;393177;10/12/2022;101
8;1;393178;12/12/2022;103
1629;1;393179;12/12/2022;101
8;1;393180;10/12/2022;101
8;1;393181;10/12/2022;101
8;1;393182;10/12/2022;101
8;1;393183;10/12/2022;101
8;1;393184;10/12/2022;101
8;1;393185;10/12/2022;101
8;1;393186;13/12/2022;101
8;1;393187;13/12/2022;101
8;1;393188;13/12/2022;101
8;1;393189;13/12/2022;101
8;1;393190;13/12/2022;101
8;1;393191;13/12/2022;101
8;1;393192;14/12/2022;901
8;1;393193;14/12/2022;901
8;1;393194;14/12/2022;901
8;1;393195;14/12/2022;901
8;1;393196;14/12/2022;901
8;1;393197;14/12/2022;101
8;1;393198;14/12/2022;101
8;1;393199;14/12/2022;101
8;1;393200;14/12/2022;101
8;1;393201;14/12/2022;101
8;1;393202;14/12/2022;101
8;1;393203;14/12/2022;101
8;1;393204;14/12/2022;101
8;1;393205;14/12/2022;101
8;1;393206;15/12/2022;101
8;1;393207;15/12/2022;101
8;1;393208;15/12/2022;101
8;1;393209;15/12/2022;101
8;1;393210;15/12/2022;101
8;1;393211;15/12/2022;101
8;1;393212;15/12/2022;101
8;1;393213;15/12/2022;101
8;1;393214;15/12/2022;101
8;1;393215;15/12/2022;101
8;1;393216;15/12/2022;101
8;1;393217;15/12/2022;101
8;1;393218;15/12/2022;101
8;1;393219;15/12/2022;101
8;1;393220;15/12/2022;101
8;1;393221;16/12/2022;101
8;1;393222;16/12/2022;101
8;1;393223;16/12/2022;101
8;1;393224;16/12/2022;101
8;1;393225;16/12/2022;101
8;1;393226;16/12/2022;101
8;1;393227;16/12/2022;101
8;1;393228;19/12/2022;101
8;1;393229;19/12/2022;101
8;1;393230;19/12/2022;101
8;1;393231;19/12/2022;101
8;1;393232;19/12/2022;101
8;1;393233;19/12/2022;101
8;1;393234;19/12/2022;101
8;1;393235;19/12/2022;101
8;1;393236;20/12/2022;101
8;1;393237;20/12/2022;101
8;1;393238;20/12/2022;101
8;1;393239;20/12/2022;101
8;1;393240;20/12/2022;101
8;1;393241;21/12/2022;101
8;1;393242;21/12/2022;101
8;1;393243;21/12/2022;101
8;1;393244;21/12/2022;101
8;1;393245;22/12/2022;101
8;1;393246;22/12/2022;101
8;1;393247;23/12/2022;101
8;1;393248;22/12/2022;101
8;1;393249;22/12/2022;101
8;1;393250;22/12/2022;101
8;1;393251;23/12/2022;101
8;1;393252;23/12/2022;101
8;1;393253;23/12/2022;101
8;1;393254;23/12/2022;101
8;1;393255;23/12/2022;101
8;1;393256;24/12/2022;101
8;1;393257;24/12/2022;101
8;1;393258;24/12/2022;101
8;1;393259;26/12/2022;101
8;1;393260;24/12/2022;101
8;1;393261;26/12/2022;101
8;1;393262;27/12/2022;101
8;1;393263;28/12/2022;101
8;1;393264;27/12/2022;101
8;1;393265;27/12/2022;103
8;1;393266;12/12/2022;103
8;1;393267;02/01/2023;101
8;1;393268;02/01/2023;101
8;1;393269;02/01/2023;101
8;1;393270;02/01/2023;101
8;1;393271;02/01/2023;101
8;1;393272;02/01/2023;101
8;1;393273;02/01/2023;101
8;1;393274;02/01/2023;101
8;1;393275;02/01/2023;101
8;1;393276;02/01/2023;101
8;1;393277;02/01/2023;101
8;1;393278;02/01/2023;101
8;1;393279;02/01/2023;101
8;1;393280;02/01/2023;101
8;1;393281;02/01/2023;101
8;1;393282;02/01/2023;101
8;1;393283;02/01/2023;101
8;1;393284;02/01/2023;101
8;1;393285;02/01/2023;101
8;1;393286;02/01/2023;101
8;1;393287;02/01/2023;101
8;1;393288;03/01/2023;101
8;1;393289;03/01/2023;101
8;1;393290;03/01/2023;101
8;1;393291;03/01/2023;101
8;1;393292;03/01/2023;101
8;1;393293;04/01/2023;101
8;1;393294;06/01/2023;101
8;1;393295;04/01/2023;101
8;1;393296;04/01/2023;101
8;1;393297;04/01/2023;101
8;1;393298;04/01/2023;101
8;1;393299;05/01/2023;101
8;1;393300;05/01/2023;101
8;1;393301;05/01/2023;101
8;1;393302;05/01/2023;101
8;1;393303;05/01/2023;101
8;1;393304;05/01/2023;103
8;1;393305;06/01/2023;101
8;1;393306;06/01/2023;101
8;1;393307;06/01/2023;101
8;1;393308;06/01/2023;101
8;1;393309;06/01/2023;101
8;1;393310;07/01/2023;101
8;1;393311;09/01/2023;101
8;1;393312;07/01/2023;101
8;1;393313;07/01/2023;101
8;1;393314;09/01/2023;101
8;1;393315;07/01/2023;101
8;1;393316;07/01/2023;101
8;1;393317;07/01/2023;101
8;1;393318;09/01/2023;103
8;1;393319;10/01/2023;101
8;1;393320;11/01/2023;101
8;1;393321;11/01/2023;101
8;1;393322;11/01/2023;101
8;1;393323;11/01/2023;101
8;1;393324;11/01/2023;101
8;1;393325;11/01/2023;101
8;1;393326;11/01/2023;101
8;1;393327;11/01/2023;901
8;1;393328;11/01/2023;901
8;1;393329;11/01/2023;901
8;1;393330;11/01/2023;901
8;1;393331;11/01/2023;101
8;1;393332;12/01/2023;101
8;1;393333;12/01/2023;101
8;1;393334;12/01/2023;101
8;1;393335;20/01/2023;101
8;1;393336;12/01/2023;101
8;1;393337;13/01/2023;101
8;1;393338;16/01/2023;101
8;1;393339;13/01/2023;103
8;1;393340;13/01/2023;101
8;1;393341;14/01/2023;101
8;1;393342;13/01/2023;101
8;1;393343;13/01/2023;101
8;1;393344;13/01/2023;101
8;1;393345;14/01/2023;101
8;1;393346;14/01/2023;101
8;1;393347;16/01/2023;101
8;1;393348;16/01/2023;101
8;1;393349;16/01/2023;101
8;1;393350;16/01/2023;101
8;1;393351;16/01/2023;101
8;1;393352;14/01/2023;101
8;1;393353;14/01/2023;101
8;1;393354;17/01/2023;101
8;1;393355;17/01/2023;101
8;1;393356;17/01/2023;101
8;1;393357;17/01/2023;101
8;1;393358;18/01/2023;103
8;1;393359;18/01/2023;101
8;1;393360;18/01/2023;101
8;1;393361;19/01/2023;101
8;1;393362;18/01/2023;101
8;1;393363;19/01/2023;101
8;1;393364;20/01/2023;101
8;1;393365;20/01/2023;101
8;1;393366;20/01/2023;101
8;1;393367;20/01/2023;101
8;1;393368;20/01/2023;101
8;1;393369;20/01/2023;101
8;1;393370;20/01/2023;101
4;1;393371;10/01/2023;901
4;1;393372;24/01/2023;101
8;1;393374;21/01/2023;101
4;1;393375;24/01/2023;101
8;1;393376;23/01/2023;103
4;1;393377;24/01/2023;101
4;1;393378;24/01/2023;101
4;1;393379;24/01/2023;101
8;1;393380;21/01/2023;101
8;1;393381;23/01/2023;101
8;1;393382;21/01/2023;101
8;1;393383;24/01/2023;101
8;1;393384;24/01/2023;101
8;1;393385;24/01/2023;101
8;1;393386;25/01/2023;101
8;1;393387;25/01/2023;103
8;1;393388;25/01/2023;101
8;1;393389;25/01/2023;101
8;1;393390;25/01/2023;101
8;1;393391;25/01/2023;101
8;1;393392;25/01/2023;101
8;1;393393;25/01/2023;101
8;1;393394;25/01/2023;101
8;1;393395;25/01/2023;101
8;1;393396;25/01/2023;101
8;1;393397;25/01/2023;101
8;1;393398;26/01/2023;101
4;1;393398;26/01/2023;101
8;1;393399;01/02/2023;101
8;1;393400;01/02/2023;101
8;1;393401;01/02/2023;101
8;1;393402;01/02/2023;101
8;1;393403;01/02/2023;101
8;1;393404;01/02/2023;101
8;1;393407;01/02/2023;101
8;1;393408;01/02/2023;101
8;1;393409;01/02/2023;101
4;1;393410;01/02/2023;101
282;1;393411;01/02/2023;101
8;1;393412;01/02/2023;101
8;1;393413;01/02/2023;101
8;1;393414;01/02/2023;101
4;1;393415;06/02/2023;101
4;1;393416;06/02/2023;101
4;1;393417;06/02/2023;101
4;1;393418;06/02/2023;101
4;1;393419;06/02/2023;101
4;1;393420;06/02/2023;101
4;1;393421;06/02/2023;101
4;1;393422;06/02/2023;101
4;1;393423;06/02/2023;101
4;1;393424;06/02/2023;101
4;1;393425;06/02/2023;101
4;1;393426;06/02/2023;101
4;1;393427;06/02/2023;101
4;1;393428;06/02/2023;101
8;1;393429;02/02/2023;101
8;1;393430;02/02/2023;101
8;1;393431;02/02/2023;101
8;1;393432;02/02/2023;101
8;1;393433;02/02/2023;101
8;1;393434;03/02/2023;101
8;1;393435;06/02/2023;101
8;1;393436;04/02/2023;101
8;1;393437;04/02/2023;101
8;1;393438;06/02/2023;103
8;1;393439;04/02/2023;101
8;1;393440;06/02/2023;103
8;1;393441;07/02/2023;101
8;1;393442;07/02/2023;101
8;1;393443;07/02/2023;101
8;1;393444;07/02/2023;101
1629;1;393445;08/02/2023;101
8;1;393446;08/02/2023;101
8;1;393447;08/02/2023;101
8;1;393448;08/02/2023;101
8;1;393449;08/02/2023;103
8;1;393450;09/02/2023;101
8;1;393451;09/02/2023;101
8;1;393452;09/02/2023;101
8;1;393453;09/02/2023;101
8;1;393454;09/02/2023;101
8;1;393455;10/02/2023;101
8;1;393456;10/02/2023;101
4;1;393457;14/02/2023;101
4;1;393458;14/02/2023;101
4;1;393459;14/02/2023;101
4;1;393460;14/02/2023;101
4;1;393461;14/02/2023;101
8;1;393462;10/02/2023;101
4;1;393463;14/02/2023;101
4;1;393464;14/02/2023;101
4;1;393465;14/02/2023;101
8;1;393466;13/02/2023;101
8;1;393467;13/02/2023;101
8;1;393468;13/02/2023;101
8;1;393469;13/02/2023;101
8;1;393470;13/02/2023;101
8;1;393471;13/02/2023;101
8;1;393472;13/02/2023;101
8;1;393473;13/02/2023;101
8;1;393474;13/02/2023;101
8;1;393475;14/02/2023;101
8;1;393476;14/02/2023;101
8;1;393477;15/02/2023;101
8;1;393478;15/02/2023;101
8;1;393479;15/02/2023;101
8;1;393480;16/02/2023;101
8;1;393481;16/02/2023;101
8;1;393482;16/02/2023;101
8;1;393483;16/02/2023;101
8;1;393484;17/02/2023;101
8;1;393485;17/02/2023;101
8;1;393486;17/02/2023;101
8;1;393487;17/02/2023;101
8;1;393488;17/02/2023;101
8;1;393489;22/02/2023;101
8;1;393490;18/02/2023;101
8;1;393491;20/02/2023;101
8;1;393492;20/02/2023;101
8;1;393493;18/02/2023;101
8;1;393494;18/02/2023;101
8;1;393495;18/02/2023;101
8;1;393496;18/02/2023;101
8;1;393497;18/02/2023;101
8;1;393498;23/02/2023;103
8;1;393499;22/02/2023;101
8;1;393500;22/02/2023;101
8;1;393501;22/02/2023;101
8;1;393502;01/03/2023;101
8;1;393503;22/02/2023;101
8;1;393504;23/02/2023;103
8;1;393505;23/02/2023;103
8;1;393506;24/02/2023;101
8;1;393507;24/02/2023;101
8;1;393508;24/02/2023;101
8;1;393509;23/02/2023;101
8;1;393510;23/02/2023;103
4;1;393511;01/03/2023;101
8;1;393512;24/02/2023;103
8;1;393513;24/02/2023;103
8;1;393514;24/02/2023;103
8;1;393515;24/02/2023;103
8;1;393516;24/02/2023;103
8;1;393517;24/02/2023;103
8;1;393518;24/02/2023;103
8;1;393519;24/02/2023;103
8;1;393520;24/02/2023;103
4;1;393521;01/03/2023;101
4;1;393522;01/03/2023;101
4;1;393523;01/03/2023;101
4;1;393524;01/03/2023;101
4;1;393526;07/03/2023;101
8;1;393527;01/03/2023;101
8;1;393528;01/03/2023;101
8;1;393529;01/03/2023;101
8;1;393530;01/03/2023;101
8;1;393531;01/03/2023;101
8;1;393532;01/03/2023;101
8;1;393533;01/03/2023;101
4;1;393534;07/03/2023;101
4;1;393535;07/03/2023;101
8;1;393536;02/03/2023;101
4;1;393537;07/03/2023;101
8;1;393538;01/03/2023;101
8;1;393539;01/03/2023;101
8;1;393540;01/03/2023;101
4;1;393542;07/03/2023;101
8;1;393543;02/03/2023;101
8;1;393544;02/03/2023;101
8;1;393545;02/03/2023;101
8;1;393546;02/03/2023;101
8;1;393547;02/03/2023;101
8;1;393548;03/03/2023;101
8;1;393549;03/03/2023;101
8;1;393550;07/03/2023;101
8;1;393551;07/03/2023;101
8;1;393552;07/03/2023;101
8;1;393553;07/03/2023;101
8;1;393554;06/03/2023;103
8;1;393555;04/03/2023;101
8;1;393556;04/03/2023;101
8;1;393557;04/03/2023;101
8;1;393558;06/03/2023;101
8;1;393559;06/03/2023;103
8;1;393560;07/03/2023;101
8;1;393561;08/03/2023;101
8;1;393562;08/03/2023;101
8;1;393563;08/03/2023;101
8;1;393564;08/03/2023;101
8;1;393565;08/03/2023;101
8;1;393566;08/03/2023;101
8;1;393567;08/03/2023;101
8;1;393568;08/03/2023;101
8;1;393569;15/03/2023;101
8;1;393570;08/03/2023;101
8;1;393571;08/03/2023;101
8;1;393572;08/03/2023;101
8;1;393573;08/03/2023;103
8;1;393574;08/03/2023;901
8;1;393575;09/03/2023;101
8;1;393576;09/03/2023;101
8;1;393577;09/03/2023;101
8;1;393578;10/03/2023;101
8;1;393579;10/03/2023;101
8;1;393580;11/03/2023;101
8;1;393581;11/03/2023;101
8;1;393582;11/03/2023;101
8;1;393583;11/03/2023;101
8;1;393584;11/03/2023;101
8;1;393585;11/03/2023;101
8;1;393586;11/03/2023;101
8;1;393587;11/03/2023;101
8;1;393588;11/03/2023;101
8;1;393589;14/03/2023;101
8;1;393590;14/03/2023;101
8;1;393591;14/03/2023;101
8;1;393592;14/03/2023;101
8;1;393593;15/03/2023;101
8;1;393594;15/03/2023;101
8;1;393595;15/03/2023;101
8;1;393597;15/03/2023;101
282;1;393598;15/03/2023;101
8;1;393599;15/03/2023;101
8;1;393600;15/03/2023;101
8;1;393601;15/03/2023;101
8;1;393602;15/03/2023;101
8;1;393603;16/03/2023;103
8;1;393604;16/03/2023;101
8;1;393605;15/03/2023;103
8;1;393606;17/03/2023;101
8;1;393607;17/03/2023;101
8;1;393608;17/03/2023;101
8;1;393609;17/03/2023;101
8;1;393610;17/03/2023;101
8;1;393611;17/03/2023;101
8;1;393612;18/03/2023;101
8;1;393613;18/03/2023;101
8;1;393614;18/03/2023;101
8;1;393615;07/03/2023;901
8;1;393616;18/03/2023;101
8;1;393617;20/03/2023;103
8;1;393618;16/03/2023;103
8;1;393619;23/03/2023;101
8;1;393620;23/03/2023;101
8;1;393621;23/03/2023;101
8;1;393622;23/03/2023;101
8;1;393623;23/03/2023;101
8;1;393624;23/03/2023;101
8;1;393625;23/03/2023;101
8;1;393626;23/03/2023;101
8;1;393627;23/03/2023;101
8;1;393628;23/03/2023;101
8;1;393629;23/03/2023;101
8;1;393630;23/03/2023;101
8;1;393631;23/03/2023;101
8;1;393632;23/03/2023;101
8;1;393633;23/03/2023;101
8;1;393634;01/04/2023;101
8;1;393635;27/03/2023;103
8;1;393636;27/03/2023;101
8;1;393637;27/03/2023;101
8;1;393638;25/03/2023;101
8;1;393639;03/04/2023;101
4;1;393640;17/04/2023;103
8;1;393641;28/03/2023;101
8;1;393642;03/04/2023;101
282;1;393642;03/04/2023;101
8;1;393643;03/04/2023;101
8;1;393644;03/04/2023;901
8;1;393645;01/04/2023;101
8;1;393646;01/04/2023;101
8;1;393647;01/04/2023;101
8;1;393648;01/04/2023;101
8;1;393649;01/04/2023;101
8;1;393650;01/04/2023;101
8;1;393651;03/04/2023;101
8;1;393652;01/04/2023;101
8;1;393653;03/04/2023;103
8;1;393654;01/04/2023;101
8;1;393655;03/04/2023;103
8;1;393656;01/04/2023;101
8;1;393657;03/04/2023;103
4;1;393658;17/04/2023;103
8;1;393659;04/04/2023;101
8;1;393660;04/04/2023;101
8;1;393661;04/04/2023;101
8;1;393662;04/04/2023;101
8;1;393663;05/04/2023;101
8;1;393664;05/04/2023;101
8;1;393665;05/04/2023;101
8;1;393666;05/04/2023;101
8;1;393667;05/04/2023;101
8;1;393668;05/04/2023;101
8;1;393669;05/04/2023;101
8;1;393670;05/04/2023;101
8;1;393671;05/04/2023;101
8;1;393672;05/04/2023;101
8;1;393673;05/04/2023;101
8;1;393674;05/04/2023;101
8;1;393675;05/04/2023;101
8;1;393676;05/04/2023;101
8;1;393677;06/04/2023;101
8;1;393678;06/04/2023;101
8;1;393679;06/04/2023;101
8;1;393680;08/04/2023;101
8;1;393681;10/04/2023;103
8;1;393682;08/04/2023;101
8;1;393683;08/04/2023;101
8;1;393684;10/04/2023;103
8;1;393685;08/04/2023;101
8;1;393686;08/04/2023;101
8;1;393687;11/04/2023;101
8;1;393688;11/04/2023;101
8;1;393689;11/04/2023;101
8;1;393690;11/04/2023;101
8;1;393691;11/04/2023;101
8;1;393692;11/04/2023;101
8;1;393693;12/04/2023;101
8;1;393694;12/04/2023;101
8;1;393695;12/04/2023;101
8;1;393696;12/04/2023;101
8;1;393697;12/04/2023;101
8;1;393698;12/04/2023;101
8;1;393699;12/04/2023;101
8;1;393700;12/04/2023;101
8;1;393701;12/04/2023;101
8;1;393702;12/04/2023;101
8;1;393703;12/04/2023;101
8;1;393704;12/04/2023;101
8;1;393705;12/04/2023;101
8;1;393706;12/04/2023;101
8;1;393707;12/04/2023;101
8;1;393708;12/04/2023;101
8;1;393709;13/04/2023;101
8;1;393710;13/04/2023;101
8;1;393711;13/04/2023;101
8;1;393712;13/04/2023;101
8;1;393713;13/04/2023;101
8;1;393714;13/04/2023;101
8;1;393715;14/04/2023;103
8;1;393716;14/04/2023;101
8;1;393717;14/04/2023;101
8;1;393718;14/04/2023;101
8;1;393719;14/04/2023;101
8;1;393720;14/04/2023;101
8;1;393721;14/04/2023;101
8;1;393722;14/04/2023;101
8;1;393723;14/04/2023;101
8;1;393724;17/04/2023;103
8;1;393725;17/04/2023;103
8;1;393726;17/04/2023;101
8;1;393727;17/04/2023;103
8;1;393728;15/04/2023;101
8;1;393729;15/04/2023;101
8;1;393730;15/04/2023;101
8;1;393731;15/04/2023;101
8;1;393732;15/04/2023;101
8;1;393733;17/04/2023;101
8;1;393734;17/04/2023;103
8;1;393735;18/04/2023;101
8;1;393736;18/04/2023;101
8;1;393737;18/04/2023;101
8;1;393738;19/04/2023;101
8;1;393739;18/04/2023;101
8;1;393740;18/04/2023;101
8;1;393741;18/04/2023;101
8;1;393742;24/04/2023;101
8;1;393743;18/04/2023;101
8;1;393744;18/04/2023;101
8;1;393745;18/04/2023;103
8;1;393746;18/04/2023;101
8;1;393747;19/04/2023;101
8;1;393748;19/04/2023;101
8;1;393749;19/04/2023;101
8;1;393750;19/04/2023;101
8;1;393751;19/04/2023;901
8;1;393752;19/04/2023;101
8;1;393753;19/04/2023;101
8;1;393754;20/04/2023;101
8;1;393755;20/04/2023;101
8;1;393756;20/04/2023;101
8;1;393757;20/04/2023;101
8;1;393758;20/04/2023;101
8;1;393759;20/04/2023;101
8;1;393760;20/04/2023;101
8;1;393761;22/04/2023;101
8;1;393762;02/05/2023;101
8;1;393763;24/04/2023;101
8;1;393764;24/04/2023;101
8;1;393765;24/04/2023;101
8;1;393766;22/04/2023;101
8;1;393767;02/05/2023;101
8;1;393768;02/05/2023;101
8;1;393769;02/05/2023;101
8;1;393770;03/05/2023;101
8;1;393771;03/05/2023;101
8;1;393772;03/05/2023;101
8;1;393773;02/05/2023;101
8;1;393774;02/05/2023;101
8;1;393775;02/05/2023;101
8;1;393776;02/05/2023;101
8;1;393777;02/05/2023;101
8;1;393778;02/05/2023;101
8;1;393779;02/05/2023;101
8;1;393780;02/05/2023;101
8;1;393781;02/05/2023;101
8;1;393782;26/04/2023;722
8;1;393783;02/05/2023;101
8;1;393784;02/05/2023;101
8;1;393785;02/05/2023;101
8;1;393786;02/05/2023;101
8;1;393787;02/05/2023;101
8;1;393788;02/05/2023;101
8;1;393789;03/05/2023;101
8;1;393790;03/05/2023;101
8;1;393791;03/05/2023;101
8;1;393792;03/05/2023;101
8;1;393793;03/05/2023;101
8;1;393794;03/05/2023;101
8;1;393795;03/05/2023;101
8;1;393796;04/05/2023;101
8;1;393797;04/05/2023;101
1629;1;393798;04/05/2023;101
8;1;393799;05/05/2023;101
8;1;393800;05/05/2023;101
8;1;393801;08/05/2023;103
8;1;393802;06/05/2023;101
8;1;393803;08/05/2023;101
8;1;393804;08/05/2023;101
8;1;393805;06/05/2023;101
8;1;393806;06/05/2023;101
8;1;393807;08/05/2023;101
8;1;393808;09/05/2023;101
8;1;393809;09/05/2023;101
8;1;393810;09/05/2023;101
8;1;393811;09/05/2023;101
8;1;393812;09/05/2023;101
8;1;393813;10/05/2023;101
8;1;393814;10/05/2023;101
8;1;393815;10/05/2023;101
8;1;393816;10/05/2023;101
8;1;393817;10/05/2023;101
8;1;393818;10/05/2023;101
8;1;393819;10/05/2023;101
8;1;393820;10/05/2023;101
8;1;393821;11/05/2023;101
8;1;393822;11/05/2023;101
8;1;393823;11/05/2023;101
8;1;393824;11/05/2023;101
8;1;393825;12/05/2023;101
8;1;393826;12/05/2023;101
8;1;393827;12/05/2023;101
8;1;393828;12/05/2023;101
8;1;393829;12/05/2023;101
8;1;393830;12/05/2023;101
8;1;393831;12/05/2023;101
8;1;393832;15/05/2023;101
8;1;393833;13/05/2023;101
8;1;393834;13/05/2023;101
8;1;393835;13/05/2023;101
8;1;393836;15/05/2023;103
8;1;393837;16/05/2023;101
8;1;393838;16/05/2023;101
8;1;393839;16/05/2023;101
8;1;393840;17/05/2023;101
8;1;393841;17/05/2023;101
8;1;393842;17/05/2023;101
8;1;393843;18/05/2023;101
8;1;393844;18/05/2023;101
8;1;393845;18/05/2023;101
8;1;393846;18/05/2023;101
8;1;393847;18/05/2023;101
8;1;393848;18/05/2023;101
8;1;393849;19/05/2023;101
8;1;393850;19/05/2023;101
8;1;393851;19/05/2023;101
8;1;393852;19/05/2023;101
8;1;393853;19/05/2023;101
8;1;393854;19/05/2023;101
8;1;393855;19/05/2023;101
8;1;393856;19/05/2023;101
8;1;393857;20/05/2023;101
8;1;393858;20/05/2023;101
8;1;393859;20/05/2023;101
8;1;393860;23/05/2023;101
8;1;393861;23/05/2023;101
8;1;393862;23/05/2023;101
8;1;393863;23/05/2023;101
8;1;393864;23/05/2023;101
8;1;393865;24/05/2023;101
8;1;393866;24/05/2023;101
8;1;393867;24/05/2023;101
8;1;393868;24/05/2023;101
8;1;393869;24/05/2023;101
8;1;393870;29/05/2023;103
8;1;393871;24/05/2023;101
4;1;393872;17/07/2023;101
8;1;393873;25/05/2023;101
8;1;393874;25/05/2023;101
8;1;393875;09/05/2023;103
8;1;393876;01/06/2023;101
8;1;393877;01/06/2023;101
8;1;393878;01/06/2023;101
8;1;393879;01/06/2023;101
8;1;393880;01/06/2023;101
8;1;393881;02/06/2023;101
8;1;393882;01/06/2023;101
8;1;393883;01/06/2023;103
8;1;393884;01/06/2023;101
8;1;393885;01/06/2023;101
8;1;393886;01/06/2023;103
8;1;393887;01/06/2023;101
8;1;393888;01/06/2023;103
8;1;393889;01/06/2023;101
8;1;393890;01/06/2023;101
8;1;393891;01/06/2023;101
8;1;393892;02/06/2023;101
8;1;393893;02/06/2023;101
8;1;393894;02/06/2023;101
8;1;393895;02/06/2023;101
8;1;393896;02/06/2023;101
8;1;393897;02/06/2023;101
8;1;393898;02/06/2023;101
8;1;393899;03/06/2023;101
8;1;393900;03/06/2023;101
8;1;393901;05/06/2023;103
8;1;393902;05/06/2023;101
8;1;393903;06/06/2023;101
8;1;393904;06/06/2023;103
8;1;393905;07/06/2023;101
8;1;393906;07/06/2023;101
8;1;393907;07/06/2023;101
8;1;393908;07/06/2023;101
8;1;393909;07/06/2023;101
8;1;393910;07/06/2023;101
8;1;393911;07/06/2023;101
8;1;393912;07/06/2023;101
8;1;393913;07/06/2023;101
8;1;393914;07/06/2023;101
8;1;393915;07/06/2023;101
8;1;393916;09/06/2023;101
8;1;393917;09/06/2023;101
8;1;393918;09/06/2023;101
8;1;393919;09/06/2023;101
8;1;393920;09/06/2023;101
8;1;393921;09/06/2023;101
8;1;393922;10/06/2023;101
8;1;393923;10/06/2023;101
8;1;393924;10/06/2023;101
8;1;393925;10/06/2023;101
8;1;393926;10/06/2023;101
8;1;393927;10/06/2023;101
8;1;393928;10/06/2023;101
8;1;393929;10/06/2023;101
8;1;393930;10/06/2023;101
8;1;393931;10/06/2023;101
8;1;393932;12/06/2023;103
8;1;393933;10/06/2023;101
8;1;393934;13/06/2023;101
8;1;393935;13/06/2023;101
8;1;393936;13/06/2023;101
8;1;393937;13/06/2023;101
8;1;393938;15/06/2023;101
8;1;393939;15/06/2023;101
8;1;393940;15/06/2023;101
8;1;393941;15/06/2023;101
8;1;393942;15/06/2023;101
8;1;393943;15/06/2023;101
8;1;393944;15/06/2023;101
8;1;393945;15/06/2023;101
8;1;393946;15/06/2023;101
8;1;393947;15/06/2023;101
8;1;393948;15/06/2023;101
8;1;393949;15/06/2023;101
8;1;393950;15/06/2023;101
8;1;393951;15/06/2023;101
8;1;393952;15/06/2023;101
8;1;393953;15/06/2023;101
8;1;393954;15/06/2023;101
8;1;393955;15/06/2023;101
8;1;393956;15/06/2023;101
8;1;393957;15/06/2023;101
8;1;393958;15/06/2023;101
8;1;393959;15/06/2023;101
8;1;393960;15/06/2023;101
8;1;393961;15/06/2023;101
8;1;393962;15/06/2023;101
8;1;393963;16/06/2023;101
8;1;393964;16/06/2023;101
8;1;393965;19/06/2023;101
8;1;393966;19/06/2023;101
8;1;393967;19/06/2023;101
8;1;393968;19/06/2023;101
8;1;393969;17/06/2023;101
8;1;393970;19/06/2023;101
8;1;393971;19/06/2023;101
8;1;393972;17/06/2023;101
8;1;393973;19/06/2023;101
8;1;393974;17/06/2023;101
8;1;393975;19/06/2023;101
8;1;393976;19/06/2023;101
8;1;393977;17/06/2023;101
8;1;393978;19/06/2023;101
8;1;393979;19/06/2023;101
8;1;393980;17/06/2023;101
8;1;393981;17/06/2023;101
8;1;393982;17/06/2023;101
8;1;393983;17/06/2023;101
8;1;393984;20/06/2023;101
8;1;393985;20/06/2023;101
8;1;393986;20/06/2023;103
8;1;393987;20/06/2023;101
4;1;393988;04/09/2023;101
8;1;393989;21/06/2023;101
8;1;393990;21/06/2023;101
8;1;393991;21/06/2023;101
8;1;393992;21/06/2023;101
8;1;393993;22/06/2023;101
8;1;393994;22/06/2023;101
8;1;393995;22/06/2023;101
8;1;393996;22/06/2023;101
8;1;393997;23/06/2023;101
8;1;393998;23/06/2023;101
8;1;393999;24/06/2023;101
8;1;394000;24/06/2023;101
8;1;394001;26/06/2023;101
8;1;394002;24/06/2023;101
8;1;394003;24/06/2023;101
8;1;394004;24/06/2023;101
8;1;394005;24/06/2023;101
8;1;394006;27/06/2023;101
8;1;394007;27/06/2023;101
8;1;394008;27/06/2023;101
8;1;394009;27/06/2023;101
8;1;394010;27/06/2023;101
8;1;394011;01/07/2023;101
8;1;394012;01/07/2023;101
8;1;394013;01/07/2023;101
8;1;394014;01/07/2023;101
8;1;394015;01/07/2023;101
8;1;394016;03/07/2023;101
8;1;394017;01/07/2023;101
8;1;394018;03/07/2023;101
8;1;394019;01/07/2023;101
8;1;394020;03/07/2023;101
8;1;394021;03/07/2023;101
8;1;394022;01/07/2023;101
8;1;394023;01/07/2023;101
8;1;394024;01/07/2023;101
8;1;394025;01/07/2023;101
8;1;394026;03/07/2023;103
8;1;394027;01/07/2023;101
8;1;394028;01/07/2023;101
8;1;394029;03/07/2023;101
8;1;394030;03/07/2023;101
8;1;394031;01/07/2023;101
8;1;394032;04/07/2023;101
8;1;394033;04/07/2023;101
8;1;394034;04/07/2023;101
8;1;394035;04/07/2023;101
8;1;394036;04/07/2023;101
8;1;394037;04/07/2023;101
8;1;394038;04/07/2023;101
8;1;394039;05/07/2023;101
8;1;394040;05/07/2023;101
8;1;394041;05/07/2023;901
8;1;394042;05/07/2023;101
8;1;394043;05/07/2023;101
8;1;394044;05/07/2023;101
8;1;394045;05/07/2023;101
8;1;394046;05/07/2023;101
8;1;394047;05/07/2023;103
8;1;394048;05/07/2023;101
8;1;394049;06/07/2023;101
8;1;394050;07/07/2023;101
8;1;394051;06/07/2023;101
8;1;394052;06/07/2023;101
8;1;394053;06/07/2023;101
8;1;394054;06/07/2023;101
8;1;394055;07/07/2023;101
8;1;394056;07/07/2023;101
8;1;394057;07/07/2023;101
8;1;394058;07/07/2023;101
8;1;394059;07/07/2023;101
8;1;394060;07/07/2023;101
8;1;394061;08/07/2023;101
8;1;394062;08/07/2023;101
8;1;394063;08/07/2023;101
8;1;394064;08/07/2023;101
8;1;394065;08/07/2023;101
8;1;394066;08/07/2023;101
8;1;394067;10/07/2023;103
8;1;394068;10/07/2023;101
8;1;394069;11/07/2023;101
8;1;394070;11/07/2023;101
8;1;394071;11/07/2023;101
8;1;394072;11/07/2023;101
8;1;394073;11/07/2023;101
8;1;394074;11/07/2023;101
8;1;394075;12/07/2023;101
8;1;394076;12/07/2023;101
8;1;394077;12/07/2023;101
8;1;394078;12/07/2023;101
8;1;394079;12/07/2023;101
8;1;394080;12/07/2023;101
8;1;394081;13/07/2023;101
8;1;394082;13/07/2023;101
8;1;394083;13/07/2023;101
8;1;394084;13/07/2023;101
8;1;394085;13/07/2023;101
8;1;394086;13/07/2023;101
8;1;394087;13/07/2023;101
8;1;394088;14/07/2023;101
8;1;394089;13/07/2023;101
8;1;394090;13/07/2023;101
8;1;394091;14/07/2023;101
8;1;394092;14/07/2023;101
8;1;394093;14/07/2023;101
8;1;394094;14/07/2023;101
8;1;394095;15/07/2023;101
8;1;394096;15/07/2023;101
8;1;394097;15/07/2023;101
8;1;394098;15/07/2023;101
8;1;394099;15/07/2023;101
8;1;394100;15/07/2023;101
8;1;394101;18/07/2023;101
8;1;394102;18/07/2023;101
8;1;394103;19/07/2023;101
8;1;394104;19/07/2023;101
8;1;394105;19/07/2023;101
8;1;394106;19/07/2023;101
8;1;394107;19/07/2023;101
8;1;394108;19/07/2023;101
8;1;394109;19/07/2023;101
8;1;394110;19/07/2023;101
8;1;394111;19/07/2023;101
8;1;394112;19/07/2023;101
8;1;394113;20/07/2023;101
8;1;394114;20/07/2023;101
8;1;394115;20/07/2023;101
8;1;394116;21/07/2023;101
8;1;394117;21/07/2023;101
8;1;394118;21/07/2023;101
8;1;394119;21/07/2023;101
8;1;394120;21/07/2023;101
8;1;394121;24/07/2023;101
8;1;394122;22/07/2023;101
8;1;394123;22/07/2023;101
8;1;394124;24/07/2023;101
8;1;394125;24/07/2023;101
8;1;394126;22/07/2023;101
8;1;394127;22/07/2023;101
8;1;394128;22/07/2023;101
8;1;394129;22/07/2023;101
8;1;394130;25/07/2023;101
8;1;394131;25/07/2023;101
8;1;394132;25/07/2023;101
8;1;394133;01/08/2023;101
8;1;394134;01/08/2023;101
8;1;394135;28/07/2023;103
8;1;394136;01/08/2023;101
8;1;394137;01/08/2023;101
8;1;394138;01/08/2023;101
8;1;394139;01/08/2023;101
8;1;394140;01/08/2023;101
8;1;394141;01/08/2023;101
8;1;394142;01/08/2023;101
8;1;394143;01/08/2023;101
8;1;394144;01/08/2023;101
8;1;394145;01/08/2023;101
8;1;394146;01/08/2023;101
8;1;394147;01/08/2023;101
8;1;394148;01/08/2023;101
8;1;394149;01/08/2023;101
8;1;394150;01/08/2023;101
8;1;394151;01/08/2023;101
8;1;394152;01/08/2023;101
8;1;394153;01/08/2023;101
8;1;394154;01/08/2023;101
8;1;394155;01/08/2023;101
8;1;394156;01/08/2023;101
8;1;394157;01/08/2023;101
8;1;394158;01/08/2023;101
8;1;394159;01/08/2023;101
8;1;394160;01/08/2023;101
8;1;394161;01/08/2023;901
8;1;394162;02/08/2023;101
8;1;394163;02/08/2023;101
8;1;394164;02/08/2023;101
8;1;394165;02/08/2023;101
8;1;394166;02/08/2023;101
8;1;394167;02/08/2023;101
8;1;394168;02/08/2023;101
8;1;394169;02/08/2023;101
8;1;394170;02/08/2023;101
8;1;394171;02/08/2023;101
8;1;394172;02/08/2023;101
8;1;394173;02/08/2023;101
8;1;394174;02/08/2023;101
8;1;394175;02/08/2023;101
8;1;394176;02/08/2023;101
8;1;394177;02/08/2023;101
8;1;394178;05/08/2023;101
8;1;394179;03/08/2023;101
8;1;394180;04/08/2023;101
8;1;394181;04/08/2023;101
8;1;394182;05/08/2023;101
8;1;394183;05/08/2023;101
8;1;394184;08/08/2023;101
8;1;394185;08/08/2023;101
8;1;394186;08/08/2023;101
8;1;394187;08/08/2023;101
8;1;394188;08/08/2023;101
8;1;394189;08/08/2023;101
8;1;394190;08/08/2023;101
8;1;394191;07/08/2023;901
8;1;394192;09/08/2023;101
8;1;394193;09/08/2023;101
8;1;394194;09/08/2023;101
8;1;394195;09/08/2023;101
8;1;394196;09/08/2023;101
8;1;394197;09/08/2023;101
8;1;394198;09/08/2023;101
8;1;394199;09/08/2023;101
8;1;394200;09/08/2023;101
8;1;394201;09/08/2023;103
8;1;394202;09/08/2023;101
8;1;394203;09/08/2023;101
8;1;394204;09/08/2023;101
8;1;394205;10/08/2023;101
8;1;394206;10/08/2023;101
8;1;394207;10/08/2023;101
8;1;394208;10/08/2023;101
8;1;394209;10/08/2023;101
8;1;394210;11/08/2023;101
8;1;394211;11/08/2023;101
8;1;394212;11/08/2023;101
8;1;394213;11/08/2023;101
8;1;394214;11/08/2023;101
8;1;394215;11/08/2023;101
8;1;394216;11/08/2023;101
8;1;394217;11/08/2023;101
8;1;394218;11/08/2023;101
8;1;394219;12/08/2023;101
8;1;394220;12/08/2023;101
8;1;394221;12/08/2023;101
8;1;394222;14/08/2023;101
8;1;394223;14/08/2023;103
8;1;394224;14/08/2023;103
8;1;394225;12/08/2023;101
8;1;394226;14/08/2023;101
8;1;394227;15/08/2023;101
8;1;394228;15/08/2023;101
8;1;394229;15/08/2023;101
8;1;394230;16/08/2023;101
8;1;394231;16/08/2023;101
8;1;394232;16/08/2023;101
8;1;394233;16/08/2023;101
8;1;394234;16/08/2023;101
8;1;394235;16/08/2023;101
8;1;394236;16/08/2023;101
8;1;394237;16/08/2023;101
8;1;394238;16/08/2023;101
8;1;394239;19/08/2023;101
8;1;394240;17/08/2023;101
8;1;394241;17/08/2023;101
8;1;394242;17/08/2023;101
8;1;394243;17/08/2023;101
8;1;394244;17/08/2023;901
8;1;394245;17/08/2023;901
8;1;394246;18/08/2023;101
8;1;394247;18/08/2023;101
8;1;394248;18/08/2023;101
8;1;394249;18/08/2023;101
8;1;394250;18/08/2023;101
8;1;394251;18/08/2023;101
8;1;394252;19/08/2023;101
8;1;394253;19/08/2023;101
8;1;394254;19/08/2023;101
8;1;394255;19/08/2023;101
8;1;394256;19/08/2023;101
8;1;394257;19/08/2023;101
8;1;394258;19/08/2023;101
8;1;394259;22/08/2023;101
8;1;394260;22/08/2023;901
8;1;394261;22/08/2023;101
8;1;394262;22/08/2023;101
8;1;394263;22/08/2023;101
8;1;394264;23/08/2023;101
8;1;394265;23/08/2023;101
8;1;394266;23/08/2023;101
8;1;394267;23/08/2023;101
8;1;394268;23/08/2023;101
8;1;394269;23/08/2023;101
8;1;394270;23/08/2023;901
8;1;394271;24/08/2023;101
8;1;394272;14/08/2023;103
8;1;394273;24/08/2023;101
8;1;394274;25/08/2023;101
8;1;394275;25/08/2023;101
8;1;394276;25/08/2023;101
8;1;394277;25/08/2023;101
8;1;394278;25/08/2023;101
8;1;394279;25/08/2023;101
8;1;394280;25/08/2023;101
8;1;394281;25/08/2023;101
8;1;394282;28/08/2023;103
8;1;394283;28/08/2023;103
8;1;394284;28/08/2023;103
8;1;394285;28/08/2023;103
8;1;394286;28/08/2023;103
8;1;394287;28/08/2023;103
8;1;394288;16/08/2023;101
8;1;394289;01/09/2023;101
8;1;394290;01/09/2023;101
8;1;394291;01/09/2023;101
8;1;394292;01/09/2023;101
8;1;394293;01/09/2023;101
8;1;394294;01/09/2023;101
8;1;394295;01/09/2023;101
8;1;394296;01/09/2023;101
8;1;394297;01/09/2023;101
8;1;394298;01/09/2023;101
8;1;394299;01/09/2023;101
8;1;394300;01/09/2023;101
4;1;394301;04/09/2023;101
4;1;394302;04/09/2023;101
4;1;394303;04/09/2023;101
4;1;394304;04/09/2023;101
8;1;394305;04/09/2023;103
8;1;394306;02/09/2023;101
8;1;394307;04/09/2023;103
8;1;394308;02/09/2023;101
8;1;394309;04/09/2023;101
8;1;394310;02/09/2023;101
8;1;394311;05/09/2023;101
8;1;394312;05/09/2023;101
8;1;394313;05/09/2023;101
8;1;394314;05/09/2023;101
8;1;394315;05/09/2023;101
8;1;394316;05/09/2023;101
8;1;394317;04/09/2023;103
8;1;394318;06/09/2023;101
8;1;394319;06/09/2023;101
8;1;394320;06/09/2023;101
8;1;394321;06/09/2023;101
8;1;394322;08/09/2023;101
8;1;394323;08/09/2023;101
8;1;394324;08/09/2023;101
8;1;394325;08/09/2023;101
8;1;394326;08/09/2023;101
8;1;394327;09/09/2023;101
8;1;394328;11/09/2023;101
8;1;394329;09/09/2023;101
8;1;394330;11/09/2023;101
8;1;394331;09/09/2023;101
8;1;394332;12/09/2023;101
8;1;394333;12/09/2023;101
8;1;394334;12/09/2023;101
8;1;394335;12/09/2023;101
8;1;394336;12/09/2023;101
8;1;394337;12/09/2023;101
8;1;394338;12/09/2023;101
8;1;394339;13/09/2023;101
8;1;394340;13/09/2023;101
8;1;394341;13/09/2023;101
8;1;394342;13/09/2023;101
8;1;394343;13/09/2023;101
8;1;394344;13/09/2023;101
8;1;394345;14/09/2023;101
8;1;394346;14/09/2023;101
8;1;394347;14/09/2023;101
8;1;394348;14/09/2023;101
8;1;394349;14/09/2023;101
8;1;394350;14/09/2023;101
8;1;394351;15/09/2023;101
8;1;394352;15/09/2023;101
8;1;394353;15/09/2023;101
8;1;394354;15/09/2023;101
8;1;394355;15/09/2023;101
8;1;394356;16/09/2023;101
8;1;394357;16/09/2023;101
8;1;394358;18/09/2023;101
8;1;394359;18/09/2023;103
8;1;394360;16/09/2023;101
8;1;394361;16/09/2023;101
8;1;394362;18/09/2023;103
8;1;394363;16/09/2023;101
8;1;394364;18/09/2023;101
8;1;394365;18/09/2023;901
8;1;394366;18/09/2023;901
8;1;394367;18/09/2023;901
8;1;394368;18/09/2023;901
8;1;394369;19/09/2023;101
8;1;394370;18/09/2023;103
8;1;394371;19/09/2023;101
8;1;394372;21/09/2023;103
8;1;394373;21/09/2023;103
8;1;394374;21/09/2023;101
8;1;394375;21/09/2023;101
8;1;394376;21/09/2023;101
8;1;394377;22/09/2023;101
8;1;394378;22/09/2023;101
8;1;394379;22/09/2023;101
8;1;394380;22/09/2023;101
8;1;394381;22/09/2023;101
8;1;394382;22/09/2023;101
8;1;394383;22/09/2023;101
8;1;394384;22/09/2023;101
8;1;394385;22/09/2023;101
8;1;394386;23/09/2023;101
8;1;394387;23/09/2023;101
8;1;394388;23/09/2023;101
4;1;394389;25/09/2023;101
8;1;394390;23/09/2023;101
8;1;394391;23/09/2023;101
8;1;394392;25/09/2023;101
4;1;394393;02/10/2023;101
8;1;394394;02/10/2023;101
8;1;394395;02/10/2023;101
4;1;394396;02/10/2023;101
8;1;394397;02/10/2023;101
4;1;394398;02/10/2023;101
4;1;394399;02/10/2023;101
8;1;394400;02/10/2023;101
8;1;394401;02/10/2023;101
8;1;394402;02/10/2023;101
8;1;394403;02/10/2023;101
8;1;394404;02/10/2023;101
8;1;394405;02/10/2023;101
8;1;394406;02/10/2023;101
8;1;394407;03/10/2023;101
8;1;394408;02/10/2023;101
8;1;394409;03/10/2023;101
8;1;394410;03/10/2023;101
8;1;394411;02/10/2023;101
8;1;394412;02/10/2023;101
8;1;394413;03/10/2023;101
8;1;394414;02/10/2023;901
4;1;394415;03/10/2023;101
4;1;394416;03/10/2023;101
8;1;394417;03/10/2023;101
8;1;394418;03/10/2023;101
8;1;394419;03/10/2023;101
8;1;394420;03/10/2023;101
8;1;394421;03/10/2023;101
8;1;394422;04/10/2023;101
8;1;394423;04/10/2023;101
8;1;394424;04/10/2023;101
8;1;394425;04/10/2023;101
8;1;394426;04/10/2023;101
8;1;394427;05/10/2023;101
8;1;394428;05/10/2023;101
8;1;394429;05/10/2023;103
8;1;394430;05/10/2023;101
8;1;394431;06/10/2023;101
8;1;394432;06/10/2023;101
8;1;394433;06/10/2023;101
8;1;394434;06/10/2023;101
8;1;394435;06/10/2023;101
8;1;394436;06/10/2023;101
8;1;394437;06/10/2023;101
8;1;394438;06/10/2023;101
8;1;394439;06/10/2023;101
8;1;394440;06/10/2023;101
8;1;394441;06/10/2023;101
8;1;394442;07/10/2023;101
8;1;394443;09/10/2023;101
4;1;394444;10/10/2023;101
8;1;394445;07/10/2023;101
8;1;394446;09/10/2023;101
8;1;394447;10/10/2023;101
8;1;394448;10/10/2023;101
8;1;394449;10/10/2023;101
8;1;394450;10/10/2023;101
8;1;394451;10/10/2023;101
8;1;394452;11/10/2023;101
8;1;394453;11/10/2023;101
4;1;394454;16/10/2023;101
8;1;394455;13/10/2023;101
8;1;394456;13/10/2023;101
8;1;394457;13/10/2023;101
8;1;394458;13/10/2023;101
8;1;394459;14/10/2023;101
8;1;394460;14/10/2023;101
8;1;394461;14/10/2023;101
8;1;394462;16/10/2023;101
8;1;394463;14/10/2023;101
8;1;394464;17/10/2023;901
8;1;394465;17/10/2023;101
8;1;394466;17/10/2023;103
8;1;394467;18/10/2023;101
8;1;394468;18/10/2023;101
8;1;394469;18/10/2023;101
8;1;394470;19/10/2023;101
8;1;394471;19/10/2023;101
8;1;394472;19/10/2023;101
8;1;394473;19/10/2023;101
8;1;394474;20/10/2023;101
8;1;394475;20/10/2023;101
8;1;394476;20/10/2023;101
8;1;394477;20/10/2023;101
8;1;394478;20/10/2023;101
8;1;394479;20/10/2023;101
8;1;394480;20/10/2023;101
8;1;394481;20/10/2023;101
4;1;394482;23/10/2023;101
8;1;394483;21/10/2023;101
8;1;394484;21/10/2023;101
8;1;394485;23/10/2023;101
8;1;394486;21/10/2023;101
8;1;394487;21/10/2023;101
8;1;394488;21/10/2023;101
8;1;394489;24/10/2023;101
8;1;394490;24/10/2023;101
8;1;394491;24/10/2023;101
8;1;394492;24/10/2023;101
8;1;394493;24/10/2023;101
8;1;394494;25/10/2023;101
8;1;394495;25/10/2023;101
8;1;394497;25/10/2023;101
8;1;394499;01/11/2023;101
4;1;394500;01/11/2023;101
8;1;394501;01/11/2023;101
8;1;394502;01/11/2023;101
8;1;394503;01/11/2023;103
8;1;394504;01/11/2023;101
8;1;394505;01/11/2023;101
8;1;394506;01/11/2023;101
8;1;394507;01/11/2023;101
8;1;394508;01/11/2023;101
8;1;394509;01/11/2023;101
8;1;394510;01/11/2023;101
8;1;394511;01/11/2023;101
8;1;394512;01/11/2023;101
8;1;394513;01/11/2023;101
8;1;394514;01/11/2023;101
8;1;394515;01/11/2023;101
8;1;394516;01/11/2023;101
8;1;394517;01/11/2023;101
8;1;394518;01/11/2023;101
8;1;394519;01/11/2023;101
8;1;394520;01/11/2023;101
8;1;394521;01/11/2023;101
8;1;394522;01/11/2023;101
8;1;394523;06/11/2023;101
8;1;394524;04/11/2023;101
8;1;394525;06/11/2023;101
8;1;394526;04/11/2023;101
8;1;394527;07/11/2023;101
8;1;394528;07/11/2023;101
8;1;394529;07/11/2023;101
8;1;394530;07/11/2023;101
8;1;394531;07/11/2023;101
8;1;394532;08/11/2023;101
8;1;394533;08/11/2023;101
8;1;394534;08/11/2023;101
8;1;394535;09/11/2023;101
8;1;394536;09/11/2023;101
8;1;394537;09/11/2023;101
8;1;394538;09/11/2023;101
8;1;394539;09/11/2023;101
8;1;394540;09/11/2023;101
8;1;394541;09/11/2023;101
8;1;394542;09/11/2023;101
8;1;394543;09/11/2023;101
8;1;394544;09/11/2023;101
8;1;394545;09/11/2023;101
8;1;394546;09/11/2023;101
8;1;394547;09/11/2023;101
8;1;394548;10/11/2023;101
8;1;394549;10/11/2023;101
8;1;394550;10/11/2023;101
8;1;394551;10/11/2023;101
8;1;394552;10/11/2023;101
8;1;394553;10/11/2023;101
8;1;394554;10/11/2023;101
8;1;394555;11/11/2023;101
8;1;394556;11/11/2023;101
8;1;394557;11/11/2023;101
8;1;394558;11/11/2023;101
8;1;394559;13/11/2023;101
8;1;394560;11/11/2023;101
8;1;394561;13/11/2023;101
8;1;394562;13/11/2023;101
8;1;394563;13/11/2023;101
8;1;394564;13/11/2023;101
8;1;394565;13/11/2023;101
8;1;394566;11/11/2023;101
8;1;394567;14/11/2023;101
8;1;394568;14/11/2023;101
8;1;394569;14/11/2023;101
8;1;394570;14/11/2023;101
1629;1;394571;16/11/2023;101
8;1;394572;16/11/2023;101
8;1;394573;16/11/2023;101
8;1;394574;16/11/2023;101
8;1;394575;16/11/2023;101
8;1;394576;16/11/2023;101
8;1;394577;16/11/2023;101
4;1;394578;16/11/2023;101
4;1;394579;16/11/2023;101
8;1;394580;17/11/2023;101
8;1;394581;17/11/2023;101
8;1;394582;17/11/2023;101
8;1;394583;17/11/2023;101
8;1;394584;17/11/2023;101
8;1;394585;17/11/2023;101
8;1;394586;17/11/2023;101
8;1;394587;17/11/2023;101
8;1;394588;17/11/2023;101
8;1;394589;17/11/2023;101
8;1;394590;17/11/2023;101
8;1;394591;17/11/2023;101
8;1;394592;18/11/2023;101
8;1;394593;18/11/2023;101
8;1;394594;18/11/2023;101
8;1;394595;18/11/2023;101
4;1;394596;20/11/2023;101
8;1;394597;21/11/2023;101
8;1;394598;21/11/2023;101
8;1;394599;21/11/2023;101
8;1;394600;22/11/2023;101
8;1;394601;22/11/2023;101
8;1;394602;22/11/2023;101
8;1;394603;22/11/2023;101
8;1;394604;22/11/2023;101
8;1;394605;22/11/2023;101
4;1;394606;22/11/2023;101
8;1;394607;23/11/2023;101
8;1;394608;23/11/2023;101
8;1;394609;23/11/2023;101
8;1;394610;23/11/2023;101
8;1;394611;24/11/2023;101
4;1;394612;29/11/2023;101
8;1;394613;24/11/2023;101
8;1;394614;24/11/2023;101
8;1;394615;24/11/2023;101
8;1;394616;24/11/2023;101
8;1;394617;24/11/2023;101
8;1;394618;24/11/2023;101
8;1;394619;25/11/2023;101
8;1;394620;25/11/2023;101
8;1;394621;25/11/2023;101
4;1;394622;29/11/2023;101
4;1;394623;29/11/2023;101
4;1;394624;29/11/2023;101
8;1;394625;01/12/2023;101
8;1;394626;01/12/2023;101
8;1;394627;01/12/2023;101
8;1;394628;01/12/2023;101
8;1;394629;01/12/2023;101
8;1;394630;01/12/2023;101
8;1;394631;01/12/2023;101
8;1;394632;01/12/2023;101
8;1;394633;01/12/2023;101
8;1;394634;01/12/2023;101
8;1;394635;01/12/2023;101
8;1;394636;01/12/2023;101
8;1;394637;01/12/2023;101
8;1;394638;01/12/2023;101
8;1;394639;01/12/2023;101
8;1;394640;02/12/2023;101
8;1;394641;02/12/2023;101
8;1;394642;02/12/2023;101
8;1;394643;02/12/2023;101
8;1;394644;02/12/2023;101
8;1;394645;04/12/2023;101
8;1;394646;02/12/2023;101
8;1;394647;04/12/2023;101
4;1;394648;05/12/2023;101
8;1;394649;05/12/2023;101
8;1;394650;07/12/2023;101
8;1;394651;05/12/2023;101
8;1;394652;05/12/2023;101
8;1;394653;05/12/2023;101
8;1;394654;05/12/2023;101
8;1;394655;05/12/2023;101
8;1;394656;06/12/2023;101
8;1;394657;06/12/2023;101
8;1;394658;06/12/2023;101
8;1;394659;06/12/2023;101
8;1;394660;06/12/2023;101
8;1;394661;06/12/2023;101
8;1;394662;06/12/2023;101
8;1;394663;06/12/2023;101
8;1;394664;06/12/2023;101
8;1;394665;06/12/2023;101
8;1;394666;06/12/2023;101
8;1;394667;07/12/2023;101
8;1;394668;07/12/2023;101
8;1;394669;07/12/2023;101
8;1;394670;07/12/2023;101
8;1;394671;07/12/2023;101
8;1;394672;07/12/2023;101
8;1;394673;07/12/2023;101
8;1;394674;07/12/2023;101
8;1;394675;11/12/2023;101
8;1;394676;08/12/2023;101
8;1;394677;09/12/2023;101
8;1;394678;08/12/2023;101
8;1;394679;11/12/2023;101
8;1;394680;11/12/2023;101
8;1;394681;08/12/2023;101
8;1;394682;11/12/2023;101
8;1;394683;08/12/2023;101
8;1;394684;08/12/2023;101
8;1;394685;08/12/2023;101
8;1;394686;08/12/2023;101
8;1;394688;12/12/2023;101
8;1;394689;12/12/2023;101
8;1;394690;12/12/2023;101
8;1;394691;12/12/2023;101
8;1;394692;12/12/2023;101
8;1;394693;12/12/2023;101
8;1;394694;12/12/2023;101
8;1;394695;12/12/2023;101
8;1;394696;12/12/2023;101
8;1;394697;12/12/2023;101
8;1;394699;13/12/2023;101
8;1;394700;13/12/2023;101
8;1;394701;13/12/2023;101
8;1;394702;13/12/2023;101
8;1;394703;13/12/2023;101
8;1;394704;13/12/2023;101
8;1;394705;13/12/2023;101
8;1;394706;13/12/2023;101
8;1;394707;13/12/2023;103
8;1;394708;13/12/2023;101
8;1;394709;13/12/2023;101
8;1;394710;13/12/2023;101
8;1;394711;14/12/2023;101
8;1;394712;14/12/2023;101
8;1;394713;15/12/2023;101
8;1;394714;15/12/2023;101
8;1;394715;15/12/2023;101
8;1;394716;15/12/2023;101
8;1;394717;15/12/2023;101
8;1;394718;15/12/2023;101
8;1;394719;15/12/2023;101
4;1;394720;18/12/2023;101
4;1;394721;18/12/2023;101
8;1;394722;15/12/2023;101
4;1;394723;18/12/2023;101
8;1;394724;16/12/2023;101
8;1;394725;16/12/2023;101
8;1;394726;16/12/2023;101
8;1;394727;16/12/2023;101
8;1;394728;16/12/2023;101
8;1;394729;18/12/2023;101
8;1;394730;16/12/2023;101
8;1;394731;16/12/2023;101
8;1;394732;19/12/2023;101
8;1;394733;19/12/2023;101
4;1;394734;19/12/2023;101
8;1;394735;19/12/2023;103
4;1;394736;19/12/2023;101
8;1;394737;20/12/2023;101
8;1;394738;20/12/2023;101
8;1;394739;20/12/2023;101
8;1;394740;20/12/2023;101
8;1;394741;21/12/2023;101
8;1;394742;21/12/2023;101
8;1;394743;21/12/2023;101
8;1;394744;21/12/2023;101
8;1;394745;21/12/2023;101
8;1;394746;21/12/2023;101
8;1;394747;21/12/2023;101
8;1;394748;21/12/2023;101
8;1;394749;21/12/2023;101
8;1;394750;21/12/2023;101
4;1;394751;02/01/2024;101
4;1;394752;02/01/2024;101
4;1;394753;02/01/2024;101
8;1;394754;02/01/2024;101
8;1;394755;02/01/2024;101
8;1;394756;02/01/2024;101
8;1;394757;02/01/2024;101
8;1;394758;02/01/2024;101
8;1;394759;02/01/2024;101
8;1;394760;02/01/2024;101
8;1;394761;02/01/2024;101
8;1;394762;02/01/2024;101
8;1;394763;02/01/2024;101
8;1;394764;02/01/2024;101
8;1;394765;02/01/2024;101
8;1;394766;02/01/2024;101
8;1;394767;02/01/2024;101
8;1;394768;02/01/2024;101
8;1;394769;02/01/2024;101
8;1;394770;02/01/2024;101
8;1;394771;02/01/2024;101
8;1;394772;02/01/2024;101
8;1;394773;02/01/2024;101
8;1;394774;02/01/2024;101
8;1;394775;02/01/2024;101
8;1;394776;02/01/2024;101
8;1;394777;02/01/2024;101
8;1;394778;03/01/2024;101
8;1;394779;03/01/2024;101
8;1;394780;03/01/2024;101
8;1;394781;03/01/2024;101
8;1;394782;03/01/2024;101
8;1;394783;03/01/2024;101
8;1;394784;03/01/2024;101
8;1;394785;04/01/2024;101
8;1;394786;04/01/2024;101
8;1;394787;04/01/2024;101
8;1;394788;04/01/2024;101
8;1;394789;04/01/2024;101
8;1;394790;04/01/2024;101
8;1;394791;04/01/2024;101
8;1;394792;04/01/2024;101
8;1;394793;04/01/2024;101
8;1;394794;05/01/2024;101
8;1;394795;05/01/2024;101
8;1;394796;05/01/2024;101
8;1;394797;05/01/2024;101
8;1;394798;05/01/2024;101
8;1;394800;06/01/2024;101
8;1;394801;08/01/2024;101
8;1;394802;06/01/2024;101
8;1;394803;06/01/2024;101
8;1;394804;06/01/2024;101
8;1;394805;06/01/2024;101
8;1;394806;09/01/2024;101
8;1;394807;09/01/2024;101
8;1;394808;09/01/2024;101
8;1;394809;09/01/2024;101
8;1;394810;09/01/2024;101
8;1;394811;10/01/2024;101
8;1;394812;10/01/2024;101
8;1;394813;10/01/2024;101
8;1;394814;10/01/2024;101
8;1;394815;10/01/2024;101
8;1;394816;10/01/2024;101
8;1;394817;10/01/2024;101
8;1;394818;10/01/2024;103
8;1;394819;11/01/2024;101
4;1;394820;15/01/2024;101
8;1;394821;12/01/2024;101
8;1;394822;12/01/2024;101
8;1;394823;12/01/2024;101
8;1;394824;12/01/2024;101
8;1;394825;12/01/2024;101
8;1;394826;12/01/2024;101
8;1;394827;13/01/2024;101
8;1;394828;13/01/2024;101
8;1;394829;13/01/2024;101
8;1;394830;13/01/2024;101
8;1;394831;16/01/2024;101
8;1;394832;16/01/2024;101
8;1;394833;16/01/2024;101
4;1;394834;01/02/2024;101
8;1;394835;16/01/2024;101
8;1;394836;16/01/2024;101
8;1;394837;17/01/2024;101
8;1;394838;17/01/2024;101
8;1;394839;17/01/2024;101
8;1;394840;17/01/2024;101
8;1;394842;18/01/2024;103
8;1;394843;18/01/2024;101
8;1;394844;18/01/2024;101
8;1;394845;18/01/2024;101
8;1;394846;18/01/2024;101
8;1;394847;18/01/2024;901
8;1;394848;18/01/2024;101
8;1;394849;19/01/2024;101
8;1;394850;19/01/2024;101
8;1;394851;23/01/2024;101
8;1;394852;23/01/2024;101
8;1;394853;23/01/2024;101
8;1;394854;23/01/2024;101
8;1;394856;22/01/2024;101
4;1;394857;01/02/2024;101
8;1;394858;22/01/2024;101
8;1;394859;20/01/2024;101
8;1;394860;20/01/2024;101
8;1;394861;20/01/2024;101
4;1;394862;01/02/2024;101
8;1;394863;22/01/2024;101
8;1;394864;20/01/2024;101
8;1;394865;20/01/2024;101
8;1;394866;20/01/2024;101
4;1;394867;01/02/2024;101
4;1;394868;01/02/2024;101
8;1;394869;23/01/2024;101
8;1;394870;23/01/2024;101
8;1;394871;23/01/2024;101
8;1;394872;23/01/2024;101
8;1;394873;01/02/2024;101
8;1;394874;23/01/2024;101
8;1;394875;23/01/2024;101
8;1;394876;23/01/2024;101
8;1;394877;23/01/2024;101
8;1;394878;24/01/2024;101
8;1;394879;24/01/2024;103
8;1;394880;24/01/2024;101
8;1;394881;24/01/2024;101
8;1;394882;24/01/2024;101
8;1;394883;24/01/2024;101
8;1;394884;24/01/2024;101
8;1;394885;25/01/2024;101
8;1;394886;25/01/2024;101
8;1;394887;25/01/2024;101
4;1;394888;01/02/2024;101
4;1;394889;29/01/2024;101
4;1;394890;01/02/2024;101
8;1;394891;01/02/2024;101
8;1;394892;01/02/2024;101
8;1;394893;01/02/2024;101
8;1;394894;01/02/2024;101
8;1;394895;01/02/2024;101
8;1;394896;01/02/2024;101
8;1;394897;01/02/2024;101
8;1;394898;01/02/2024;101
8;1;394899;01/02/2024;101
8;1;394900;01/02/2024;101
8;1;394901;01/02/2024;101
8;1;394902;01/02/2024;101
8;1;394903;01/02/2024;101
8;1;394904;01/02/2024;101
8;1;394905;01/02/2024;101
8;1;394906;01/02/2024;101
8;1;394907;01/02/2024;101
8;1;394908;01/02/2024;101
8;1;394909;02/02/2024;101
8;1;394910;02/02/2024;101
8;1;394911;03/02/2024;101
8;1;394912;02/02/2024;101
8;1;394913;02/02/2024;101
8;1;394914;02/02/2024;101
8;1;394915;02/02/2024;101
8;1;394916;02/02/2024;101
8;1;394917;02/02/2024;101
8;1;394918;02/02/2024;101
8;1;394919;02/02/2024;101
8;1;394920;02/02/2024;101
8;1;394921;03/02/2024;101
8;1;394922;03/02/2024;101
8;1;394923;03/02/2024;101
8;1;394924;03/02/2024;101
8;1;394925;03/02/2024;101
8;1;394926;06/02/2024;101
8;1;394927;06/02/2024;101
4;1;394928;07/02/2024;101
8;1;394929;07/02/2024;101
8;1;394930;07/02/2024;101
8;1;394931;07/02/2024;101
8;1;394932;07/02/2024;101
8;1;394933;07/02/2024;101
8;1;394934;07/02/2024;101
8;1;394935;07/02/2024;101
8;1;394936;07/02/2024;101
8;1;394937;07/02/2024;901
8;1;394938;08/02/2024;101
8;1;394939;08/02/2024;101
8;1;394940;08/02/2024;101
8;1;394941;08/02/2024;101
8;1;394942;08/02/2024;101
8;1;394943;08/02/2024;101
8;1;394944;09/02/2024;101
8;1;394945;09/02/2024;101
8;1;394946;10/02/2024;101
8;1;394947;10/02/2024;101
8;1;394948;12/02/2024;103
8;1;394949;14/02/2024;101
8;1;394950;14/02/2024;101
8;1;394951;14/02/2024;101
8;1;394952;15/02/2024;101
8;1;394953;15/02/2024;101
8;1;394954;15/02/2024;101
8;1;394955;15/02/2024;101
8;1;394956;15/02/2024;101
8;1;394957;16/02/2024;101
8;1;394958;16/02/2024;101
8;1;394959;16/02/2024;101
8;1;394960;16/02/2024;101
8;1;394961;19/02/2024;101
8;1;394962;17/02/2024;101
8;1;394963;17/02/2024;101
8;1;394964;19/02/2024;103
4;1;394965;20/02/2024;101
8;1;394966;17/02/2024;101
8;1;394967;17/02/2024;101
4;1;394968;20/02/2024;101
8;1;394969;17/02/2024;101
8;1;394970;19/02/2024;901
8;1;394971;20/02/2024;101
8;1;394972;20/02/2024;101
8;1;394973;20/02/2024;101
8;1;394974;20/02/2024;101
4;1;394975;21/02/2024;101
8;1;394976;21/02/2024;101
8;1;394977;22/02/2024;101
8;1;394978;21/02/2024;101
8;1;394979;21/02/2024;101
8;1;394980;21/02/2024;101
8;1;394981;21/02/2024;101
8;1;394982;22/02/2024;101
8;1;394983;22/02/2024;101
8;1;394984;22/02/2024;103
8;1;394985;26/02/2024;101
8;1;394986;26/02/2024;101
8;1;394987;23/02/2024;101
8;1;394988;23/02/2024;101
8;1;394989;23/02/2024;101
8;1;394990;23/02/2024;101
8;1;394991;26/02/2024;101
8;1;394992;26/02/2024;101
8;1;394993;26/02/2024;101
8;1;394994;26/02/2024;101
8;1;394995;26/02/2024;103
8;1;394996;26/02/2024;101
8;1;394997;26/02/2024;101
8;1;394998;26/02/2024;101
8;1;394999;26/02/2024;101
8;1;395000;26/02/2024;101
8;1;395001;26/02/2024;101
8;1;395002;26/02/2024;101
8;1;395003;01/03/2024;101
8;1;395004;01/03/2024;101
8;1;395005;01/03/2024;101
8;1;395006;01/03/2024;101
8;1;395007;01/03/2024;101
8;1;395008;01/03/2024;101
8;1;395009;01/03/2024;101
8;1;395010;01/03/2024;101
8;1;395011;01/03/2024;101
8;1;395012;02/03/2024;101
8;1;395014;01/03/2024;101
8;1;395015;01/03/2024;101
8;1;395016;01/03/2024;101
8;1;395017;01/03/2024;101
4;1;395018;04/03/2024;101
8;1;395019;01/03/2024;101
4;1;395020;04/03/2024;101
8;1;395021;04/03/2024;101
8;1;395022;04/03/2024;101
8;1;395023;04/03/2024;101
8;1;395024;02/03/2024;101
8;1;395025;04/03/2024;101
8;1;395026;04/03/2024;101
8;1;395027;04/03/2024;101
8;1;395028;04/03/2024;901
4;1;395029;04/03/2024;101
8;1;395030;04/03/2024;901
4;1;395031;04/03/2024;101
8;1;395032;04/03/2024;901
4;1;395033;04/03/2024;101
4;1;395034;04/03/2024;101
8;1;395035;04/03/2024;101
8;1;395036;04/03/2024;103
8;1;395037;04/03/2024;101
8;1;395038;04/03/2024;103
8;1;395039;05/03/2024;101
8;1;395041;05/03/2024;101
8;1;395042;05/03/2024;101
8;1;395043;05/03/2024;101
8;1;395044;06/03/2024;101
4;1;395045;06/03/2024;101
8;1;395046;06/03/2024;101
8;1;395047;06/03/2024;101
8;1;395048;06/03/2024;101
8;1;395049;06/03/2024;101
8;1;395050;06/03/2024;101
8;1;395051;06/03/2024;101
8;1;395052;06/03/2024;101
8;1;395053;07/03/2024;101
8;1;395054;07/03/2024;101
4;1;395055;11/03/2024;101
8;1;395056;08/03/2024;101
8;1;395057;08/03/2024;101
8;1;395058;08/03/2024;101
8;1;395059;08/03/2024;101
8;1;395060;08/03/2024;101
8;1;395061;08/03/2024;101
8;1;395062;08/03/2024;101
8;1;395063;09/03/2024;101
8;1;395064;09/03/2024;101
8;1;395065;11/03/2024;103
8;1;395066;11/03/2024;103
8;1;395067;09/03/2024;101
8;1;395068;12/03/2024;901
8;1;395069;12/03/2024;101
4;1;395070;25/03/2024;103
4;1;395071;25/03/2024;103
8;1;395072;13/03/2024;101
8;1;395073;13/03/2024;101
8;1;395074;13/03/2024;101
8;1;395075;13/03/2024;101
8;1;395076;13/03/2024;101
8;1;395077;13/03/2024;101
8;1;395078;13/03/2024;101
8;1;395079;13/03/2024;101
8;1;395080;13/03/2024;101
8;1;395081;14/03/2024;101
8;1;395082;14/03/2024;101
8;1;395083;14/03/2024;101
8;1;395084;14/03/2024;101
8;1;395085;14/03/2024;101
8;1;395086;14/03/2024;101
8;1;395087;14/03/2024;101
8;1;395088;14/03/2024;101
8;1;395089;15/03/2024;101
8;1;395090;15/03/2024;101
8;1;395091;15/03/2024;101
8;1;395092;11/03/2024;103
4;1;395093;18/03/2024;101
8;1;395094;18/03/2024;103
8;1;395095;18/03/2024;101
8;1;395096;16/03/2024;101
8;1;395097;01/04/2024;103
4;1;395098;18/03/2024;101
8;1;395099;16/03/2024;101
4;1;395100;18/03/2024;101
8;1;395101;18/03/2024;101
4;1;395102;18/03/2024;101
4;1;395103;18/03/2024;101
8;1;395104;18/03/2024;103
8;1;395105;18/03/2024;103
8;1;395106;19/03/2024;101
8;1;395107;20/03/2024;101
8;1;395108;20/03/2024;101
8;1;395109;20/03/2024;101
1629;1;395110;20/03/2024;101
8;1;395111;20/03/2024;101
8;1;395112;20/03/2024;101
4;1;395113;01/04/2024;101
8;1;395114;21/03/2024;101
4;1;395115;01/04/2024;101
8;1;395116;21/03/2024;101
8;1;395117;21/03/2024;101
8;1;395118;22/03/2024;101
8;1;395119;22/03/2024;101
8;1;395120;22/03/2024;103
8;1;395121;22/03/2024;101
8;1;395122;22/03/2024;101
8;1;395123;25/03/2024;103
8;1;395124;26/03/2024;103
8;1;395125;01/04/2024;101
8;1;395126;25/03/2024;103
8;1;395127;25/03/2024;103
8;1;395128;25/03/2024;103
8;1;395129;25/03/2024;103
8;1;395130;25/03/2024;103
8;1;395131;01/04/2024;101
8;1;395132;01/04/2024;101
8;1;395133;01/04/2024;101
8;1;395134;01/04/2024;101
8;1;395135;01/04/2024;101
8;1;395136;01/04/2024;101
8;1;395137;01/04/2024;101
8;1;395138;01/04/2024;101
8;1;395139;01/04/2024;101
8;1;395140;01/04/2024;101
8;1;395141;01/04/2024;101
8;1;395142;01/04/2024;101
8;1;395143;01/04/2024;101
8;1;395144;01/04/2024;101
8;1;395145;01/04/2024;101
8;1;395146;01/04/2024;101
8;1;395147;01/04/2024;101
8;1;395148;01/04/2024;101
8;1;395149;01/04/2024;101
8;1;395150;01/04/2024;101
8;1;395151;02/04/2024;101
8;1;395152;02/04/2024;101
8;1;395153;02/04/2024;101
8;1;395154;02/04/2024;101
8;1;395155;02/04/2024;101
8;1;395156;02/04/2024;101
8;1;395157;02/04/2024;101
8;1;395158;03/04/2024;101
8;1;395159;03/04/2024;101
8;1;395160;03/04/2024;101
8;1;395161;03/04/2024;101
8;1;395162;03/04/2024;101
8;1;395163;03/04/2024;101
8;1;395164;04/04/2024;101
8;1;395165;04/04/2024;101
8;1;395166;04/04/2024;101
8;1;395167;04/04/2024;101
8;1;395168;04/04/2024;101
8;1;395169;04/04/2024;101
8;1;395170;05/04/2024;101
8;1;395171;05/04/2024;101
4;1;395172;08/04/2024;101
8;1;395173;05/04/2024;101
8;1;395174;05/04/2024;101
8;1;395175;05/04/2024;101
8;1;395176;05/04/2024;101
8;1;395177;05/04/2024;101
8;1;395178;05/04/2024;101
8;1;395179;05/04/2024;101
8;1;395180;05/04/2024;101
8;1;395181;05/04/2024;101
4;1;395182;09/04/2024;101
8;1;395183;08/04/2024;101
8;1;395184;06/04/2024;101
4;1;395185;29/04/2024;103
8;1;395186;06/04/2024;101
8;1;395187;08/04/2024;103
8;1;395188;06/04/2024;101
8;1;395189;06/04/2024;101
8;1;395190;06/04/2024;101
8;1;395191;06/04/2024;101
8;1;395192;06/04/2024;101
8;1;395193;06/04/2024;101
8;1;395194;06/04/2024;101
8;1;395195;08/04/2024;101
8;1;395196;08/04/2024;101
8;1;395197;09/04/2024;101
8;1;395198;09/04/2024;101
8;1;395199;10/04/2024;101
8;1;395200;10/04/2024;101
8;1;395201;10/04/2024;101
8;1;395202;10/04/2024;101
8;1;395203;10/04/2024;101
8;1;395204;10/04/2024;101
8;1;395205;10/04/2024;101
8;1;395206;10/04/2024;101
8;1;395207;10/04/2024;101
8;1;395208;11/04/2024;101
8;1;395209;11/04/2024;101
8;1;395210;11/04/2024;101
8;1;395211;11/04/2024;101
8;1;395212;11/04/2024;101
8;1;395213;11/04/2024;101
8;1;395214;11/04/2024;101
8;1;395215;11/04/2024;101
8;1;395216;12/04/2024;101
8;1;395217;12/04/2024;101
8;1;395218;12/04/2024;101
8;1;395219;12/04/2024;101
8;1;395220;12/04/2024;101
8;1;395221;12/04/2024;101
8;1;395222;15/04/2024;101
8;1;395223;13/04/2024;101
8;1;395224;13/04/2024;101
8;1;395225;13/04/2024;101
8;1;395226;15/04/2024;103
8;1;395227;13/04/2024;101
8;1;395228;13/04/2024;101
8;1;395229;13/04/2024;101
8;1;395230;13/04/2024;101
8;1;395231;16/04/2024;103
8;1;395232;16/04/2024;101
8;1;395233;16/04/2024;101
8;1;395234;16/04/2024;101
8;1;395235;16/04/2024;101
8;1;395236;18/04/2024;101
8;1;395237;16/04/2024;101
8;1;395238;16/04/2024;101
8;1;395239;16/04/2024;101
8;1;395240;17/04/2024;101
8;1;395241;17/04/2024;101
8;1;395242;17/04/2024;101
8;1;395243;17/04/2024;101
8;1;395244;17/04/2024;101
8;1;395245;17/04/2024;101
8;1;395246;17/04/2024;101
8;1;395247;17/04/2024;101
8;1;395248;17/04/2024;101
8;1;395249;18/04/2024;101
8;1;395250;18/04/2024;103
8;1;395251;18/04/2024;101
8;1;395252;18/04/2024;101
4;1;395253;18/04/2024;101
8;1;395254;18/04/2024;101
8;1;395255;18/04/2024;101
8;1;395256;18/04/2024;101
8;1;395257;18/04/2024;101
8;1;395258;19/04/2024;101
8;1;395259;19/04/2024;101
8;1;395260;20/04/2024;101
8;1;395261;20/04/2024;101
8;1;395262;24/04/2024;101
4;1;395263;24/04/2024;101
8;1;395264;23/04/2024;101
8;1;395265;23/04/2024;101
8;1;395266;23/04/2024;101
8;1;395267;23/04/2024;101
8;1;395268;23/04/2024;101
8;1;395269;29/04/2024;103
8;1;395270;02/05/2024;101
8;1;395271;02/05/2024;101
8;1;395272;02/05/2024;101
8;1;395273;02/05/2024;101
8;1;395274;02/05/2024;101
8;1;395275;02/05/2024;101
8;1;395276;02/05/2024;101
8;1;395277;02/05/2024;101
8;1;395278;02/05/2024;101
8;1;395279;29/04/2024;722
8;1;395280;02/05/2024;101
8;1;395281;02/05/2024;101
8;1;395282;02/05/2024;101
8;1;395283;02/05/2024;101
8;1;395284;02/05/2024;101
8;1;395285;02/05/2024;101
8;1;395287;02/05/2024;101
8;1;395288;02/05/2024;101
8;1;395289;02/05/2024;101
8;1;395290;02/05/2024;101
8;1;395291;02/05/2024;101
8;1;395292;02/05/2024;901
8;1;395293;02/05/2024;101
8;1;395294;02/05/2024;101
8;1;395295;02/05/2024;101
8;1;395296;02/05/2024;101
8;1;395297;02/05/2024;101
8;1;395298;02/05/2024;101
8;1;395299;02/05/2024;101
4;1;395300;06/05/2024;101
8;1;395301;03/05/2024;101
8;1;395302;03/05/2024;101
8;1;395303;03/05/2024;101
8;1;395304;03/05/2024;101
8;1;395305;02/05/2024;101
8;1;395306;03/05/2024;101
8;1;395307;03/05/2024;101
8;1;395308;04/05/2024;101
8;1;395309;06/05/2024;101
8;1;395310;04/05/2024;101
8;1;395311;04/05/2024;101
8;1;395312;07/05/2024;101
8;1;395313;08/05/2024;101
8;1;395314;08/05/2024;101
8;1;395315;08/05/2024;101
8;1;395316;08/05/2024;901
8;1;395317;08/05/2024;901
8;1;395318;09/05/2024;101
8;1;395319;09/05/2024;101
8;1;395320;09/05/2024;101
8;1;395321;09/05/2024;101
8;1;395322;10/05/2024;101
8;1;395323;10/05/2024;101
8;1;395324;10/05/2024;101
8;1;395325;10/05/2024;101
8;1;395326;10/05/2024;101
8;1;395327;10/05/2024;101
8;1;395328;10/05/2024;101
8;1;395329;10/05/2024;101
8;1;395330;10/05/2024;101
8;1;395331;10/05/2024;101
8;1;395332;10/05/2024;101
8;1;395333;10/05/2024;101
8;1;395334;10/05/2024;101
8;1;395335;10/05/2024;101
8;1;395336;11/05/2024;101
8;1;395337;13/05/2024;101
8;1;395338;11/05/2024;101
8;1;395339;11/05/2024;101
8;1;395340;11/05/2024;101
8;1;395341;11/05/2024;101
8;1;395342;11/05/2024;101
8;1;395343;13/05/2024;101
8;1;395344;11/05/2024;101
8;1;395345;13/05/2024;901
8;1;395346;11/05/2024;101
8;1;395347;14/05/2024;101
8;1;395348;14/05/2024;101
8;1;395349;14/05/2024;101
8;1;395350;14/05/2024;101
8;1;395351;14/05/2024;101
4;1;395352;20/05/2024;101
8;1;395353;15/05/2024;101
8;1;395354;15/05/2024;101
8;1;395355;15/05/2024;101
8;1;395356;15/05/2024;101
4;1;395357;22/05/2024;101
8;1;395358;16/05/2024;101
8;1;395359;16/05/2024;101
8;1;395360;16/05/2024;101
8;1;395361;16/05/2024;101
8;1;395362;16/05/2024;101
8;1;395363;16/05/2024;101
8;1;395364;16/05/2024;101
8;1;395365;16/05/2024;101
4;1;395366;22/05/2024;101
8;1;395367;17/05/2024;101
8;1;395368;17/05/2024;101
8;1;395369;18/05/2024;101
8;1;395370;17/05/2024;101
8;1;395371;17/05/2024;101
8;1;395372;20/05/2024;101
8;1;395373;20/05/2024;101
8;1;395374;20/05/2024;101
8;1;395375;20/05/2024;101
8;1;395376;20/05/2024;101
8;1;395377;18/05/2024;101
8;1;395378;20/05/2024;103
8;1;395379;20/05/2024;103
8;1;395380;18/05/2024;101
8;1;395381;20/05/2024;103
8;1;395382;21/05/2024;101
8;1;395383;21/05/2024;101
8;1;395384;21/05/2024;101
8;1;395385;21/05/2024;101
8;1;395386;21/05/2024;101
8;1;395387;21/05/2024;101
8;1;395388;21/05/2024;101
8;1;395389;21/05/2024;101
8;1;395390;21/05/2024;101
8;1;395391;22/05/2024;101
8;1;395392;22/05/2024;101
8;1;395393;22/05/2024;101
8;1;395394;27/05/2024;101
8;1;395395;27/05/2024;101
8;1;395396;23/05/2024;101
8;1;395397;23/05/2024;101
8;1;395398;24/05/2024;101
8;1;395399;24/05/2024;101
8;1;395400;24/05/2024;101
8;1;395401;24/05/2024;101
8;1;395402;24/05/2024;101
8;1;395403;28/05/2024;101
8;1;395404;24/05/2024;101
8;1;395405;28/05/2024;101
8;1;395406;28/05/2024;101
4;1;395407;27/05/2024;101
8;1;395408;01/06/2024;101
8;1;395409;01/06/2024;101
8;1;395410;01/06/2024;101
8;1;395411;01/06/2024;101
8;1;395412;01/06/2024;101
8;1;395413;01/06/2024;101
8;1;395414;03/06/2024;101
8;1;395415;05/06/2024;101
8;1;395416;01/06/2024;101
8;1;395417;01/06/2024;101
8;1;395418;01/06/2024;101
8;1;395419;03/06/2024;101
8;1;395420;03/06/2024;103
8;1;395421;03/06/2024;101
8;1;395422;03/06/2024;101
8;1;395423;03/06/2024;101
8;1;395424;01/06/2024;101
8;1;395425;03/06/2024;101
8;1;395426;03/06/2024;101
8;1;395427;03/06/2024;101
8;1;395428;03/06/2024;101
8;1;395429;04/06/2024;101
8;1;395430;04/06/2024;101
8;1;395431;04/06/2024;101
8;1;395432;04/06/2024;101
8;1;395433;04/06/2024;101
8;1;395434;04/06/2024;101
8;1;395435;05/06/2024;101
8;1;395436;05/06/2024;101
8;1;395437;05/06/2024;101
8;1;395438;05/06/2024;101
8;1;395439;05/06/2024;101
8;1;395440;05/06/2024;101
8;1;395441;05/06/2024;101
8;1;395442;05/06/2024;101
8;1;395443;05/06/2024;101
8;1;395444;05/06/2024;101
8;1;395445;06/06/2024;101
8;1;395446;06/06/2024;101
8;1;395447;06/06/2024;101
8;1;395448;06/06/2024;101
8;1;395449;06/06/2024;101
8;1;395450;06/06/2024;101
8;1;395451;06/06/2024;101
8;1;395452;07/06/2024;101
8;1;395453;07/06/2024;101
8;1;395454;07/06/2024;101
8;1;395455;07/06/2024;101
8;1;395456;10/06/2024;101
8;1;395457;10/06/2024;101
8;1;395458;10/06/2024;101
8;1;395459;10/06/2024;101
8;1;395460;08/06/2024;101
8;1;395461;08/06/2024;101
8;1;395462;10/06/2024;101
8;1;395463;08/06/2024;101
8;1;395464;08/06/2024;101
8;1;395465;10/06/2024;901
8;1;395466;10/06/2024;101
8;1;395467;10/06/2024;101
8;1;395468;10/06/2024;101
8;1;395469;10/06/2024;101
8;1;395470;11/06/2024;101
8;1;395471;11/06/2024;101
8;1;395472;11/06/2024;101
8;1;395473;11/06/2024;101
8;1;395474;11/06/2024;101
8;1;395475;11/06/2024;101
8;1;395476;11/06/2024;101
8;1;395477;11/06/2024;101
8;1;395478;11/06/2024;101
8;1;395479;11/06/2024;101
8;1;395480;11/06/2024;101
8;1;395481;11/06/2024;101
8;1;395482;11/06/2024;101
8;1;395483;11/06/2024;101
8;1;395484;12/06/2024;101
8;1;395485;12/06/2024;101
8;1;395486;12/06/2024;101
8;1;395487;12/06/2024;101
8;1;395488;12/06/2024;101
8;1;395489;12/06/2024;101
8;1;395490;12/06/2024;101
8;1;395491;12/06/2024;101
8;1;395492;13/06/2024;101
8;1;395493;13/06/2024;101
8;1;395494;14/06/2024;101
8;1;395495;14/06/2024;101
8;1;395496;14/06/2024;101
8;1;395497;14/06/2024;101
8;1;395498;14/06/2024;101
8;1;395499;14/06/2024;101
8;1;395500;14/06/2024;101
8;1;395501;14/06/2024;101
8;1;395502;17/06/2024;103
8;1;395503;17/06/2024;901
8;1;395504;15/06/2024;101
8;1;395505;15/06/2024;101
8;1;395506;15/06/2024;101
8;1;395507;18/06/2024;101
8;1;395508;18/06/2024;101
8;1;395509;18/06/2024;101
8;1;395510;18/06/2024;101
8;1;395511;18/06/2024;101
8;1;395512;18/06/2024;101
8;1;395513;19/06/2024;101
8;1;395514;19/06/2024;101
8;1;395515;20/06/2024;101
8;1;395516;20/06/2024;101
8;1;395517;20/06/2024;101
8;1;395518;20/06/2024;101
8;1;395519;20/06/2024;101
8;1;395520;20/06/2024;101
8;1;395521;21/06/2024;101
8;1;395522;21/06/2024;101
8;1;395523;21/06/2024;101
8;1;395524;21/06/2024;101
8;1;395525;22/06/2024;101
8;1;395526;21/06/2024;101
8;1;395527;21/06/2024;101
8;1;395528;21/06/2024;101
8;1;395529;21/06/2024;101
8;1;395530;24/06/2024;101
8;1;395531;22/06/2024;101
8;1;395532;22/06/2024;101
8;1;395533;24/06/2024;103
8;1;395534;22/06/2024;101
8;1;395535;01/07/2024;101
8;1;395536;01/07/2024;101
8;1;395537;01/07/2024;101
8;1;395538;01/07/2024;101
8;1;395539;01/07/2024;101
8;1;395540;01/07/2024;103
8;1;395541;01/07/2024;101
8;1;395542;01/07/2024;101
8;1;395543;01/07/2024;101
8;1;395544;01/07/2024;101
8;1;395545;01/07/2024;101
8;1;395546;01/07/2024;101
8;1;395547;01/07/2024;101
8;1;395548;01/07/2024;101
8;1;395549;01/07/2024;101
8;1;395550;01/07/2024;101
8;1;395551;01/07/2024;101
8;1;395552;01/07/2024;101
8;1;395553;01/07/2024;101
8;1;395554;01/07/2024;101
8;1;395555;02/07/2024;101
8;1;395556;02/07/2024;101
8;1;395557;02/07/2024;101
8;1;395558;02/07/2024;101
8;1;395559;02/07/2024;101
8;1;395560;02/07/2024;101
8;1;395561;02/07/2024;101
8;1;395562;02/07/2024;101
8;1;395563;02/07/2024;101
8;1;395564;02/07/2024;101
8;1;395565;03/07/2024;101
8;1;395566;03/07/2024;101
8;1;395567;03/07/2024;101
8;1;395568;03/07/2024;101
8;1;395569;03/07/2024;103
8;1;395570;04/07/2024;101
8;1;395571;04/07/2024;101
8;1;395572;04/07/2024;101
8;1;395573;04/07/2024;101
8;1;395574;04/07/2024;101
8;1;395575;04/07/2024;101
8;1;395576;04/07/2024;101
8;1;395577;04/07/2024;101
8;1;395578;04/07/2024;101
8;1;395579;04/07/2024;101
8;1;395580;04/07/2024;101
8;1;395581;04/07/2024;101
8;1;395582;04/07/2024;101
8;1;395583;04/07/2024;101
8;1;395584;05/07/2024;101
8;1;395585;05/07/2024;101
8;1;395586;05/07/2024;101
8;1;395587;05/07/2024;101
8;1;395588;05/07/2024;101
8;1;395589;05/07/2024;101
8;1;395590;08/07/2024;901
8;1;395591;08/07/2024;101
8;1;395592;06/07/2024;101
8;1;395593;06/07/2024;101
8;1;395594;06/07/2024;101
8;1;395595;09/07/2024;101
8;1;395596;09/07/2024;101
8;1;395597;10/07/2024;101
8;1;395598;10/07/2024;101
8;1;395599;10/07/2024;101
8;1;395600;11/07/2024;101
8;1;395601;11/07/2024;101
8;1;395602;11/07/2024;101
8;1;395603;11/07/2024;101
8;1;395604;12/07/2024;101
8;1;395605;12/07/2024;101
8;1;395606;12/07/2024;101
8;1;395607;12/07/2024;101
8;1;395608;12/07/2024;101
8;1;395609;15/07/2024;101
8;1;395610;15/07/2024;101
8;1;395611;15/07/2024;101
8;1;395612;15/07/2024;101
8;1;395613;15/07/2024;103
8;1;395614;13/07/2024;101
8;1;395615;15/07/2024;103
8;1;395616;15/07/2024;103
8;1;395617;13/07/2024;101
8;1;395618;13/07/2024;101
8;1;395619;13/07/2024;101
8;1;395620;13/07/2024;101
8;1;395621;13/07/2024;101
8;1;395622;13/07/2024;101
8;1;395623;15/07/2024;101
8;1;395624;15/07/2024;101
8;1;395625;16/07/2024;101
8;1;395626;16/07/2024;101
8;1;395627;16/07/2024;101
8;1;395628;16/07/2024;101
8;1;395629;17/07/2024;101
8;1;395630;17/07/2024;101
8;1;395631;17/07/2024;101
8;1;395632;17/07/2024;101
8;1;395633;17/07/2024;101
8;1;395634;17/07/2024;101
8;1;395635;18/07/2024;101
8;1;395636;18/07/2024;101
8;1;395637;18/07/2024;101
8;1;395638;18/07/2024;101
8;1;395639;18/07/2024;101
8;1;395640;18/07/2024;101
8;1;395641;18/07/2024;101
8;1;395642;19/07/2024;101
8;1;395643;19/07/2024;101
8;1;395644;19/07/2024;101
8;1;395645;19/07/2024;101
8;1;395646;19/07/2024;101
8;1;395647;20/07/2024;101
8;1;395648;20/07/2024;101
8;1;395649;22/07/2024;101
8;1;395650;22/07/2024;101
8;1;395651;22/07/2024;901
8;1;395652;22/07/2024;101
8;1;395653;20/07/2024;101
8;1;395654;20/07/2024;101
8;1;395655;23/07/2024;101
8;1;395656;23/07/2024;101
8;1;395657;23/07/2024;101
8;1;395658;23/07/2024;101
8;1;395659;23/07/2024;103
8;1;395660;23/07/2024;101
8;1;395661;23/07/2024;101
8;1;395662;23/07/2024;101
8;1;395663;23/07/2024;101
8;1;395664;24/07/2024;101
8;1;395665;24/07/2024;101
8;1;395666;29/07/2024;103
8;1;395667;29/07/2024;103
8;1;395668;29/07/2024;103
8;1;395669;29/07/2024;101
8;1;395670;29/07/2024;101
8;1;395671;29/07/2024;103
8;1;395672;29/07/2024;103
8;1;395673;29/07/2024;103
8;1;395674;29/07/2024;103
8;1;395675;29/07/2024;103
8;1;395676;29/07/2024;103
8;1;395677;01/08/2024;101
8;1;395678;01/08/2024;101
8;1;395679;01/08/2024;101
8;1;395680;01/08/2024;103
8;1;395681;01/08/2024;101
8;1;395682;01/08/2024;101
8;1;395683;01/08/2024;101
8;1;395684;01/08/2024;101
8;1;395685;01/08/2024;101
8;1;395686;01/08/2024;101
8;1;395687;01/08/2024;101
8;1;395688;01/08/2024;101
8;1;395689;01/08/2024;101
8;1;395690;01/08/2024;101
8;1;395691;01/08/2024;101
8;1;395692;01/08/2024;101
8;1;395693;01/08/2024;101
8;1;395694;01/08/2024;101
8;1;395695;01/08/2024;101
8;1;395696;01/08/2024;101
8;1;395697;01/08/2024;101
8;1;395698;01/08/2024;101
8;1;395699;02/08/2024;101
8;1;395700;02/08/2024;101
8;1;395701;02/08/2024;101
8;1;395702;02/08/2024;101
8;1;395703;02/08/2024;101
8;1;395704;02/08/2024;101
8;1;395705;02/08/2024;101
8;1;395706;03/08/2024;101
8;1;395707;05/08/2024;101
8;1;395708;05/08/2024;101
8;1;395709;05/08/2024;103
8;1;395710;05/08/2024;103
8;1;395711;03/08/2024;101
8;1;395712;03/08/2024;101
8;1;395713;06/08/2024;101
8;1;395714;06/08/2024;101
8;1;395715;06/08/2024;101
8;1;395716;06/08/2024;101
8;1;395717;06/08/2024;101
8;1;395718;07/08/2024;101
8;1;395719;07/08/2024;101
8;1;395720;07/08/2024;101
8;1;395721;07/08/2024;101
8;1;395722;14/08/2024;101
8;1;395723;07/08/2024;101
8;1;395724;07/08/2024;101
8;1;395725;07/08/2024;101
8;1;395726;08/08/2024;101
8;1;395727;08/08/2024;101
8;1;395728;08/08/2024;101
8;1;395729;09/08/2024;101
8;1;395730;12/08/2024;103
8;1;395731;12/08/2024;101
8;1;395732;12/08/2024;101
8;1;395733;10/08/2024;101
8;1;395734;12/08/2024;103
8;1;395735;12/08/2024;101
8;1;395736;12/08/2024;101
8;1;395737;12/08/2024;101
8;1;395738;12/08/2024;101
8;1;395739;12/08/2024;101
8;1;395740;12/08/2024;101
8;1;395741;12/08/2024;101
8;1;395742;10/08/2024;101
8;1;395743;12/08/2024;101
8;1;395744;10/08/2024;101
8;1;395745;13/08/2024;101
8;1;395746;13/08/2024;101
8;1;395747;13/08/2024;101
8;1;395748;13/08/2024;101
8;1;395749;13/08/2024;101
8;1;395750;14/08/2024;101
8;1;395751;14/08/2024;101
8;1;395752;14/08/2024;101
8;1;395753;14/08/2024;101
8;1;395754;14/08/2024;101
8;1;395755;14/08/2024;101
8;1;395756;14/08/2024;103
8;1;395757;15/08/2024;101
8;1;395758;15/08/2024;101
8;1;395759;15/08/2024;101
8;1;395760;15/08/2024;101
8;1;395761;16/08/2024;101
8;1;395762;16/08/2024;101
8;1;395763;16/08/2024;101
8;1;395764;16/08/2024;101
8;1;395765;16/08/2024;101
8;1;395766;16/08/2024;101
8;1;395767;19/08/2024;901
8;1;395768;19/08/2024;103
8;1;395769;19/08/2024;101
8;1;395770;19/08/2024;101
8;1;395771;19/08/2024;101
8;1;395772;17/08/2024;101
8;1;395773;17/08/2024;101
8;1;395774;17/08/2024;101
8;1;395775;17/08/2024;101
8;1;395776;19/08/2024;901
8;1;395777;20/08/2024;101
8;1;395778;20/08/2024;101
8;1;395779;20/08/2024;101
8;1;395780;20/08/2024;101
8;1;395781;21/08/2024;101
8;1;395782;21/08/2024;103
8;1;395783;21/08/2024;101
8;1;395784;21/08/2024;101
8;1;395785;21/08/2024;101
8;1;395786;21/08/2024;101
8;1;395787;21/08/2024;101
8;1;395788;21/08/2024;101
8;1;395789;22/08/2024;101
8;1;395790;22/08/2024;101
8;1;395791;22/08/2024;103
8;1;395792;22/08/2024;101
8;1;395793;22/08/2024;101
8;1;395794;22/08/2024;101
8;1;395795;26/08/2024;101
8;1;395796;23/08/2024;101
8;1;395797;23/08/2024;101
8;1;395798;23/08/2024;101
8;1;395799;23/08/2024;101
8;1;395800;23/08/2024;101
8;1;395801;23/08/2024;101
8;1;395802;23/08/2024;101
8;1;395803;26/08/2024;901
8;1;395804;02/09/2024;101
8;1;395805;02/09/2024;101
8;1;395806;02/09/2024;101
8;1;395807;02/09/2024;101
8;1;395808;02/09/2024;101
8;1;395809;02/09/2024;101
8;1;395810;02/09/2024;101
8;1;395811;02/09/2024;101
8;1;395812;02/09/2024;101
8;1;395813;02/09/2024;101
8;1;395814;02/09/2024;101
8;1;395815;02/09/2024;101
8;1;395816;02/09/2024;101
8;1;395817;02/09/2024;101
8;1;395818;02/09/2024;101
8;1;395819;02/09/2024;101
8;1;395820;02/09/2024;101
8;1;395821;02/09/2024;101
8;1;395822;02/09/2024;101
8;1;395823;02/09/2024;101
8;1;395824;02/09/2024;103
8;1;395825;02/09/2024;101
8;1;395826;02/09/2024;101
8;1;395827;03/09/2024;101
8;1;395828;03/09/2024;101
8;1;395829;03/09/2024;101
8;1;395830;03/09/2024;101
8;1;395831;04/09/2024;101
8;1;395832;04/09/2024;101
8;1;395833;04/09/2024;101
8;1;395834;04/09/2024;101
8;1;395835;04/09/2024;101
8;1;395836;04/09/2024;101
8;1;395837;04/09/2024;101
8;1;395838;04/09/2024;101
8;1;395839;04/09/2024;101
8;1;395840;04/09/2024;101
8;1;395841;05/09/2024;101
8;1;395842;05/09/2024;101
8;1;395843;05/09/2024;101
8;1;395844;05/09/2024;101
8;1;395845;05/09/2024;101
8;1;395846;05/09/2024;101
8;1;395847;06/09/2024;101
8;1;395848;06/09/2024;101
8;1;395849;09/09/2024;101
8;1;395850;09/09/2024;101
8;1;395851;09/09/2024;103
8;1;395852;09/09/2024;103
8;1;395853;09/09/2024;101
8;1;395854;09/09/2024;101
8;1;395855;09/09/2024;101
8;1;395856;10/09/2024;101
8;1;395857;10/09/2024;101
8;1;395858;10/09/2024;101
8;1;395859;10/09/2024;101
8;1;395860;10/09/2024;101
8;1;395861;10/09/2024;101
8;1;395862;11/09/2024;101
8;1;395863;11/09/2024;101
8;1;395864;11/09/2024;101
8;1;395865;12/09/2024;101
8;1;395866;11/09/2024;101
8;1;395867;11/09/2024;101
8;1;395868;11/09/2024;101
8;1;395869;12/09/2024;101
8;1;395870;12/09/2024;101
8;1;395871;12/09/2024;101
8;1;395872;12/09/2024;101
8;1;395873;12/09/2024;101
8;1;395874;12/09/2024;101
8;1;395875;13/09/2024;101
8;1;395876;13/09/2024;101
8;1;395877;13/09/2024;101
8;1;395878;14/09/2024;101
8;1;395879;14/09/2024;101
8;1;395880;14/09/2024;101
8;1;395881;02/09/2024;103
8;1;395882;16/09/2024;103
8;1;395883;17/09/2024;101
8;1;395884;17/09/2024;101
8;1;395885;17/09/2024;101
8;1;395886;17/09/2024;101
8;1;395887;18/09/2024;101
8;1;395888;18/09/2024;101
8;1;395889;18/09/2024;101
8;1;395890;18/09/2024;101
8;1;395891;18/09/2024;101
8;1;395892;18/09/2024;101
8;1;395893;19/09/2024;101
8;1;395894;19/09/2024;101
8;1;395895;19/09/2024;101
8;1;395896;19/09/2024;101
8;1;395897;19/09/2024;101
8;1;395898;23/09/2024;103
8;1;395899;21/09/2024;101
8;1;395900;21/09/2024;101
8;1;395901;21/09/2024;101
8;1;395902;30/09/2024;103
8;1;395903;30/09/2024;103
8;1;395904;30/09/2024;103
8;1;395905;16/09/2024;103
8;1;395906;01/10/2024;101
8;1;395907;01/10/2024;101
8;1;395908;01/10/2024;101
8;1;395909;01/10/2024;101
8;1;395910;01/10/2024;101
8;1;395911;01/10/2024;101
8;1;395912;01/10/2024;101
8;1;395913;01/10/2024;101
8;1;395914;01/10/2024;101
8;1;395915;01/10/2024;101
8;1;395916;01/10/2024;101
8;1;395917;01/10/2024;101
8;1;395918;01/10/2024;101
8;1;395919;01/10/2024;101
8;1;395920;01/10/2024;101
8;1;395921;01/10/2024;101
8;1;395922;01/10/2024;101
8;1;395923;01/10/2024;101
8;1;395924;01/10/2024;101
8;1;395925;01/10/2024;101
8;1;395926;01/10/2024;101
8;1;395927;01/10/2024;101
8;1;395928;01/10/2024;101
8;1;395929;01/10/2024;101
8;1;395930;01/10/2024;101
8;1;395931;01/10/2024;101
4;1;395932;01/10/2024;101
8;1;395933;02/10/2024;101
8;1;395934;02/10/2024;101
8;1;395935;02/10/2024;101
8;1;395936;02/10/2024;101
8;1;395937;02/10/2024;101
8;1;395938;02/10/2024;101
4;1;395939;03/10/2024;101
8;1;395940;08/10/2024;101
4;1;395941;03/10/2024;101
4;1;395942;03/10/2024;101
4;1;395943;03/10/2024;101
8;1;395944;03/10/2024;101
8;1;395945;03/10/2024;101
8;1;395946;03/10/2024;101
8;1;395947;04/10/2024;101
8;1;395948;04/10/2024;101
8;1;395949;04/10/2024;101
8;1;395950;04/10/2024;101
8;1;395951;05/10/2024;101
8;1;395952;07/10/2024;103
8;1;395953;05/10/2024;101
8;1;395954;05/10/2024;101
4;1;395955;08/10/2024;101
8;1;395956;08/10/2024;101
8;1;395957;08/10/2024;101
4;1;395958;08/10/2024;101
8;1;395959;08/10/2024;101
8;1;395960;08/10/2024;101
8;1;395961;08/10/2024;101
4;1;395962;08/10/2024;101
8;1;395963;08/10/2024;101
8;1;395964;08/10/2024;101
8;1;395965;08/10/2024;101
4;1;395966;08/10/2024;101
8;1;395967;09/10/2024;101
8;1;395968;09/10/2024;101
8;1;395969;09/10/2024;101
8;1;395970;09/10/2024;101
8;1;395971;09/10/2024;101
8;1;395972;09/10/2024;101
8;1;395973;10/10/2024;101
8;1;395974;10/10/2024;101
8;1;395975;10/10/2024;101
4;1;395976;14/10/2024;101
8;1;395977;10/10/2024;101
8;1;395978;10/10/2024;101
8;1;395979;10/10/2024;101
8;1;395980;10/10/2024;101
8;1;395981;10/10/2024;101
4;1;395982;14/10/2024;101
8;1;395983;11/10/2024;101
8;1;395984;11/10/2024;101
8;1;395985;11/10/2024;101
8;1;395986;11/10/2024;101
8;1;395987;11/10/2024;101
8;1;395988;14/10/2024;101
8;1;395989;14/10/2024;101
8;1;395990;14/10/2024;101
8;1;395991;14/10/2024;101
8;1;395992;14/10/2024;103
8;1;395993;15/10/2024;101
8;1;395994;15/10/2024;101
8;1;395995;15/10/2024;101
8;1;395996;15/10/2024;101
8;1;395997;15/10/2024;101
8;1;395998;15/10/2024;101
8;1;395999;16/10/2024;101
8;1;396000;16/10/2024;101
8;1;396001;16/10/2024;101
8;1;396002;16/10/2024;101
8;1;396003;16/10/2024;101
8;1;396004;17/10/2024;101
8;1;396005;17/10/2024;101
8;1;396006;17/10/2024;101
8;1;396007;17/10/2024;101
8;1;396008;17/10/2024;101
8;1;396009;17/10/2024;101
8;1;396010;17/10/2024;101
8;1;396011;17/10/2024;101
8;1;396012;18/10/2024;101
8;1;396013;18/10/2024;101
8;1;396014;18/10/2024;101
8;1;396015;18/10/2024;101
8;1;396016;18/10/2024;101
8;1;396017;18/10/2024;101
8;1;396018;18/10/2024;101
8;1;396019;18/10/2024;101
8;1;396020;18/10/2024;101
8;1;396021;18/10/2024;101
8;1;396022;18/10/2024;101
8;1;396023;18/10/2024;101
8;1;396024;19/10/2024;101
8;1;396025;21/10/2024;103
8;1;396026;21/10/2024;901
8;1;396027;21/10/2024;901
8;1;396028;21/10/2024;901
8;1;396029;21/10/2024;901
8;1;396030;21/10/2024;901
8;1;396031;21/10/2024;901
8;1;396032;22/10/2024;101
8;1;396033;22/10/2024;101
8;1;396034;22/10/2024;101
8;1;396035;22/10/2024;101
8;1;396036;22/10/2024;101
8;1;396037;22/10/2024;101
8;1;396038;22/10/2024;101
8;1;396039;22/10/2024;101
8;1;396040;22/10/2024;101
8;1;396041;23/10/2024;101
8;1;396042;23/10/2024;101
8;1;396043;23/10/2024;101
8;1;396044;23/10/2024;101
8;1;396045;23/10/2024;101
8;1;396046;23/10/2024;101
8;1;396047;23/10/2024;101
8;1;396048;23/10/2024;101
8;1;396049;23/10/2024;101
8;1;396050;23/10/2024;101
4;1;396051;28/10/2024;103
8;1;396052;24/10/2024;101
8;1;396053;24/10/2024;101
8;1;396054;24/10/2024;101
8;1;396055;24/10/2024;101
8;1;396056;24/10/2024;101
8;1;396057;24/10/2024;101
8;1;396058;24/10/2024;101
8;1;396059;24/10/2024;101
8;1;396060;24/10/2024;101
8;1;396061;24/10/2024;101
8;1;396062;24/10/2024;101
8;1;396063;24/10/2024;101
8;1;396064;29/10/2024;901
4;1;396065;28/10/2024;101
8;1;396066;28/10/2024;103
8;1;396067;28/10/2024;103
8;1;396068;01/11/2024;101
8;1;396069;01/11/2024;101
8;1;396070;01/11/2024;101
8;1;396071;01/11/2024;101
8;1;396072;01/11/2024;101
8;1;396073;01/11/2024;101
8;1;396074;01/11/2024;101
8;1;396075;01/11/2024;101
8;1;396076;01/11/2024;101
8;1;396077;01/11/2024;901
8;1;396078;01/11/2024;901
8;1;396079;01/11/2024;901
8;1;396080;01/11/2024;901
8;1;396081;01/11/2024;101
8;1;396082;01/11/2024;101
8;1;396083;01/11/2024;101
8;1;396084;01/11/2024;101
4;1;396085;04/11/2024;101
8;1;396086;01/11/2024;101
8;1;396087;01/11/2024;101
8;1;396088;01/11/2024;101
8;1;396089;01/11/2024;101
8;1;396090;01/11/2024;101
8;1;396091;01/11/2024;101
4;1;396092;25/11/2024;103
8;1;396093;01/11/2024;101
8;1;396094;01/11/2024;101
8;1;396095;01/11/2024;101
8;1;396096;01/11/2024;101
8;1;396097;01/11/2024;101
8;1;396098;01/11/2024;101
8;1;396099;01/11/2024;101
8;1;396100;01/11/2024;101
8;1;396101;01/11/2024;101
4;1;396102;04/11/2024;101
8;1;396103;04/11/2024;101
8;1;396104;04/11/2024;101
8;1;396105;04/11/2024;101
8;1;396106;04/11/2024;101
8;1;396107;04/11/2024;101
8;1;396108;04/11/2024;101
8;1;396109;04/11/2024;101
8;1;396110;04/11/2024;101
8;1;396111;04/11/2024;101
8;1;396112;04/11/2024;101
8;1;396113;04/11/2024;101
8;1;396114;05/11/2024;101
8;1;396115;05/11/2024;101
8;1;396116;05/11/2024;101
8;1;396117;05/11/2024;101
8;1;396118;06/11/2024;101
8;1;396119;06/11/2024;101
8;1;396120;06/11/2024;101
8;1;396121;06/11/2024;101
8;1;396122;06/11/2024;101
8;1;396123;06/11/2024;101
8;1;396124;06/11/2024;101
8;1;396125;06/11/2024;101
8;1;396126;06/11/2024;103
8;1;396127;06/11/2024;101
8;1;396128;06/11/2024;101
4;1;396129;11/11/2024;101
8;1;396130;07/11/2024;101
8;1;396131;07/11/2024;101
8;1;396132;07/11/2024;101
8;1;396133;07/11/2024;101
8;1;396134;07/11/2024;101
8;1;396135;13/11/2024;101
8;1;396136;08/11/2024;901
8;1;396137;08/11/2024;901
8;1;396138;08/11/2024;101
4;1;396139;11/11/2024;101
8;1;396140;08/11/2024;101
4;1;396142;11/11/2024;101
8;1;396143;09/11/2024;101
4;1;396144;11/11/2024;101
8;1;396145;09/11/2024;101
8;1;396146;09/11/2024;101
8;1;396147;11/11/2024;103
8;1;396148;11/11/2024;103
8;1;396149;09/11/2024;101
8;1;396150;09/11/2024;101
8;1;396151;09/11/2024;101
8;1;396152;09/11/2024;101
8;1;396153;12/11/2024;101
8;1;396154;12/11/2024;101
8;1;396155;12/11/2024;101
8;1;396156;13/11/2024;101
8;1;396157;13/11/2024;101
8;1;396158;13/11/2024;101
8;1;396159;14/11/2024;101
8;1;396160;14/11/2024;101
8;1;396161;14/11/2024;101
8;1;396162;14/11/2024;101
282;1;396163;18/11/2024;101
8;1;396164;16/11/2024;101
8;1;396165;18/11/2024;101
8;1;396166;16/11/2024;101
8;1;396167;18/11/2024;101
8;1;396168;18/11/2024;101
8;1;396169;18/11/2024;103
8;1;396170;18/11/2024;103
8;1;396171;18/11/2024;103
8;1;396172;18/11/2024;103
8;1;396173;02/12/2024;101
8;1;396174;19/11/2024;101
8;1;396175;19/11/2024;101
8;1;396176;19/11/2024;101
8;1;396177;19/11/2024;101
8;1;396178;21/11/2024;101
8;1;396179;19/11/2024;101
8;1;396180;19/11/2024;101
8;1;396181;19/11/2024;101
8;1;396182;19/11/2024;101
8;1;396183;21/11/2024;101
8;1;396184;21/11/2024;101
8;1;396185;21/11/2024;101
8;1;396186;21/11/2024;101
8;1;396187;21/11/2024;101
8;1;396188;21/11/2024;101
4;1;396189;25/11/2024;101
8;1;396190;21/11/2024;101
8;1;396191;21/11/2024;901
4;1;396192;25/11/2024;101
4;1;396193;25/11/2024;101
8;1;396194;21/11/2024;101
8;1;396195;22/11/2024;101
8;1;396196;22/11/2024;101
8;1;396197;22/11/2024;101
8;1;396198;22/11/2024;101
8;1;396199;22/11/2024;101
4;1;396200;25/11/2024;101
8;1;396201;22/11/2024;101
8;1;396202;22/11/2024;101
8;1;396203;22/11/2024;101
8;1;396204;22/11/2024;101
8;1;396205;22/11/2024;101
8;1;396206;22/11/2024;101
8;1;396207;22/11/2024;101
8;1;396208;25/11/2024;901
4;1;396209;25/11/2024;101
8;1;396210;23/11/2024;101
8;1;396211;25/11/2024;901
8;1;396212;23/11/2024;101
8;1;396213;23/11/2024;101
8;1;396214;23/11/2024;101
8;1;396215;23/11/2024;101
8;1;396216;23/11/2024;101
8;1;396217;28/11/2024;103
8;1;396218;28/11/2024;103
8;1;396219;02/12/2024;101
8;1;396220;02/12/2024;101
8;1;396221;02/12/2024;101
8;1;396222;02/12/2024;101
8;1;396223;02/12/2024;101
8;1;396224;02/12/2024;101
8;1;396225;02/12/2024;101
8;1;396226;02/12/2024;101
8;1;396227;02/12/2024;101
8;1;396228;02/12/2024;101
8;1;396229;02/12/2024;101
8;1;396230;02/12/2024;101
8;1;396231;02/12/2024;101
8;1;396232;02/12/2024;101
8;1;396233;02/12/2024;101
8;1;396234;02/12/2024;101
8;1;396235;02/12/2024;101
8;1;396236;02/12/2024;101
8;1;396237;02/12/2024;101
8;1;396238;02/12/2024;101
8;1;396239;02/12/2024;101
8;1;396240;02/12/2024;101
8;1;396241;02/12/2024;101
8;1;396242;03/12/2024;101
8;1;396243;03/12/2024;101
8;1;396244;03/12/2024;101
8;1;396245;03/12/2024;101
8;1;396246;03/12/2024;101
8;1;396247;03/12/2024;101
8;1;396248;03/12/2024;101
8;1;396249;04/12/2024;101
8;1;396250;04/12/2024;101
8;1;396251;04/12/2024;101
8;1;396252;04/12/2024;101
8;1;396253;04/12/2024;101
8;1;396254;04/12/2024;101
8;1;396255;05/12/2024;101
8;1;396256;05/12/2024;101
8;1;396257;05/12/2024;101
8;1;396258;06/12/2024;901
8;1;396259;06/12/2024;101
8;1;396260;06/12/2024;101
8;1;396261;06/12/2024;101
8;1;396262;06/12/2024;101
8;1;396263;09/12/2024;901
8;1;396264;09/12/2024;101
8;1;396265;09/12/2024;103
8;1;396266;09/12/2024;101
8;1;396267;09/12/2024;101
8;1;396268;07/12/2024;101
8;1;396269;09/12/2024;101
8;1;396270;09/12/2024;101
8;1;396271;09/12/2024;101
8;1;396272;10/12/2024;101
8;1;396273;10/12/2024;101
8;1;396274;10/12/2024;101
8;1;396276;11/12/2024;101
8;1;396277;11/12/2024;101
8;1;396278;11/12/2024;101
8;1;396279;11/12/2024;101
8;1;396280;11/12/2024;101
8;1;396281;12/12/2024;101
8;1;396282;12/12/2024;101
8;1;396283;12/12/2024;101
8;1;396284;12/12/2024;101
8;1;396285;12/12/2024;101
8;1;396286;12/12/2024;101
8;1;396287;12/12/2024;101
8;1;396288;13/12/2024;101
8;1;396289;13/12/2024;101
8;1;396290;13/12/2024;101
8;1;396291;13/12/2024;101
8;1;396292;13/12/2024;101
8;1;396293;13/12/2024;101
8;1;396295;14/12/2024;101
8;1;396296;14/12/2024;101
8;1;396297;14/12/2024;101
8;1;396298;14/12/2024;101
8;1;396299;16/12/2024;103
4;1;396300;13/01/2025;101
4;1;396301;13/01/2025;101
4;1;396302;13/01/2025;101
8;1;396303;18/12/2024;101
4;1;396304;13/01/2025;101
8;1;396305;18/12/2024;101
8;1;396306;18/12/2024;901
8;1;396307;18/12/2024;901
8;1;396308;18/12/2024;101
8;1;396309;18/12/2024;101
8;1;396310;18/12/2024;101
8;1;396311;18/12/2024;101
8;1;396312;18/12/2024;101
8;1;396313;18/12/2024;101
8;1;396314;18/12/2024;101
8;1;396315;18/12/2024;101
8;1;396316;19/12/2024;101
8;1;396317;26/12/2024;101
8;1;396318;26/12/2024;101
8;1;396319;02/01/2025;101
8;1;396320;02/01/2025;101
8;1;396321;02/01/2025;101
8;1;396322;02/01/2025;101
8;1;396323;02/01/2025;101
8;1;396324;02/01/2025;101
8;1;396325;02/01/2025;101
8;1;396326;02/01/2025;101
8;1;396327;02/01/2025;101
8;1;396328;02/01/2025;101
8;1;396329;02/01/2025;101
8;1;396330;02/01/2025;101
8;1;396331;02/01/2025;101
8;1;396332;02/01/2025;101
8;1;396333;02/01/2025;101
8;1;396334;03/01/2025;101
8;1;396335;03/01/2025;101
8;1;396336;03/01/2025;101
8;1;396337;03/01/2025;101
8;1;396338;03/01/2025;101
8;1;396339;03/01/2025;101
8;1;396340;03/01/2025;101
8;1;396341;06/01/2025;101
8;1;396342;06/01/2025;103
8;1;396343;06/01/2025;101
8;1;396344;06/01/2025;101
8;1;396345;04/01/2025;101
8;1;396346;06/01/2025;901
8;1;396347;07/01/2025;101
8;1;396348;07/01/2025;101
8;1;396349;07/01/2025;101
8;1;396350;07/01/2025;101
8;1;396351;07/01/2025;101
8;1;396352;07/01/2025;101
8;1;396353;07/01/2025;101
8;1;396354;07/01/2025;101
8;1;396355;08/01/2025;101
8;1;396356;08/01/2025;101
8;1;396357;08/01/2025;101
8;1;396358;08/01/2025;101
8;1;396359;08/01/2025;101
8;1;396360;08/01/2025;101
8;1;396361;09/01/2025;101
8;1;396362;09/01/2025;101
4;1;396363;13/01/2025;101
8;1;396364;09/01/2025;101
8;1;396365;09/01/2025;101
8;1;396366;09/01/2025;101
8;1;396367;10/01/2025;101
8;1;396368;10/01/2025;101
8;1;396369;10/01/2025;101
8;1;396370;10/01/2025;101
8;1;396371;10/01/2025;101
8;1;396372;10/01/2025;101
8;1;396373;10/01/2025;101
8;1;396374;10/01/2025;101
8;1;396375;13/01/2025;103
8;1;396376;13/01/2025;101
8;1;396377;11/01/2025;101
8;1;396378;13/01/2025;103
8;1;396379;11/01/2025;101
8;1;396380;14/01/2025;101
8;1;396381;14/01/2025;101
8;1;396382;14/01/2025;101
8;1;396383;14/01/2025;101
8;1;396384;15/01/2025;101
8;1;396385;17/01/2025;101
8;1;396386;15/01/2025;101
8;1;396387;15/01/2025;101
8;1;396388;15/01/2025;101
8;1;396389;15/01/2025;101
8;1;396390;15/01/2025;101
8;1;396391;15/01/2025;101
8;1;396392;15/01/2025;101
8;1;396393;15/01/2025;101
8;1;396394;15/01/2025;101
8;1;396395;16/01/2025;101
8;1;396396;16/01/2025;101
8;1;396397;16/01/2025;101
8;1;396398;16/01/2025;101
4;1;396399;20/01/2025;101
8;1;396400;16/01/2025;101
8;1;396401;16/01/2025;101
8;1;396402;17/01/2025;101
8;1;396403;17/01/2025;101
8;1;396404;17/01/2025;101
8;1;396405;17/01/2025;101
8;1;396406;17/01/2025;101
8;1;396407;17/01/2025;101
8;1;396408;17/01/2025;101
8;1;396409;17/01/2025;101
8;1;396410;17/01/2025;101
8;1;396411;17/01/2025;101
8;1;396412;20/01/2025;101
4;1;396413;20/01/2025;101
8;1;396414;20/01/2025;101
8;1;396415;20/01/2025;101
8;1;396416;20/01/2025;101
8;1;396417;20/01/2025;101
8;1;396418;20/01/2025;101
8;1;396419;21/01/2025;101
8;1;396420;21/01/2025;101
8;1;396421;22/01/2025;101
8;1;396422;22/01/2025;101
8;1;396423;22/01/2025;101
8;1;396424;22/01/2025;101
8;1;396425;23/01/2025;901
8;1;396426;23/01/2025;901
8;1;396427;23/01/2025;101
8;1;396428;23/01/2025;101
8;1;396429;23/01/2025;101
8;1;396430;23/01/2025;101
8;1;396431;24/01/2025;101
8;1;396432;24/01/2025;101
8;1;396433;24/01/2025;101
8;1;396434;27/01/2025;103
8;1;396435;24/01/2025;101
8;1;396436;24/01/2025;101
8;1;396437;24/01/2025;101
8;1;396438;25/01/2025;101
8;1;396439;01/02/2025;101
8;1;396440;01/02/2025;101
4;1;396441;03/02/2025;101
4;1;396442;03/02/2025;101
8;1;396443;01/02/2025;101
4;1;396444;03/02/2025;101
8;1;396445;01/02/2025;101
4;1;396446;03/02/2025;101
4;1;396447;03/02/2025;101
8;1;396448;01/02/2025;101
8;1;396449;03/02/2025;901
8;1;396450;01/02/2025;101
8;1;396451;01/02/2025;101
4;1;396452;03/02/2025;101
8;1;396453;01/02/2025;101
8;1;396454;01/02/2025;101
8;1;396455;03/02/2025;901
8;1;396456;01/02/2025;101
8;1;396457;01/02/2025;101
4;1;396458;03/02/2025;101
4;1;396459;03/02/2025;101
8;1;396460;03/02/2025;101
8;1;396461;03/02/2025;101
8;1;396462;03/02/2025;101
8;1;396463;03/02/2025;101
8;1;396464;03/02/2025;103
8;1;396465;01/02/2025;101
8;1;396466;04/02/2025;101
8;1;396467;04/02/2025;101
8;1;396468;04/02/2025;101
8;1;396469;05/02/2025;901
8;1;396470;12/02/2025;101
8;1;396471;05/02/2025;101
8;1;396473;05/02/2025;101
8;1;396474;06/02/2025;101
8;1;396475;06/02/2025;101
8;1;396476;08/02/2025;101
8;1;396477;10/02/2025;101
8;1;396478;11/02/2025;101
8;1;396479;11/02/2025;101
4;1;396480;13/02/2025;101
8;1;396481;13/02/2025;101
8;1;396482;17/02/2025;103
8;1;396483;13/02/2025;101
8;1;396484;13/02/2025;101
8;1;396485;13/02/2025;101
8;1;396486;13/02/2025;101
8;1;396487;17/02/2025;103
8;1;396488;17/02/2025;103
8;1;396489;17/02/2025;103
8;1;396490;17/02/2025;103
8;1;396491;17/02/2025;103
8;1;396492;14/02/2025;101
8;1;396493;14/02/2025;101
8;1;396494;17/02/2025;101
8;1;396495;17/02/2025;101
8;1;396496;17/02/2025;101
8;1;396497;15/02/2025;101
8;1;396498;17/02/2025;101
8;1;396499;17/02/2025;101
8;1;396500;17/02/2025;101
8;1;396501;17/02/2025;103
8;1;396502;18/02/2025;101
8;1;396503;18/02/2025;101
8;1;396504;18/02/2025;101
8;1;396505;19/02/2025;101
8;1;396506;19/02/2025;101
8;1;396507;19/02/2025;101
8;1;396508;19/02/2025;101
8;1;396509;19/02/2025;101
8;1;396510;19/02/2025;101
8;1;396511;19/02/2025;101
8;1;396512;20/02/2025;101
8;1;396513;20/02/2025;101
8;1;396514;20/02/2025;101
8;1;396515;20/02/2025;101
8;1;396516;20/02/2025;101
8;1;396517;21/02/2025;101
8;1;396518;21/02/2025;101
8;1;396519;21/02/2025;101
8;1;396520;21/02/2025;101
8;1;396521;21/02/2025;101
8;1;396522;21/02/2025;101
8;1;396523;22/02/2025;101
8;1;396524;21/02/2025;101
8;1;396525;21/02/2025;101
8;1;396526;24/02/2025;901
8;1;396527;26/02/2025;103
8;1;396528;24/02/2025;901
8;1;396529;24/02/2025;103
8;1;396530;05/03/2025;101
8;1;396531;01/03/2025;101
8;1;396532;05/03/2025;101
8;1;396533;01/03/2025;101
8;1;396534;01/03/2025;101
8;1;396535;01/03/2025;101
8;1;396536;01/03/2025;101
8;1;396537;01/03/2025;101
8;1;396538;05/03/2025;103
8;1;396539;01/03/2025;101
8;1;396540;01/03/2025;101
8;1;396541;01/03/2025;101
8;1;396542;01/03/2025;101
8;1;396543;01/03/2025;101
8;1;396544;05/03/2025;101
8;1;396545;01/03/2025;101
8;1;396546;01/03/2025;101
8;1;396547;03/03/2025;901
8;1;396548;03/03/2025;901
8;1;396549;03/03/2025;901
8;1;396550;01/03/2025;101
8;1;396551;01/03/2025;101
8;1;396552;01/03/2025;101
8;1;396553;01/03/2025;101
8;1;396554;03/03/2025;101
4;1;396555;05/03/2025;101
4;1;396556;05/03/2025;101
8;1;396557;05/03/2025;901
4;1;396558;05/03/2025;101
8;1;396559;05/03/2025;901
8;1;396560;05/03/2025;901
4;1;396561;05/03/2025;101
8;1;396562;05/03/2025;101
8;1;396563;05/03/2025;101
4;1;396564;05/03/2025;101
8;1;396565;05/03/2025;101
8;1;396566;05/03/2025;101
8;1;396567;05/03/2025;101
8;1;396568;05/03/2025;101
8;1;396569;04/03/2025;101
8;1;396570;06/03/2025;101
8;1;396571;05/03/2025;101
8;1;396572;05/03/2025;101
8;1;396573;05/03/2025;101
4;1;396574;06/03/2025;101
8;1;396575;05/03/2025;101
8;1;396576;05/03/2025;101
8;1;396577;06/03/2025;101
8;1;396578;06/03/2025;101
8;1;396579;06/03/2025;101
8;1;396580;06/03/2025;101
8;1;396581;07/03/2025;101
8;1;396582;07/03/2025;101
8;1;396583;08/03/2025;101
8;1;396584;08/03/2025;101
8;1;396585;10/03/2025;103
8;1;396586;08/03/2025;101
8;1;396587;08/03/2025;101
8;1;396588;08/03/2025;101
8;1;396589;08/03/2025;101
8;1;396590;10/03/2025;101
8;1;396591;10/03/2025;103
8;1;396592;10/03/2025;901
8;1;396593;08/03/2025;101
8;1;396594;08/03/2025;101
8;1;396595;08/03/2025;101
8;1;396596;08/03/2025;101
8;1;396597;08/03/2025;101
8;1;396598;08/03/2025;101
8;1;396599;11/03/2025;101
8;1;396600;11/03/2025;101
8;1;396601;11/03/2025;101
8;1;396602;11/03/2025;101
8;1;396603;12/03/2025;101
8;1;396604;12/03/2025;101
8;1;396605;12/03/2025;101
8;1;396606;12/03/2025;101
8;1;396607;12/03/2025;101
8;1;396608;12/03/2025;101
8;1;396609;12/03/2025;101
8;1;396610;13/03/2025;101
8;1;396611;13/03/2025;101
8;1;396612;13/03/2025;101
8;1;396613;13/03/2025;101
8;1;396614;13/03/2025;101
8;1;396615;13/03/2025;101
8;1;396616;14/03/2025;101
8;1;396617;13/03/2025;101
8;1;396618;13/03/2025;101
8;1;396619;14/03/2025;101
8;1;396620;14/03/2025;101
8;1;396621;14/03/2025;101
8;1;396622;14/03/2025;101
4;1;396623;17/03/2025;101
4;1;396624;17/03/2025;101
4;1;396625;17/03/2025;101
4;1;396627;17/03/2025;101
4;1;396628;17/03/2025;101
8;1;396629;15/03/2025;101
8;1;396630;15/03/2025;101
8;1;396631;15/03/2025;101
8;1;396632;15/03/2025;101
8;1;396633;17/03/2025;103
8;1;396634;17/03/2025;103
8;1;396635;18/03/2025;101
8;1;396636;18/03/2025;101
8;1;396637;18/03/2025;101
8;1;396638;19/03/2025;101
8;1;396639;19/03/2025;103
8;1;396640;19/03/2025;103
8;1;396641;19/03/2025;101
8;1;396642;19/03/2025;101
8;1;396643;20/03/2025;101
8;1;396644;20/03/2025;101
8;1;396645;20/03/2025;901
8;1;396646;20/03/2025;101
8;1;396647;20/03/2025;101
8;1;396648;20/03/2025;101
8;1;396649;20/03/2025;101
8;1;396650;20/03/2025;103
8;1;396651;20/03/2025;901
8;1;396652;20/03/2025;901
8;1;396653;20/03/2025;901
8;1;396654;20/03/2025;101
8;1;396655;20/03/2025;901
8;1;396656;21/03/2025;101
8;1;396657;21/03/2025;101
8;1;396658;21/03/2025;901
8;1;396659;21/03/2025;901
8;1;396660;21/03/2025;101
8;1;396661;21/03/2025;101
8;1;396662;21/03/2025;101
8;1;396663;21/03/2025;101
8;1;396664;21/03/2025;101
8;1;396665;21/03/2025;101
8;1;396666;21/03/2025;101
8;1;396667;21/03/2025;103
8;1;396668;22/03/2025;101
8;1;396669;22/03/2025;101
8;1;396670;22/03/2025;101
8;1;396671;22/03/2025;101
8;1;396672;22/03/2025;101
8;1;396673;22/03/2025;101
8;1;396674;24/03/2025;101
8;1;396675;22/03/2025;101
8;1;396676;22/03/2025;101
8;1;396677;22/03/2025;101
8;1;396678;22/03/2025;101
8;1;396679;24/03/2025;103
8;1;396680;22/03/2025;101
8;1;396681;22/03/2025;101
8;1;396682;24/03/2025;101
8;1;396683;22/03/2025;101
8;1;396684;01/04/2025;101
8;1;396685;03/04/2025;101
8;1;396686;01/04/2025;101
8;1;396687;01/04/2025;101
8;1;396688;01/04/2025;101
4;1;396689;01/04/2025;101
4;1;396690;01/04/2025;101
8;1;396691;01/04/2025;101
8;1;396692;01/04/2025;101
8;1;396693;01/04/2025;101
8;1;396694;01/04/2025;101
8;1;396695;01/04/2025;101
8;1;396696;01/04/2025;101
8;1;396697;01/04/2025;101
8;1;396698;01/04/2025;101
8;1;396699;01/04/2025;101
8;1;396700;01/04/2025;101
8;1;396701;01/04/2025;101
8;1;396702;07/04/2025;101
8;1;396703;01/04/2025;101
8;1;396704;01/04/2025;101
8;1;396705;01/04/2025;101
8;1;396706;17/03/2025;103
8;1;396707;01/04/2025;101
8;1;396708;01/04/2025;101
8;1;396709;01/04/2025;101
8;1;396710;01/04/2025;101
8;1;396711;01/04/2025;101
8;1;396712;01/04/2025;101
8;1;396713;01/04/2025;101
8;1;396714;01/04/2025;101
8;1;396715;02/04/2025;101
8;1;396716;02/04/2025;101
8;1;396717;02/04/2025;101
8;1;396718;02/04/2025;101
8;1;396719;02/04/2025;101
8;1;396720;02/04/2025;101
8;1;396721;02/04/2025;101
8;1;396722;02/04/2025;101
8;1;396723;02/04/2025;101
8;1;396724;02/04/2025;101
8;1;396725;02/04/2025;101
8;1;396726;03/04/2025;101
8;1;396727;03/04/2025;101
8;1;396728;03/04/2025;101
8;1;396729;03/04/2025;101
8;1;396730;03/04/2025;101
8;1;396731;03/04/2025;101
8;1;396732;03/04/2025;101
8;1;396733;03/04/2025;101
8;1;396734;03/04/2025;101
8;1;396735;03/04/2025;101
8;1;396736;03/04/2025;101
8;1;396737;04/04/2025;901
8;1;396738;04/04/2025;101
8;1;396739;04/04/2025;101
8;1;396740;04/04/2025;101
4;1;396741;07/04/2025;101
8;1;396742;04/04/2025;103
8;1;396743;04/04/2025;101
8;1;396744;04/04/2025;101
8;1;396745;04/04/2025;101
8;1;396746;04/04/2025;101
4;1;396747;07/04/2025;101
8;1;396748;04/04/2025;101
4;1;396749;07/04/2025;101
4;1;396750;07/04/2025;101
8;1;396751;07/04/2025;103
8;1;396752;07/04/2025;103
8;1;396753;05/04/2025;101
8;1;396754;05/04/2025;101
8;1;396755;07/04/2025;103
8;1;396756;05/04/2025;101
8;1;396757;05/04/2025;101
8;1;396758;05/04/2025;101
8;1;396759;05/04/2025;101
8;1;396760;05/04/2025;101
8;1;396761;05/04/2025;101
8;1;396762;05/04/2025;101
8;1;396763;05/04/2025;101
8;1;396764;05/04/2025;101
8;1;396765;08/04/2025;101
8;1;396766;08/04/2025;101
4;1;396767;08/04/2025;101
8;1;396768;08/04/2025;101
8;1;396769;08/04/2025;101
4;1;396770;08/04/2025;101
4;1;396771;08/04/2025;101
8;1;396772;09/04/2025;101
4;1;396773;08/04/2025;101
4;1;396774;08/04/2025;101
4;1;396775;08/04/2025;101
8;1;396776;08/04/2025;101
8;1;396777;08/04/2025;101
8;1;396778;08/04/2025;101
8;1;396779;09/04/2025;901
8;1;396780;09/04/2025;901
8;1;396781;09/04/2025;901
8;1;396782;09/04/2025;101
8;1;396783;09/04/2025;101
8;1;396784;09/04/2025;101
8;1;396785;09/04/2025;101
8;1;396786;09/04/2025;101
8;1;396787;09/04/2025;103
8;1;396788;10/04/2025;101
8;1;396789;10/04/2025;101
8;1;396790;10/04/2025;101
8;1;396791;10/04/2025;101
8;1;396792;10/04/2025;101
8;1;396793;10/04/2025;101
8;1;396794;10/04/2025;101
8;1;396795;10/04/2025;101
8;1;396796;11/04/2025;101
8;1;396797;11/04/2025;101
8;1;396798;11/04/2025;101
8;1;396799;11/04/2025;101
8;1;396800;11/04/2025;101
8;1;396801;11/04/2025;101
8;1;396802;11/04/2025;101
4;1;396803;14/04/2025;101
4;1;396804;14/04/2025;101
4;1;396805;14/04/2025;101
8;1;396806;14/04/2025;101
8;1;396807;12/04/2025;101
8;1;396808;15/04/2025;101
8;1;396809;12/04/2025;101
8;1;396810;12/04/2025;101
8;1;396811;12/04/2025;101
8;1;396812;12/04/2025;101
8;1;396813;12/04/2025;101
8;1;396814;12/04/2025;101
8;1;396815;15/04/2025;101
8;1;396816;15/04/2025;101
8;1;396817;15/04/2025;101
8;1;396818;15/04/2025;101
8;1;396819;15/04/2025;101
8;1;396820;15/04/2025;101
8;1;396821;15/04/2025;101
8;1;396822;15/04/2025;101
8;1;396823;15/04/2025;101
8;1;396824;15/04/2025;101
8;1;396825;16/04/2025;101
8;1;396826;16/04/2025;101
8;1;396827;16/04/2025;101
8;1;396828;16/04/2025;101
8;1;396829;16/04/2025;101
8;1;396830;17/04/2025;101
8;1;396831;17/04/2025;101
8;1;396832;17/04/2025;101
8;1;396833;17/04/2025;101
8;1;396834;17/04/2025;101
8;1;396835;17/04/2025;101
8;1;396836;17/04/2025;101
8;1;396837;17/04/2025;101
8;1;396838;17/04/2025;101
4;1;396839;22/04/2025;101
4;1;396840;22/04/2025;101
8;1;396841;17/04/2025;101
4;1;396842;22/04/2025;101
4;1;396843;22/04/2025;101
8;1;396844;22/04/2025;101
8;1;396845;19/04/2025;101
8;1;396846;19/04/2025;101
8;1;396847;19/04/2025;101
8;1;396848;19/04/2025;101
8;1;396849;19/04/2025;101
8;1;396850;19/04/2025;101
8;1;396851;23/04/2025;101
8;1;396852;23/04/2025;101
8;1;396853;24/04/2025;101
8;1;396854;23/04/2025;101
8;1;396855;23/04/2025;901
8;1;396856;23/04/2025;101
8;1;396857;23/04/2025;101
8;1;396858;23/04/2025;101
8;1;396859;23/04/2025;101
8;1;396860;23/04/2025;101
8;1;396861;23/04/2025;101
8;1;396862;23/04/2025;101
8;1;396863;23/04/2025;101
8;1;396864;23/04/2025;101
8;1;396865;24/04/2025;101
8;1;396866;24/04/2025;101
8;1;396867;25/04/2025;101
8;1;396868;25/04/2025;101
8;1;396869;28/04/2025;103
8;1;396870;02/05/2025;101
8;1;396871;02/05/2025;101
8;1;396872;02/05/2025;101
8;1;396873;02/05/2025;101
8;1;396874;02/05/2025;101
8;1;396875;02/05/2025;101
8;1;396876;02/05/2025;101
8;1;396877;02/05/2025;101
8;1;396878;03/05/2025;101
8;1;396879;02/05/2025;101
8;1;396880;02/05/2025;101
8;1;396881;02/05/2025;101
8;1;396882;02/05/2025;101
8;1;396883;03/05/2025;101
8;1;396884;02/05/2025;101
8;1;396885;02/05/2025;101
8;1;396886;02/05/2025;101
8;1;396887;02/05/2025;101
8;1;396888;02/05/2025;101
4;1;396889;05/05/2025;101
8;1;396890;03/05/2025;101
8;1;396891;03/05/2025;101
8;1;396892;03/05/2025;101
8;1;396893;05/05/2025;101
8;1;396894;05/05/2025;101
8;1;396895;03/05/2025;101
8;1;396896;09/05/2025;101
8;1;396897;03/05/2025;101
8;1;396898;03/05/2025;101
8;1;396899;03/05/2025;101
8;1;396900;03/05/2025;101
8;1;396901;03/05/2025;101
8;1;396902;05/05/2025;901
8;1;396903;03/05/2025;101
8;1;396904;05/05/2025;901
8;1;396905;06/05/2025;101
8;1;396906;06/05/2025;101
8;1;396907;06/05/2025;101
8;1;396908;06/05/2025;101
8;1;396909;07/05/2025;101
8;1;396910;07/05/2025;101
8;1;396911;07/05/2025;101
8;1;396912;07/05/2025;101
8;1;396913;07/05/2025;101
8;1;396914;08/05/2025;101
8;1;396915;07/05/2025;101
8;1;396916;07/05/2025;101
8;1;396917;07/05/2025;101
8;1;396918;07/05/2025;101
8;1;396919;07/05/2025;101
8;1;396920;07/05/2025;101
8;1;396921;08/05/2025;101
8;1;396922;08/05/2025;101
8;1;396923;08/05/2025;101
8;1;396924;08/05/2025;101
8;1;396925;08/05/2025;101
8;1;396926;08/05/2025;101
8;1;396927;08/05/2025;101
8;1;396928;09/05/2025;101
8;1;396929;09/05/2025;101
8;1;396930;09/05/2025;101
8;1;396931;09/05/2025;101
8;1;396932;09/05/2025;101
8;1;396933;09/05/2025;103
8;1;396934;09/05/2025;101
8;1;396935;09/05/2025;101
8;1;396936;12/05/2025;101
8;1;396937;12/05/2025;101
8;1;396938;10/05/2025;101
8;1;396939;10/05/2025;101
8;1;396940;14/05/2025;101
8;1;396941;10/05/2025;101
8;1;396942;10/05/2025;101
8;1;396943;10/05/2025;101
8;1;396944;10/05/2025;101
8;1;396945;10/05/2025;101
8;1;396946;12/05/2025;103
8;1;396947;10/05/2025;101
8;1;396948;10/05/2025;101
8;1;396949;10/05/2025;101
8;1;396950;10/05/2025;101
8;1;396951;13/05/2025;101
8;1;396952;13/05/2025;101
8;1;396953;13/05/2025;101
8;1;396954;13/05/2025;101
8;1;396955;13/05/2025;101
8;1;396956;13/05/2025;101
8;1;396957;13/05/2025;101
8;1;396958;15/05/2025;101
8;1;396959;14/05/2025;101
8;1;396960;14/05/2025;101
8;1;396961;14/05/2025;101
8;1;396962;14/05/2025;101
8;1;396963;14/05/2025;101
8;1;396964;14/05/2025;101
8;1;396965;15/05/2025;101
8;1;396966;15/05/2025;101
8;1;396967;15/05/2025;101
8;1;396968;15/05/2025;101
8;1;396969;15/05/2025;101
8;1;396970;15/05/2025;101
8;1;396971;15/05/2025;101
8;1;396972;15/05/2025;101
8;1;396973;15/05/2025;101
8;1;396974;19/05/2025;101
8;1;396975;19/05/2025;101
8;1;396976;19/05/2025;101
8;1;396977;16/05/2025;101
8;1;396978;16/05/2025;101
8;1;396979;16/05/2025;101
8;1;396980;16/05/2025;101
8;1;396981;16/05/2025;101
8;1;396982;17/05/2025;101
8;1;396983;17/05/2025;101
8;1;396984;19/05/2025;101
8;1;396985;19/05/2025;103
8;1;396986;19/05/2025;901
8;1;396987;19/05/2025;103
8;1;396988;19/05/2025;901
8;1;396989;19/05/2025;901
8;1;396990;17/05/2025;101
8;1;396991;19/05/2025;901
8;1;396992;19/05/2025;901
8;1;396993;20/05/2025;101
8;1;396994;20/05/2025;101
8;1;396995;20/05/2025;101
8;1;396996;20/05/2025;101
8;1;396997;20/05/2025;101
8;1;396998;28/04/2025;103
8;1;396999;21/05/2025;101
8;1;397000;21/05/2025;101
8;1;397001;21/05/2025;101
8;1;397002;23/05/2025;101
8;1;397003;21/05/2025;101
8;1;397004;21/05/2025;101
8;1;397005;21/05/2025;101
8;1;397006;22/05/2025;101
8;1;397007;22/05/2025;101
8;1;397008;21/05/2025;103
8;1;397009;22/05/2025;101
8;1;397010;22/05/2025;101
8;1;397011;22/05/2025;101
8;1;397012;22/05/2025;101
8;1;397013;22/05/2025;101
8;1;397014;22/05/2025;101
8;1;397015;22/05/2025;901
8;1;397016;22/05/2025;101
8;1;397017;22/05/2025;901
8;1;397018;22/05/2025;101
8;1;397019;23/05/2025;101
8;1;397020;23/05/2025;103
8;1;397021;23/05/2025;101
8;1;397022;23/05/2025;101
8;1;397023;23/05/2025;101
8;1;397024;23/05/2025;101
8;1;397025;02/06/2025;101
8;1;397026;02/06/2025;101
8;1;397027;02/06/2025;101
8;1;397028;02/06/2025;101
8;1;397029;02/06/2025;901
8;1;397030;02/06/2025;101
8;1;397031;02/06/2025;101
8;1;397032;02/06/2025;101
8;1;397033;02/06/2025;101
8;1;397034;02/06/2025;101
8;1;397035;02/06/2025;101
8;1;397036;02/06/2025;101
4;1;397037;02/06/2025;101
8;1;397037;02/06/2025;101
8;1;397038;02/06/2025;101
8;1;397039;02/06/2025;101
8;1;397040;02/06/2025;101
8;1;397041;02/06/2025;101
8;1;397042;02/06/2025;101
8;1;397043;02/06/2025;101
8;1;397044;02/06/2025;101
8;1;397045;02/06/2025;101
8;1;397046;03/06/2025;101
8;1;397047;03/06/2025;101
8;1;397048;03/06/2025;101
8;1;397049;03/06/2025;101
8;1;397050;03/06/2025;101
8;1;397051;04/06/2025;101
8;1;397052;05/06/2025;101
4;1;397053;16/06/2025;101
8;1;397054;04/06/2025;101
8;1;397055;04/06/2025;101
8;1;397056;04/06/2025;101
8;1;397057;04/06/2025;101
8;1;397058;04/06/2025;101
8;1;397059;04/06/2025;101
8;1;397060;04/06/2025;101
8;1;397061;05/06/2025;101
8;1;397062;05/06/2025;901
8;1;397063;05/06/2025;101
8;1;397064;05/06/2025;101
8;1;397065;05/06/2025;101
8;1;397066;06/06/2025;101
8;1;397067;06/06/2025;101
8;1;397068;06/06/2025;101
8;1;397069;06/06/2025;101
8;1;397070;01/07/2025;101
4;1;397071;01/07/2025;101
8;1;397072;07/06/2025;101
8;1;397073;07/06/2025;101
8;1;397074;07/06/2025;101
8;1;397075;09/06/2025;103
8;1;397076;09/06/2025;101
8;1;397077;07/06/2025;101
8;1;397078;09/06/2025;101
8;1;397079;09/06/2025;101
8;1;397080;07/06/2025;101
8;1;397081;07/06/2025;101
8;1;397082;09/06/2025;101
8;1;397083;09/06/2025;101
8;1;397084;07/06/2025;101
8;1;397085;07/06/2025;101
4;1;397086;01/07/2025;101
8;1;397087;10/06/2025;101
8;1;397088;10/06/2025;101
8;1;397089;10/06/2025;101
8;1;397090;10/06/2025;101
8;1;397091;10/06/2025;101
8;1;397092;10/06/2025;101
8;1;397093;09/06/2025;103
8;1;397094;11/06/2025;101
8;1;397095;13/06/2025;101
8;1;397096;11/06/2025;101
8;1;397097;12/06/2025;101
8;1;397098;12/06/2025;101
8;1;397099;12/06/2025;101
8;1;397100;12/06/2025;101
8;1;397101;12/06/2025;101
8;1;397102;12/06/2025;101
8;1;397103;12/06/2025;101
8;1;397104;12/06/2025;101
8;1;397105;12/06/2025;901
8;1;397106;12/06/2025;101
8;1;397107;12/06/2025;101
8;1;397108;12/06/2025;101
8;1;397109;12/06/2025;101
8;1;397110;12/06/2025;101
8;1;397111;12/06/2025;101
8;1;397112;12/06/2025;101
8;1;397113;12/06/2025;101
8;1;397114;12/06/2025;101
8;1;397115;12/06/2025;101
8;1;397116;12/06/2025;101
8;1;397117;12/06/2025;101
8;1;397118;12/06/2025;101
8;1;397119;12/06/2025;101
8;1;397120;12/06/2025;101
8;1;397121;12/06/2025;101
8;1;397122;12/06/2025;101
8;1;397123;12/06/2025;101
8;1;397124;12/06/2025;101
8;1;397125;12/06/2025;101
8;1;397126;12/06/2025;101
8;1;397127;13/06/2025;101
8;1;397128;13/06/2025;101
8;1;397129;13/06/2025;101
8;1;397130;13/06/2025;101
8;1;397131;13/06/2025;101
8;1;397132;13/06/2025;101
8;1;397133;13/06/2025;101
8;1;397134;13/06/2025;101
8;1;397135;16/06/2025;101
8;1;397136;16/06/2025;101
8;1;397137;16/06/2025;103
8;1;397138;16/06/2025;101
8;1;397139;16/06/2025;101
8;1;397140;16/06/2025;101
8;1;397141;14/06/2025;101
8;1;397142;16/06/2025;101
8;1;397143;16/06/2025;101
8;1;397144;16/06/2025;101
8;1;397145;14/06/2025;101
8;1;397146;16/06/2025;101
8;1;397147;17/06/2025;101
8;1;397148;17/06/2025;101
8;1;397149;17/06/2025;101
8;1;397150;17/06/2025;101
8;1;397151;17/06/2025;101
8;1;397152;18/06/2025;101
8;1;397153;18/06/2025;901
8;1;397154;18/06/2025;101
8;1;397155;18/06/2025;101
8;1;397156;18/06/2025;101
8;1;397157;20/06/2025;101
8;1;397158;20/06/2025;101
8;1;397159;20/06/2025;101
8;1;397160;23/06/2025;101
8;1;397161;23/06/2025;101
8;1;397162;23/06/2025;101
8;1;397163;23/06/2025;101
8;1;397164;23/06/2025;101
8;1;397165;23/06/2025;101
8;1;397166;23/06/2025;101
8;1;397167;23/06/2025;101
8;1;397168;23/06/2025;101
8;1;397169;23/06/2025;101
8;1;397170;23/06/2025;101
8;1;397171;23/06/2025;101
8;1;397172;23/06/2025;101
8;1;397173;23/06/2025;101
8;1;397174;23/06/2025;101
8;1;397175;23/06/2025;101
8;1;397176;23/06/2025;101
8;1;397177;21/06/2025;101
8;1;397178;21/06/2025;101
4;1;397179;01/07/2025;101
8;1;397180;23/06/2025;101
8;1;397181;23/06/2025;101
8;1;397182;30/06/2025;103
8;1;397183;30/06/2025;103
8;1;397184;30/06/2025;103
8;1;397185;30/06/2025;103
8;1;397186;30/06/2025;103
8;1;397187;30/06/2025;103
4;1;397188;01/07/2025;101
8;1;397189;01/07/2025;101
8;1;397190;01/07/2025;101
4;1;397191;01/07/2025;101
8;1;397192;01/07/2025;101
8;1;397193;01/07/2025;101
4;1;397194;01/07/2025;101
4;1;397195;01/07/2025;101
8;1;397196;01/07/2025;101
8;1;397197;01/07/2025;101
4;1;397198;01/07/2025;101
8;1;397200;01/07/2025;101
8;1;397201;01/07/2025;101
8;1;397202;01/07/2025;101
8;1;397203;01/07/2025;101
8;1;397204;01/07/2025;101
8;1;397205;05/07/2025;101
8;1;397206;01/07/2025;101
8;1;397207;01/07/2025;101
4;1;397208;01/07/2025;101
8;1;397209;01/07/2025;103
8;1;397210;01/07/2025;101
8;1;397211;01/07/2025;101
8;1;397212;01/07/2025;101
8;1;397213;01/07/2025;101
8;1;397214;01/07/2025;101
8;1;397215;01/07/2025;101
4;1;397216;07/07/2025;101
8;1;397217;01/07/2025;101
8;1;397218;01/07/2025;101
8;1;397219;01/07/2025;101
8;1;397220;01/07/2025;101
8;1;397221;01/07/2025;101
8;1;397222;02/07/2025;101
8;1;397223;02/07/2025;101
8;1;397224;02/07/2025;101
8;1;397225;02/07/2025;101
8;1;397226;03/07/2025;101
8;1;397227;03/07/2025;101
8;1;397228;03/07/2025;101
8;1;397229;03/07/2025;101
8;1;397230;04/07/2025;101
8;1;397231;04/07/2025;101
8;1;397232;04/07/2025;101
4;1;397233;07/07/2025;101
4;1;397234;07/07/2025;101
8;1;397235;07/07/2025;101
8;1;397236;07/07/2025;101
8;1;397237;07/07/2025;101
8;1;397238;07/07/2025;101
8;1;397239;07/07/2025;101
8;1;397240;07/07/2025;101
8;1;397241;05/07/2025;101
4;1;397242;07/07/2025;101
8;1;397243;07/07/2025;101
8;1;397244;07/07/2025;101
8;1;397245;05/07/2025;101
8;1;397246;07/07/2025;101
8;1;397247;07/07/2025;101
8;1;397248;05/07/2025;101
8;1;397249;05/07/2025;101
4;1;397250;05/09/2025;101
8;1;397251;05/07/2025;101
8;1;397252;08/07/2025;101
8;1;397253;09/07/2025;101
8;1;397255;09/07/2025;101
8;1;397256;09/07/2025;101
8;1;397257;09/07/2025;101
8;1;397258;09/07/2025;101
8;1;397259;10/07/2025;101
8;1;397260;10/07/2025;101
8;1;397261;10/07/2025;101
8;1;397262;10/07/2025;101
8;1;397263;10/07/2025;101
8;1;397264;10/07/2025;101
8;1;397265;10/07/2025;101
8;1;397266;10/07/2025;101
8;1;397267;10/07/2025;101
8;1;397268;11/07/2025;101
8;1;397269;11/07/2025;101
8;1;397270;11/07/2025;101
8;1;397271;11/07/2025;101
8;1;397272;14/07/2025;101
8;1;397273;14/07/2025;101
8;1;397274;14/07/2025;101
8;1;397275;14/07/2025;101
8;1;397276;12/07/2025;101
8;1;397277;14/07/2025;101
8;1;397278;15/07/2025;101
8;1;397279;15/07/2025;101
8;1;397280;15/07/2025;101
8;1;397281;15/07/2025;101
8;1;397282;15/07/2025;101
8;1;397283;15/07/2025;101
8;1;397284;15/07/2025;101
8;1;397285;16/07/2025;101
8;1;397286;16/07/2025;101
8;1;397287;16/07/2025;101
8;1;397288;16/07/2025;101
8;1;397289;17/07/2025;101
8;1;397290;17/07/2025;101
8;1;397291;17/07/2025;101
8;1;397292;18/07/2025;101
8;1;397293;18/07/2025;101
8;1;397294;18/07/2025;101
8;1;397295;18/07/2025;101
8;1;397296;18/07/2025;101
8;1;397297;18/07/2025;101
8;1;397298;21/07/2025;101
8;1;397299;21/07/2025;101
8;1;397300;21/07/2025;101
8;1;397301;21/07/2025;101
4;1;397302;05/09/2025;101
8;1;397303;21/07/2025;101
8;1;397304;19/07/2025;101
8;1;397305;21/07/2025;103
8;1;397306;21/07/2025;101
8;1;397307;19/07/2025;101
8;1;397308;21/07/2025;103
8;1;397309;21/07/2025;101
8;1;397310;19/07/2025;101
8;1;397311;21/07/2025;101
8;1;397312;21/07/2025;103
8;1;397313;22/07/2025;101
8;1;397314;22/07/2025;101
8;1;397315;22/07/2025;101
8;1;397316;22/07/2025;101
8;1;397317;22/07/2025;101
8;1;397318;22/07/2025;101
8;1;397319;23/07/2025;101
8;1;397320;23/07/2025;101
8;1;397321;23/07/2025;101
8;1;397322;23/07/2025;101
8;1;397323;23/07/2025;101
8;1;397324;23/07/2025;101
8;1;397325;23/07/2025;101
8;1;397326;23/07/2025;103
8;1;397327;23/07/2025;101
8;1;397328;23/07/2025;101
8;1;397329;23/07/2025;103
8;1;397330;23/07/2025;101
8;1;397331;01/08/2025;101
8;1;397332;23/07/2025;101
8;1;397333;23/07/2025;101
8;1;397334;24/07/2025;103
8;1;397335;24/07/2025;101
8;1;397336;24/07/2025;101
6;1;397337;25/04/2025;101
8;1;397338;01/08/2025;101
8;1;397339;01/08/2025;101
8;1;397340;01/08/2025;101
8;1;397341;01/08/2025;101
8;1;397342;04/08/2025;101
8;1;397343;01/08/2025;101
8;1;397344;01/08/2025;101
8;1;397345;01/08/2025;101
8;1;397346;01/08/2025;101
8;1;397347;13/08/2025;101
8;1;397348;01/08/2025;101
8;1;397349;01/08/2025;101
8;1;397350;01/08/2025;101
8;1;397351;01/08/2025;101
8;1;397352;01/08/2025;101
8;1;397353;04/08/2025;101
8;1;397354;01/08/2025;101
8;1;397355;01/08/2025;101
8;1;397356;02/08/2025;101
8;1;397357;01/08/2025;101
8;1;397358;01/08/2025;101
8;1;397359;02/08/2025;101
8;1;397360;04/08/2025;101
8;1;397361;02/08/2025;101
8;1;397362;04/08/2025;103
8;1;397363;02/08/2025;101
8;1;397364;05/08/2025;101
8;1;397365;05/08/2025;101
8;1;397366;05/08/2025;101
8;1;397367;05/08/2025;101
8;1;397368;05/08/2025;101
8;1;397369;06/08/2025;101
8;1;397370;06/08/2025;101
8;1;397371;06/08/2025;101
8;1;397372;06/08/2025;101
8;1;397373;06/08/2025;101
8;1;397374;06/08/2025;101
8;1;397375;06/08/2025;101
8;1;397376;06/08/2025;101
8;1;397377;06/08/2025;101
8;1;397378;06/08/2025;101
8;1;397379;06/08/2025;101
8;1;397380;06/08/2025;101
8;1;397381;06/08/2025;101
8;1;397382;07/08/2025;101
8;1;397383;07/08/2025;101
8;1;397384;07/08/2025;103
8;1;397385;07/08/2025;101
8;1;397386;08/08/2025;101
8;1;397387;08/08/2025;101
8;1;397388;08/08/2025;101
8;1;397389;09/08/2025;101
8;1;397390;09/08/2025;101
8;1;397391;11/08/2025;103
8;1;397392;09/08/2025;101
8;1;397393;09/08/2025;101
8;1;397394;11/08/2025;101
8;1;397395;11/08/2025;101
8;1;397396;11/08/2025;101
8;1;397397;11/08/2025;101
8;1;397398;11/08/2025;103
8;1;397399;11/08/2025;103
8;1;397400;11/08/2025;901
8;1;397401;11/08/2025;101
8;1;397402;09/08/2025;101
8;1;397403;09/08/2025;101
8;1;397404;11/08/2025;101
8;1;397405;09/08/2025;101
8;1;397406;11/08/2025;101
8;1;397407;11/08/2025;101
8;1;397408;11/08/2025;101
8;1;397409;12/08/2025;101
8;1;397410;12/08/2025;101
8;1;397411;12/08/2025;103
8;1;397412;13/08/2025;101
8;1;397413;13/08/2025;101
8;1;397414;13/08/2025;101
8;1;397415;13/08/2025;101
8;1;397416;28/08/2025;101
8;1;397417;14/08/2025;101
8;1;397418;14/08/2025;101
8;1;397419;18/08/2025;103
8;1;397420;14/08/2025;101
8;1;397421;14/08/2025;101
8;1;397422;13/08/2025;103
8;1;397423;15/08/2025;101
8;1;397424;15/08/2025;103
8;1;397425;18/08/2025;101
8;1;397426;28/08/2025;101
8;1;397427;18/08/2025;101
8;1;397428;18/08/2025;101
8;1;397429;15/08/2025;101
8;1;397430;15/08/2025;101
4;1;397431;05/09/2025;101
8;1;397432;19/08/2025;101
8;1;397433;19/08/2025;101
8;1;397434;16/08/2025;101
8;1;397435;16/08/2025;101
8;1;397436;21/08/2025;101
8;1;397437;19/08/2025;101
8;1;397438;19/08/2025;101
8;1;397439;19/08/2025;101
8;1;397440;19/08/2025;101
8;1;397441;19/08/2025;101
8;1;397442;19/08/2025;101
8;1;397443;19/08/2025;101
8;1;397444;19/08/2025;101
8;1;397445;19/08/2025;101
8;1;397446;19/08/2025;101
8;1;397447;20/08/2025;101
8;1;397448;20/08/2025;101
8;1;397449;20/08/2025;101
8;1;397450;21/08/2025;101
8;1;397451;21/08/2025;101
8;1;397452;21/08/2025;101
8;1;397453;21/08/2025;101
8;1;397454;22/08/2025;101
8;1;397455;22/08/2025;101
8;1;397456;22/08/2025;101
8;1;397457;22/08/2025;101
8;1;397458;22/08/2025;101
8;1;397459;22/08/2025;101
8;1;397460;22/08/2025;101
8;1;397461;25/08/2025;103
8;1;397462;25/08/2025;101
8;1;397463;25/08/2025;101
8;1;397464;25/08/2025;101
8;1;397465;25/08/2025;101
8;1;397466;25/08/2025;101
8;1;397467;23/08/2025;101
8;1;397468;25/08/2025;101
8;1;397469;23/08/2025;101
8;1;397470;23/08/2025;101
8;1;397471;23/08/2025;101
8;1;397472;23/08/2025;101
8;1;397473;23/08/2025;101
8;1;397474;23/08/2025;101
8;1;397475;01/09/2025;101
8;1;397476;01/09/2025;101
8;1;397477;01/09/2025;101
8;1;397478;01/09/2025;101
8;1;397479;01/09/2025;101
8;1;397480;01/09/2025;101
8;1;397481;01/09/2025;103
8;1;397482;03/09/2025;101
8;1;397483;01/09/2025;101
8;1;397484;01/09/2025;101
8;1;397485;01/09/2025;101
8;1;397486;01/09/2025;101
8;1;397487;01/09/2025;101
8;1;397488;01/09/2025;101
8;1;397489;01/09/2025;101
8;1;397490;01/09/2025;101
8;1;397491;01/09/2025;101
8;1;397492;02/09/2025;101
8;1;397493;02/09/2025;101
8;1;397494;02/09/2025;101
8;1;397495;02/09/2025;101
8;1;397496;02/09/2025;101
8;1;397497;02/09/2025;101
8;1;397498;02/09/2025;101
8;1;397499;02/09/2025;101
8;1;397500;03/09/2025;101
8;1;397501;03/09/2025;101
8;1;397502;03/09/2025;101
8;1;397503;03/09/2025;101
4;1;397504;05/09/2025;101
8;1;397505;03/09/2025;101
8;1;397506;03/09/2025;101
4;1;397507;05/09/2025;101
8;1;397508;03/09/2025;101
4;1;397509;05/09/2025;101
4;1;397510;05/09/2025;101
8;1;397511;04/09/2025;101
8;1;397512;04/09/2025;101
8;1;397513;04/09/2025;101
8;1;397514;05/09/2025;101
8;1;397515;05/09/2025;101
8;1;397516;05/09/2025;101
8;1;397517;05/09/2025;101
8;1;397518;05/09/2025;101
8;1;397519;05/09/2025;101
8;1;397520;06/09/2025;101
8;1;397521;08/09/2025;101
8;1;397522;06/09/2025;101
8;1;397523;08/09/2025;101
8;1;397524;06/09/2025;101
8;1;397525;08/09/2025;103
8;1;397526;06/09/2025;101
8;1;397527;06/09/2025;101
8;1;397528;06/09/2025;101
8;1;397529;08/09/2025;101
8;1;397530;09/09/2025;101
8;1;397531;09/09/2025;101
8;1;397532;10/09/2025;101
8;1;397533;10/09/2025;101
8;1;397534;11/09/2025;101
8;1;397535;11/09/2025;101
8;1;397536;15/09/2025;101
8;1;397537;15/09/2025;101
8;1;397538;12/09/2025;101
8;1;397539;12/09/2025;101
8;1;397540;13/09/2025;101
8;1;397541;12/09/2025;101
8;1;397542;12/09/2025;101
8;1;397543;16/09/2025;101
8;1;397544;12/09/2025;101
8;1;397545;15/09/2025;101
8;1;397546;15/09/2025;901
8;1;397547;15/09/2025;901
8;1;397548;15/09/2025;901
8;1;397549;15/09/2025;901
8;1;397550;15/09/2025;901
8;1;397551;15/09/2025;901
8;1;397552;15/09/2025;901
8;1;397553;15/09/2025;901
8;1;397554;15/09/2025;901
8;1;397555;15/09/2025;901
8;1;397556;13/09/2025;101
8;1;397557;16/09/2025;101
8;1;397558;16/09/2025;101
8;1;397559;16/09/2025;101
8;1;397560;17/09/2025;101
8;1;397561;17/09/2025;101
8;1;397562;17/09/2025;101
8;1;397563;17/09/2025;101
8;1;397564;17/09/2025;101
8;1;397565;17/09/2025;101
8;1;397566;18/09/2025;101
8;1;397567;19/09/2025;101
8;1;397568;18/09/2025;101
8;1;397569;18/09/2025;101
8;1;397570;19/09/2025;101
8;1;397571;19/09/2025;101
8;1;397572;22/09/2025;101
8;1;397573;22/09/2025;101
8;1;397574;22/09/2025;101
8;1;397575;22/09/2025;101
8;1;397576;22/09/2025;101
8;1;397577;22/09/2025;101
8;1;397578;22/09/2025;103
8;1;397579;24/09/2025;101
8;1;397580;25/09/2025;101
8;1;397581;23/09/2025;101
8;1;397582;24/09/2025;101
8;1;397583;24/09/2025;101
8;1;397584;24/09/2025;101
8;1;397585;24/09/2025;101
8;1;397586;24/09/2025;101
8;1;397587;24/09/2025;101
8;1;397588;24/09/2025;101
8;1;397589;24/09/2025;101
8;1;397590;24/09/2025;101
8;1;397591;24/09/2025;101
8;1;397592;24/09/2025;101
8;1;397593;01/10/2025;101
8;1;397594;01/10/2025;101
8;1;397595;01/10/2025;101
8;1;397596;01/10/2025;101
8;1;397597;01/10/2025;101
8;1;397598;01/10/2025;101
8;1;397599;01/10/2025;101
8;1;397600;01/10/2025;101
8;1;397601;01/10/2025;101
8;1;397602;02/10/2025;101
8;1;397603;01/10/2025;101
8;1;397604;01/10/2025;101
8;1;397605;01/10/2025;101
8;1;397606;01/10/2025;101
8;1;397607;01/10/2025;101
8;1;397608;01/10/2025;101
8;1;397609;02/10/2025;101
8;1;397610;02/10/2025;101
8;1;397611;02/10/2025;101
8;1;397612;02/10/2025;101
8;1;397613;02/10/2025;101
8;1;397614;02/10/2025;101
8;1;397615;02/10/2025;101
8;1;397616;02/10/2025;101
8;1;397617;02/10/2025;101
8;1;397618;02/10/2025;101
8;1;397619;02/10/2025;101
8;1;397620;02/10/2025;101
8;1;397621;03/10/2025;101
8;1;397622;03/10/2025;101
8;1;397623;03/10/2025;101
8;1;397624;04/10/2025;101
8;1;397625;04/10/2025;101
8;1;397626;04/10/2025;101
8;1;397627;06/10/2025;103
8;1;397628;06/10/2025;103
8;1;397629;04/10/2025;101
8;1;397630;04/10/2025;101
8;1;397631;07/10/2025;101
8;1;397632;07/10/2025;103
8;1;397633;07/10/2025;101
8;1;397634;08/10/2025;101
8;1;397635;08/10/2025;101
8;1;397636;08/10/2025;101
8;1;397637;08/10/2025;101
8;1;397638;08/10/2025;101
8;1;397639;08/10/2025;101
8;1;397640;08/10/2025;101
8;1;397641;08/10/2025;101
8;1;397642;08/10/2025;101
8;1;397643;08/10/2025;103
8;1;397644;09/10/2025;101
8;1;397645;09/10/2025;101
8;1;397646;09/10/2025;101
8;1;397647;09/10/2025;101
8;1;397648;10/10/2025;101
8;1;397649;10/10/2025;101
8;1;397650;10/10/2025;103
8;1;397651;10/10/2025;101
8;1;397652;10/10/2025;101
8;1;397653;10/10/2025;101
8;1;397654;10/10/2025;101
8;1;397655;10/10/2025;101
8;1;397656;11/10/2025;101
8;1;397657;27/10/2025;101
8;1;397658;13/10/2025;101
8;1;397659;13/10/2025;101
8;1;397660;13/10/2025;101
8;1;397661;11/10/2025;101
8;1;397662;13/10/2025;101
8;1;397663;13/10/2025;101
8;1;397664;11/10/2025;101
8;1;397665;13/10/2025;901
8;1;397666;13/10/2025;101
8;1;397667;14/10/2025;101
8;1;397668;14/10/2025;101
8;1;397669;14/10/2025;101
8;1;397670;15/10/2025;101
8;1;397671;21/10/2025;101
8;1;397672;15/10/2025;101
8;1;397673;15/10/2025;101
8;1;397674;16/10/2025;101
8;1;397675;16/10/2025;101
8;1;397676;16/10/2025;101
4;1;397677;03/11/2025;101
8;1;397678;16/10/2025;101
8;1;397679;17/10/2025;101
8;1;397680;17/10/2025;101
8;1;397681;17/10/2025;101
8;1;397682;17/10/2025;101
8;1;397683;17/10/2025;101
8;1;397684;17/10/2025;101
8;1;397685;20/10/2025;101
8;1;397686;20/10/2025;103
8;1;397687;20/10/2025;101
8;1;397688;20/10/2025;101
8;1;397689;18/10/2025;101
8;1;397690;18/10/2025;101
8;1;397691;20/10/2025;103
8;1;397692;18/10/2025;101
8;1;397693;20/10/2025;101
8;1;397694;20/10/2025;101
8;1;397695;20/10/2025;101
8;1;397696;18/10/2025;101
8;1;397697;18/10/2025;101
8;1;397698;20/10/2025;101
8;1;397699;21/10/2025;101
8;1;397701;21/10/2025;101
8;1;397702;22/10/2025;101
8;1;397703;22/10/2025;101
8;1;397704;22/10/2025;101
8;1;397705;22/10/2025;101
8;1;397706;22/10/2025;101
8;1;397707;22/10/2025;101
8;1;397708;22/10/2025;101
8;1;397709;23/10/2025;101
8;1;397710;24/10/2025;103
8;1;397711;23/10/2025;101
8;1;397712;23/10/2025;101
8;1;397713;23/10/2025;101
8;1;397714;23/10/2025;101
8;1;397715;23/10/2025;101
8;1;397716;23/10/2025;101
8;1;397717;23/10/2025;101
8;1;397718;23/10/2025;101
8;1;397719;24/10/2025;101
8;1;397720;25/10/2025;101
8;1;397721;01/11/2025;101
4;1;397722;19/11/2025;101
8;1;397723;03/11/2025;101
8;1;397724;03/11/2025;101
8;1;397725;03/11/2025;101
8;1;397726;01/11/2025;101
8;1;397727;03/11/2025;901
8;1;397728;01/11/2025;101
8;1;397729;01/11/2025;101
8;1;397730;01/11/2025;101
8;1;397731;01/11/2025;101
8;1;397732;01/11/2025;101
8;1;397733;01/11/2025;101
8;1;397734;03/11/2025;101
8;1;397735;01/11/2025;101
8;1;397736;03/11/2025;101
8;1;397737;03/11/2025;101
8;1;397738;03/11/2025;101
8;1;397739;01/11/2025;101
8;1;397740;01/11/2025;101
8;1;397741;01/11/2025;101
8;1;397742;01/11/2025;101
8;1;397743;01/11/2025;101
8;1;397744;03/11/2025;101
8;1;397745;04/11/2025;101
8;1;397746;06/11/2025;101
8;1;397747;05/11/2025;101
8;1;397748;05/11/2025;101
8;1;397749;05/11/2025;101
8;1;397750;07/11/2025;101
8;1;397751;06/11/2025;101
8;1;397752;06/11/2025;101
8;1;397753;06/11/2025;101
8;1;397754;07/11/2025;101
8;1;397755;07/11/2025;101
8;1;397756;07/11/2025;101
8;1;397757;11/11/2025;101
8;1;397758;07/11/2025;101
8;1;397759;08/11/2025;101
8;1;397760;08/11/2025;101
8;1;397761;08/11/2025;101
8;1;397762;08/11/2025;101
8;1;397763;10/11/2025;101
8;1;397764;08/11/2025;101
8;1;397765;10/11/2025;101
8;1;397766;08/11/2025;101
8;1;397767;08/11/2025;101
8;1;397768;08/11/2025;101
8;1;397769;10/11/2025;101
8;1;397770;10/11/2025;101
8;1;397771;11/11/2025;101
8;1;397772;11/11/2025;101
8;1;397773;11/11/2025;101
8;1;397774;11/11/2025;101
8;1;397775;11/11/2025;101
8;1;397776;12/11/2025;101
8;1;397777;11/11/2025;103
8;1;397778;11/11/2025;101
8;1;397779;12/11/2025;101
8;1;397780;12/11/2025;101
8;1;397781;12/11/2025;103
8;1;397782;12/11/2025;101
8;1;397783;12/11/2025;103
8;1;397784;12/11/2025;101
8;1;397785;13/11/2025;101
8;1;397786;13/11/2025;101
8;1;397787;14/11/2025;101
8;1;397788;14/11/2025;101
8;1;397789;14/11/2025;101
8;1;397790;14/11/2025;101
8;1;397791;14/11/2025;101
8;1;397792;14/11/2025;101
8;1;397793;17/11/2025;103
8;1;397794;17/11/2025;101
8;1;397795;17/11/2025;101
8;1;397796;17/11/2025;101
8;1;397797;17/11/2025;101
8;1;397798;17/11/2025;101
8;1;397799;17/11/2025;101
8;1;397800;17/11/2025;101
8;1;397801;17/11/2025;103
8;1;397802;18/11/2025;101
8;1;397803;18/11/2025;101
8;1;397804;18/11/2025;101
8;1;397805;18/11/2025;101
8;1;397806;18/11/2025;101
8;1;397807;18/11/2025;101
8;1;397808;19/11/2025;101
8;1;397809;19/11/2025;101
8;1;397810;19/11/2025;101
8;1;397811;19/11/2025;101
8;1;397812;21/11/2025;101
8;1;397813;21/11/2025;101
8;1;397814;21/11/2025;101
8;1;397815;21/11/2025;101
8;1;397816;21/11/2025;101
8;1;397817;21/11/2025;101
8;1;397818;21/11/2025;101
8;1;397819;24/11/2025;101
4;1;397820;24/11/2025;101
8;1;397821;22/11/2025;101
8;1;397822;22/11/2025;101
8;1;397823;24/11/2025;901
8;1;397824;24/11/2025;101
8;1;397825;24/11/2025;101
8;1;397826;22/11/2025;101
8;1;397827;22/11/2025;101
8;1;397828;24/11/2025;101
8;1;397829;22/11/2025;101
8;1;397830;24/11/2025;101
8;1;397831;25/11/2025;101
8;1;397832;25/11/2025;101
4;1;397833;10/12/2025;101
8;1;397834;25/11/2025;101
8;1;397835;25/11/2025;101
8;1;397836;28/11/2025;103
8;1;397837;26/11/2025;103
8;1;397838;01/12/2025;101
8;1;397839;01/12/2025;101
8;1;397840;01/12/2025;101
8;1;397841;01/12/2025;101
8;1;397842;01/12/2025;101
8;1;397843;01/12/2025;101
8;1;397844;01/12/2025;101
8;1;397845;01/12/2025;101
8;1;397846;01/12/2025;101
8;1;397847;01/12/2025;101
8;1;397848;04/12/2025;103
8;1;397849;01/12/2025;101
8;1;397850;01/12/2025;101
8;1;397851;01/12/2025;101
8;1;397852;01/12/2025;101
8;1;397853;01/12/2025;101
8;1;397854;01/12/2025;101
8;1;397855;01/12/2025;101
8;1;397856;01/12/2025;101
8;1;397857;10/12/2025;101
8;1;397858;01/12/2025;103
8;1;397859;01/12/2025;101
8;1;397860;01/12/2025;101
8;1;397861;01/12/2025;101
8;1;397862;01/12/2025;101
8;1;397863;01/12/2025;101
8;1;397864;02/12/2025;101
8;1;397865;02/12/2025;101
8;1;397866;02/12/2025;101
8;1;397867;02/12/2025;101
8;1;397868;02/12/2025;101
8;1;397869;03/12/2025;101
8;1;397870;04/12/2025;101
8;1;397871;04/12/2025;101
8;1;397872;04/12/2025;101
8;1;397873;05/12/2025;101
8;1;397874;04/12/2025;101
8;1;397875;05/12/2025;101
8;1;397876;05/12/2025;101
8;1;397877;05/12/2025;101
8;1;397878;06/12/2025;101
8;1;397879;06/12/2025;101
8;1;397880;06/12/2025;101
8;1;397881;06/12/2025;101
8;1;397882;08/12/2025;101
8;1;397883;06/12/2025;101
8;1;397884;06/12/2025;101
8;1;397885;06/12/2025;101
8;1;397886;06/12/2025;101
8;1;397887;06/12/2025;101
8;1;397888;08/12/2025;101
8;1;397889;10/12/2025;101
8;1;397890;10/12/2025;101
8;1;397891;10/12/2025;101
4;1;397892;11/12/2025;101
8;1;397893;11/12/2025;101
8;1;397894;11/12/2025;101
8;1;397895;11/12/2025;101
8;1;397896;11/12/2025;101
8;1;397897;12/12/2025;101
8;1;397898;12/12/2025;101
8;1;397899;13/12/2025;101
8;1;397900;13/12/2025;101
8;1;397901;13/12/2025;101
8;1;397902;13/12/2025;101
8;1;397903;15/12/2025;103
8;1;397904;13/12/2025;101
8;1;397905;15/12/2025;103
4;1;397906;05/01/2026;101
8;1;397907;15/12/2025;103
8;1;397908;10/12/2025;103
8;1;397909;15/12/2025;103
8;1;397910;16/12/2025;101
8;1;397911;16/12/2025;101
8;1;397912;16/12/2025;101
8;1;397913;16/12/2025;101
8;1;397914;18/12/2025;101
8;1;397915;18/12/2025;101
8;1;397916;18/12/2025;101
8;1;397917;18/12/2025;101
8;1;397918;18/12/2025;101
8;1;397919;18/12/2025;101
8;1;397920;19/12/2025;101
8;1;397921;19/12/2025;101
8;1;397922;22/12/2025;101
8;1;397923;22/12/2025;101
8;1;397924;22/12/2025;101
8;1;397925;19/12/2025;101
8;1;397926;19/12/2025;101
8;1;397927;22/12/2025;101
8;1;397928;22/12/2025;103
8;1;397929;19/12/2025;101
8;1;397930;19/12/2025;101
8;1;397931;19/12/2025;101
8;1;397932;19/12/2025;101
8;1;397933;19/12/2025;101
8;1;397934;19/12/2025;101
8;1;397935;20/12/2025;101
8;1;397936;20/12/2025;101
8;1;397937;20/12/2025;101
8;1;397938;23/12/2025;101
8;1;397939;23/12/2025;101
8;1;397940;24/12/2025;101
8;1;397941;24/12/2025;101
8;1;397942;24/12/2025;101
8;1;397943;24/12/2025;101
8;1;397944;24/12/2025;101
8;1;397945;24/12/2025;101
8;1;397946;24/12/2025;101
8;1;397947;24/12/2025;101
8;1;397948;26/12/2025;101
8;1;397949;27/12/2025;101
8;1;397950;02/01/2026;101
8;1;397951;02/01/2026;101
8;1;397952;02/01/2026;101
8;1;397953;02/01/2026;101
8;1;397954;02/01/2026;101
4;1;397956;05/01/2026;101
8;1;397957;02/01/2026;101
4;1;397958;05/01/2026;101
8;1;397959;06/01/2026;101
8;1;397960;06/01/2026;101
8;1;397961;06/01/2026;101
8;1;397962;06/01/2026;101
8;1;397963;06/01/2026;101
8;1;397964;06/01/2026;101
8;1;397965;07/01/2026;101
8;1;397966;07/01/2026;103
8;1;397967;07/01/2026;101
8;1;397968;07/01/2026;101
8;1;397969;07/01/2026;101
8;1;397970;07/01/2026;101
8;1;397971;07/01/2026;101
8;1;397973;08/01/2026;101
8;1;397974;08/01/2026;101
8;1;397975;08/01/2026;101
8;1;397976;08/01/2026;101
8;1;397977;08/01/2026;101
4;1;397978;12/01/2026;101
4;1;397979;06/01/2026;101
4;1;397980;05/01/2026;101
8;1;397981;09/01/2026;101
8;1;397982;09/01/2026;101
8;1;397983;09/01/2026;101
8;1;397984;09/01/2026;101
8;1;397985;12/01/2026;101
8;1;397986;12/01/2026;103
8;1;397987;10/01/2026;101
8;1;397988;12/01/2026;103
8;1;397989;10/01/2026;101
8;1;397990;10/01/2026;101
4;1;397991;13/01/2026;101
4;1;397993;13/01/2026;101
4;1;397994;13/01/2026;101
4;1;397995;13/01/2026;101
8;1;397996;13/01/2026;101
4;1;397997;13/01/2026;101
8;1;397998;13/01/2026;103
4;1;397999;13/01/2026;101
4;1;398000;13/01/2026;101
8;1;398001;13/01/2026;101
4;1;398002;13/01/2026;101
8;1;398003;13/01/2026;101
8;1;398004;13/01/2026;101
4;1;398005;13/01/2026;101
4;1;398006;13/01/2026;101
4;1;398007;13/01/2026;101
8;1;398008;13/01/2026;101
8;1;398009;19/01/2026;101
8;1;398010;13/01/2026;101
8;1;398011;13/01/2026;101
8;1;398012;13/01/2026;101
8;1;398013;13/01/2026;101
8;1;398014;13/01/2026;101
8;1;398015;13/01/2026;901
8;1;398016;14/01/2026;101
8;1;398017;14/01/2026;101
8;1;398018;14/01/2026;101
8;1;398019;14/01/2026;101
8;1;398020;14/01/2026;101
8;1;398021;15/01/2026;101
8;1;398022;15/01/2026;101
8;1;398023;15/01/2026;101
8;1;398024;15/01/2026;101
8;1;398025;16/01/2026;101
8;1;398026;16/01/2026;101
8;1;398027;16/01/2026;101
8;1;398028;16/01/2026;101
4;1;398029;16/01/2026;101
8;1;398030;16/01/2026;101
4;1;398031;16/01/2026;101
4;1;398032;16/01/2026;101
8;1;398033;16/01/2026;101
4;1;398034;16/01/2026;101
4;1;398035;16/01/2026;101
4;1;398036;16/01/2026;101
8;1;398037;17/01/2026;101
8;1;398038;17/01/2026;101
8;1;398039;17/01/2026;101
8;1;398040;17/01/2026;101
8;1;398041;19/01/2026;103
8;1;398042;19/01/2026;103
8;1;398043;17/01/2026;101
8;1;398044;19/01/2026;101
4;1;398045;19/01/2026;101
8;1;398046;19/01/2026;101
8;1;398047;19/01/2026;901
8;1;398048;17/01/2026;101
8;1;398049;17/01/2026;101
4;1;398050;20/01/2026;101
8;1;398051;20/01/2026;101
8;1;398052;20/01/2026;101
8;1;398053;20/01/2026;101
4;1;398054;20/01/2026;101
8;1;398055;20/01/2026;101
8;1;398056;20/01/2026;103
4;1;398057;20/01/2026;101
8;1;398058;20/01/2026;103
8;1;398059;21/01/2026;101
4;1;398060;22/01/2026;101
4;1;398061;22/01/2026;101
8;1;398062;21/01/2026;101
4;1;398063;22/01/2026;101
8;1;398064;22/01/2026;101
8;1;398065;22/01/2026;101
4;1;398066;22/01/2026;101
4;1;398067;22/01/2026;101
4;1;398068;21/01/2026;101
8;1;398069;22/01/2026;101
8;1;398070;22/01/2026;101
8;1;398071;23/01/2026;101
8;1;398072;23/01/2026;101
8;1;398073;23/01/2026;101
8;1;398074;23/01/2026;103
8;1;398075;23/01/2026;901
8;1;398076;23/01/2026;901
8;1;398077;23/01/2026;901
8;1;398078;23/01/2026;101
8;1;398079;23/01/2026;901
8;1;398080;23/01/2026;901
8;1;398081;23/01/2026;901
8;1;398082;23/01/2026;901
8;1;398083;23/01/2026;101
8;1;398084;24/01/2026;101
8;1;398085;24/01/2026;101
8;1;398086;24/01/2026;101
8;1;398087;24/01/2026;101
8;1;398088;24/01/2026;101
8;1;398089;24/01/2026;101
8;1;398090;24/01/2026;101
8;1;398091;26/01/2026;101
8;1;398093;27/01/2026;101
8;1;398094;27/01/2026;101
8;1;398095;27/01/2026;101
8;1;398096;27/01/2026;101
8;1;398097;27/01/2026;101
8;1;398098;28/01/2026;101
8;1;398099;28/01/2026;101
8;1;398100;28/01/2026;101
8;1;398101;28/01/2026;101
8;1;398102;28/01/2026;101
8;1;398103;28/01/2026;101
4;1;398104;02/02/2026;101
4;1;398105;02/02/2026;101
4;1;398106;02/02/2026;101
4;1;398107;02/02/2026;101
4;1;398108;02/02/2026;101
4;1;398109;02/02/2026;101
4;1;398110;02/02/2026;101
4;1;398111;02/02/2026;101
4;1;398112;16/02/2026;101
4;1;398113;16/02/2026;101
8;1;398114;02/02/2026;101
8;1;398115;02/02/2026;101
8;1;398116;02/02/2026;101
8;1;398117;03/02/2026;101
8;1;398118;02/02/2026;101
8;1;398119;02/02/2026;101
8;1;398120;02/02/2026;101
8;1;398121;02/02/2026;101
8;1;398122;02/02/2026;101
8;1;398123;02/01/2026;101
8;1;398124;03/02/2026;101
8;1;398125;03/02/2026;101
8;1;398126;02/02/2026;101
8;1;398127;03/02/2026;101
8;1;398128;03/02/2026;101
8;1;398129;03/02/2026;101
8;1;398130;04/02/2026;901
8;1;398132;05/02/2026;101
8;1;398133;06/02/2026;101
4;1;398134;16/02/2026;101
4;1;398135;09/02/2026;101
8;1;398136;07/02/2026;101
8;1;398137;07/02/2026;101
8;1;398138;10/02/2026;101
8;1;398139;10/02/2026;101
8;1;398140;10/02/2026;101
8;1;398141;07/02/2026;101
8;1;398142;10/02/2026;101
4;1;398143;16/02/2026;101
4;1;398144;16/02/2026;101
8;1;398145;11/02/2026;101
8;1;398146;11/02/2026;101
8;1;398147;11/02/2026;101
8;1;398148;11/02/2026;101
8;1;398149;11/02/2026;101
8;1;398150;11/02/2026;101
8;1;398151;11/02/2026;101
8;1;398152;12/02/2026;101
8;1;398153;12/02/2026;101
8;1;398154;12/02/2026;101
8;1;398155;12/02/2026;101
8;1;398156;12/02/2026;101
8;1;398157;12/02/2026;101
8;1;398158;12/02/2026;101
8;1;398159;13/02/2026;101
8;1;398160;13/02/2026;101
8;1;398161;13/02/2026;101
4;1;398162;16/02/2026;101
8;1;398163;14/02/2026;101
8;1;398164;14/02/2026;101
8;1;398165;14/02/2026;101
8;1;398166;14/02/2026;101
8;1;398167;14/02/2026;101
8;1;398168;18/02/2026;101
8;1;398169;19/02/2026;101
8;1;398170;19/02/2026;101
8;1;398171;19/02/2026;101
8;1;398172;20/02/2026;101
8;1;398173;23/02/2026;101
8;1;398174;20/02/2026;101
8;1;398175;23/02/2026;101
8;1;398176;23/02/2026;101
8;1;398177;23/02/2026;101
8;1;398178;23/02/2026;101
8;1;398179;23/02/2026;101
8;1;398180;23/02/2026;101
8;1;398181;23/02/2026;101
8;1;398182;24/02/2026;101
8;1;398183;02/03/2026;101
8;1;398184;02/03/2026;901
8;1;398185;02/03/2026;101
8;1;398186;02/03/2026;101
8;1;398187;02/03/2026;901
8;1;398188;02/03/2026;901
8;1;398189;02/03/2026;901
8;1;398190;02/03/2026;901
8;1;398191;03/03/2026;901
4;1;398192;02/03/2026;101
4;1;398193;02/03/2026;101
8;1;398194;02/03/2026;101
4;1;398195;02/03/2026;101
8;1;398196;02/03/2026;101
8;1;398197;02/03/2026;101
8;1;398198;02/03/2026;901
8;1;398199;02/03/2026;901
8;1;398200;02/03/2026;101
8;1;398201;02/03/2026;101
8;1;398202;02/03/2026;101
8;1;398203;02/03/2026;101
8;1;398204;02/03/2026;101
8;1;398205;02/03/2026;101
8;1;398206;02/03/2026;101
8;1;398207;02/03/2026;101
8;1;398208;02/03/2026;101
8;1;398209;02/03/2026;101
8;1;398210;02/03/2026;101
8;1;398211;02/03/2026;101
8;1;398212;02/03/2026;101
8;1;398213;02/03/2026;101
8;1;398214;02/03/2026;101
1629;1;398215;02/03/2026;101
8;1;398216;02/03/2026;101
8;1;398217;03/03/2026;101
8;1;398218;03/03/2026;101
8;1;398219;03/03/2026;101
8;1;398220;03/03/2026;101
8;1;398221;03/03/2026;101
8;1;398222;03/03/2026;101
8;1;398223;03/03/2026;101
8;1;398224;03/03/2026;101
8;1;398225;03/03/2026;101
8;1;398226;03/03/2026;101
8;1;398227;04/03/2026;101
8;1;398228;04/03/2026;101
4;1;398229;10/03/2026;103
4;1;398230;10/03/2026;103
4;1;398231;10/03/2026;103
8;1;398232;05/03/2026;101
8;1;398233;05/03/2026;101
8;1;398234;05/03/2026;101
8;1;398235;05/03/2026;101
4;1;398236;10/03/2026;103
8;1;398237;06/03/2026;101
8;1;398238;06/03/2026;101
8;1;398239;06/03/2026;101
8;1;398240;06/03/2026;101
8;1;398241;06/03/2026;101
8;1;398242;06/03/2026;101
8;1;398243;06/03/2026;101
8;1;398244;06/03/2026;101
8;1;398245;11/03/2026;101
8;1;398246;06/03/2026;101
4;1;398247;10/03/2026;103
8;1;398248;09/03/2026;103
8;1;398249;09/03/2026;101
8;1;398250;09/03/2026;101
8;1;398251;09/03/2026;101
8;1;398252;09/03/2026;101
8;1;398253;09/03/2026;103
8;1;398254;09/03/2026;101
8;1;398255;09/03/2026;101
8;1;398256;09/03/2026;101
8;1;398257;09/03/2026;101
8;1;398258;09/03/2026;103
8;1;398259;10/03/2026;101
8;1;398260;10/03/2026;101
8;1;398261;10/03/2026;103
8;1;398262;10/03/2026;101
8;1;398263;10/03/2026;103
8;1;398264;10/03/2026;103
8;1;398265;10/03/2026;103
8;1;398266;10/03/2026;101
8;1;398267;10/03/2026;103
8;1;398268;10/03/2026;101
8;1;398269;10/03/2026;101
8;1;398270;11/03/2026;101
8;1;398271;11/03/2026;101
8;1;398272;11/03/2026;101
8;1;398273;12/03/2026;101
8;1;398274;12/03/2026;101
8;1;398275;12/03/2026;101
8;1;398276;12/03/2026;101
8;1;398277;12/03/2026;101
8;1;398278;12/03/2026;101
8;1;398279;13/03/2026;101
8;1;398280;13/03/2026;101
8;1;398281;16/03/2026;101
8;1;398282;16/03/2026;101
8;1;398283;16/03/2026;101
8;1;398284;16/03/2026;901
8;1;398285;16/03/2026;901
8;1;398286;16/03/2026;101
8;1;398287;16/03/2026;103
8;1;398288;16/03/2026;101
8;1;398289;16/03/2026;101
8;1;398290;14/03/2026;101
8;1;398291;16/03/2026;101
8;1;398292;16/03/2026;101
8;1;398293;16/03/2026;101
4;1;398294;17/03/2026;101
4;1;398295;17/03/2026;101
8;1;398296;17/03/2026;101
4;1;398297;19/03/2026;101
8;1;398298;18/03/2026;101
8;1;398299;18/03/2026;103
8;1;398300;18/03/2026;101
8;1;398301;18/03/2026;101
8;1;398302;18/03/2026;101
8;1;398303;19/03/2026;101
8;1;398304;18/03/2026;101
8;1;398305;18/03/2026;101
8;1;398306;18/03/2026;101
8;1;398308;19/03/2026;101
4;1;398309;19/03/2026;101
4;1;398310;19/03/2026;101
8;1;398311;19/03/2026;101
4;1;398312;19/03/2026;101
8;1;398313;19/03/2026;101
4;1;398314;19/03/2026;101
8;1;398315;19/03/2026;101
8;1;398316;19/03/2026;101
8;1;398317;19/03/2026;101
8;1;398318;19/03/2026;101
8;1;398319;19/03/2026;101
8;1;398320;20/03/2026;101
8;1;398321;20/03/2026;101
1629;1;398322;23/03/2026;101
8;1;398323;23/03/2026;101
8;1;398324;23/03/2026;101
8;1;398325;23/03/2026;101
8;1;398326;23/03/2026;101
8;1;398327;23/03/2026;101
8;1;398328;23/03/2026;901
8;1;398329;23/03/2026;101
8;1;398330;23/03/2026;103
8;1;398331;25/03/2026;101
8;1;398332;25/03/2026;101
8;1;398333;25/03/2026;101
4;1;398334;02/04/2026;101
8;1;398335;01/04/2026;101
8;1;398336;01/04/2026;101
8;1;398337;01/04/2026;101
8;1;398338;01/04/2026;101
8;1;398339;01/04/2026;101
8;1;398340;01/04/2026;101
8;1;398341;01/04/2026;101
8;1;398342;01/04/2026;101
8;1;398343;01/04/2026;101
8;1;398344;01/04/2026;101
8;1;398345;01/04/2026;101
8;1;398346;02/04/2026;101
8;1;398347;01/04/2026;101
8;1;398348;01/04/2026;101
4;1;398349;02/04/2026;101
8;1;398350;06/04/2026;101
8;1;398351;06/04/2026;101
8;1;398352;06/04/2026;101
8;1;398353;02/04/2026;101
8;1;398354;02/04/2026;101
8;1;398355;02/04/2026;101
8;1;398356;02/04/2026;101
8;1;398357;02/04/2026;101
8;1;398358;02/04/2026;101
8;1;398359;02/04/2026;101
8;1;398360;06/04/2026;101
282;1;398361;06/04/2026;901
8;1;398362;04/04/2026;101
8;1;398363;04/04/2026;101
8;1;398364;07/04/2026;101
8;1;398365;07/04/2026;101
8;1;398366;07/04/2026;101
8;1;398367;07/04/2026;101
8;1;398368;07/04/2026;101
8;1;398369;07/04/2026;101
8;1;398370;08/04/2026;101
8;1;398371;08/04/2026;101
8;1;398372;09/04/2026;101
8;1;398373;09/04/2026;101
8;1;398374;09/04/2026;101
8;1;398375;09/04/2026;101
8;1;398376;09/04/2026;101
8;1;398377;10/04/2026;101
8;1;398378;10/04/2026;101
8;1;398379;10/04/2026;101
8;1;398380;10/04/2026;101
8;1;398381;10/04/2026;101
8;1;398382;13/04/2026;101
8;1;398383;13/04/2026;101
8;1;398384;13/04/2026;101
8;1;398385;13/04/2026;101
8;1;398386;13/04/2026;101
8;1;398387;13/04/2026;101
8;1;398388;13/04/2026;101
8;1;398389;13/04/2026;101
8;1;398390;13/04/2026;101
8;1;398391;13/04/2026;101
8;1;398392;13/04/2026;101
8;1;398393;13/04/2026;101
8;1;398394;13/04/2026;101
8;1;398395;13/04/2026;101
8;1;398396;13/04/2026;101
8;1;398397;13/04/2026;101
8;1;398398;14/04/2026;101
8;1;398399;14/04/2026;101
8;1;398400;14/04/2026;101
8;1;398401;14/04/2026;103
8;1;398402;14/04/2026;101
8;1;398403;15/04/2026;101
8;1;398404;14/04/2026;101
8;1;398405;14/04/2026;103
8;1;398406;14/04/2026;101
8;1;398407;14/04/2026;101
8;1;398408;14/04/2026;103
8;1;398409;14/04/2026;103
8;1;398410;15/04/2026;101
8;1;398411;15/04/2026;101
8;1;398412;15/04/2026;101
8;1;398413;15/04/2026;101
8;1;398414;16/04/2026;101
8;1;398415;16/04/2026;101
8;1;398416;16/04/2026;101
8;1;398417;16/04/2026;101
8;1;398418;16/04/2026;101
8;1;398419;16/04/2026;101
8;1;398420;17/04/2026;101
8;1;398421;17/04/2026;101
8;1;398422;20/04/2026;101
8;1;398423;20/04/2026;101
8;1;398424;20/04/2026;101
8;1;398426;20/04/2026;101
8;1;398427;20/04/2026;101
8;1;398428;20/04/2026;101
8;1;398429;22/04/2026;101
8;1;398430;22/04/2026;101
